0.002132
0.015650
0.000221
0.000107
0.000099
0.013360
0.013993
0.015858
0.014118
0.014615
0.017605
0.012119
0.014985
0.016386
0.013176
0.016330
0.016144
0.012059
0.014953
0.015209
0.014577
0.014783
0.015375
0.014113
0.015006
0.015857
0.014107
0.015167
0.016361
0.014601
0.020404
0.007124
0.016749
0.013800
0.016771
0.013383
0.016592
0.011827
0.018885
0.010578
0.016474
0.017097
0.012767
0.013295
0.015109
0.015698
0.015999
0.012354
0.017490
0.015010
0.012538
0.015819
0.016134
0.012305
0.015116
0.014691
0.016570
0.014958
0.012592
0.018061
0.023640
0.031787
0.000187
0.006651
0.008539
0.020868
0.011997
0.014306
0.014159
0.018374
0.011367
0.013280
0.028705
0.003627
0.012175
0.015263
0.014269
0.014413
0.017187
0.013112
0.016076
0.013486
0.065097
0.011192
0.000232
0.000114
0.005782
0.016692
0.007022
0.014002
0.016695
0.012701
0.016734
0.012874
0.014067
0.014149
0.017241
0.013834
0.016065
0.014499
0.012742
0.015872
0.017651
0.011220
0.014982
0.029951
0.003080
0.010884
0.017599
0.013315
0.028551
0.021140
0.008148
0.005606
0.016554
0.022019
0.006022
0.013652
0.028502
0.007468
0.007460
0.013909
0.013029
0.023475
0.023816
0.009428
0.010638
0.013502
0.008076
0.015144
0.014954
0.014273
0.017492
0.018115
0.012665
0.023809
0.023835
0.011225
0.012560
0.009384
0.009293
0.009767
0.015581
0.014033
0.015262
0.014604
0.014740
0.019464
0.010919
0.014478
0.014368
0.030804
0.007554
0.009654
0.012093
0.014831
0.015998
0.013262
0.015936
0.016057
0.013923
0.015118
0.013140
0.015206
0.016949
0.013570
0.014699
0.015302
0.018342
0.009648
0.014707
0.014958
0.015188
0.015309
0.014041
0.016136
0.014714
0.017434
0.013553
0.012115
0.046778
0.003744
0.000229
0.010165
0.023607
0.092275
0.018182
0.000229
0.000107
0.000099
0.000094
0.000094
0.005186
0.018571
0.010052
0.008254
0.018640
0.011016
0.017489
0.014613
0.014040
0.014875
0.013962
0.017696
0.011202
0.015580
0.015459
0.013023
0.014793
0.014896
0.016883
0.012648
0.019491
0.010408
0.016318
0.013375
0.017160
0.012840
0.014338
0.015034
0.018331
0.013822
0.013608
0.016608
0.012695
0.015490
0.013088
0.014796
0.017447
0.012291
0.016459
0.013776
0.017847
0.012151
0.014018
0.015274
0.015258
0.015926
0.012660
0.015173
0.014602
0.014818
0.014899
0.014777
0.014800
0.016090
0.013433
0.016228
0.020198
0.009101
0.013983
0.019941
0.010869
0.013603
0.014838
0.016693
0.014286
0.016688
0.012833
0.015249
0.013816
0.019962
0.009962
0.013981
0.015239
0.016315
0.012858
0.022605
0.007318
0.015786
0.014112
0.014487
0.018470
0.024842
0.003960
0.016529
0.011340
0.043941
0.007296
0.000226
0.016908
0.007270
0.012356
0.015964
0.017942
0.011116
0.017326
0.012069
0.016940
0.020003
0.009280
0.038213
0.004341
0.026813
0.004825
0.000241
0.012571
0.014857
0.017426
0.017045
0.010235
0.016417
0.014561
0.013279
0.015147
0.016946
0.015053
0.017300
0.012017
0.016455
0.011305
0.014394
0.015017
0.014320
0.015002
0.015285
0.014830
0.014413
0.016998
0.014575
0.012781
0.022534
0.014609
0.007933
0.014329
0.014865
0.014998
0.014556
0.043483
0.006627
0.000228
0.010199
0.035049
0.012720
0.007130
0.007852
0.012342
0.012714
0.018727
0.011681
0.014095
0.017681
0.011783
0.015303
0.020069
0.009599
0.015343
0.014888
0.024469
0.007098
0.013704
0.017407
0.010872
0.014501
0.019309
0.013432
0.014559
0.012984
0.014252
0.016068
0.016109
0.012517
0.015303
0.013856
0.021740
0.010761
0.013893
0.013824
0.019053
0.010632
0.014472
0.015744
0.014296
0.015250
0.013667
0.014755
0.015774
0.014174
0.014720
0.014802
0.017174
0.012850
0.015144
0.055392
0.012492
0.000262
0.000117
0.005259
0.016582
0.013130
0.017351
0.014690
0.012867
0.018502
0.013133
0.025710
0.009388
0.030986
0.006687
0.000234
0.013746
0.014708
0.015347
0.015715
0.013515
0.014778
0.016515
0.013515
0.015427
0.015193
0.020593
0.007818
0.014803
0.015176
0.014551
0.014621
0.016968
0.013866
0.015899
0.012617
0.014834
0.015763
0.019032
0.010684
0.014490
0.018209
0.011533
0.014332
0.014826
0.015541
0.015922
0.018224
0.010496
0.015506
0.014613
0.014349
0.014299
0.018604
0.018110
0.011939
0.010753
0.033331
0.019501
0.003488
0.007424
0.010572
0.038807
0.003158
0.002965
0.015568
0.015593
0.015717
0.024132
0.012469
0.004873
0.014749
0.014787
0.014580
0.015930
0.017374
0.012443
0.017105
0.012487
0.015502
0.013529
0.015050
0.024605
0.012638
0.008922
0.013603
0.016581
0.014381
0.012697
0.016320
0.105138
0.012911
0.000226
0.000122
0.000119
0.000100
0.000099
0.006078
0.008743
0.017117
0.013646
0.020765
0.006762
0.017883
0.015978
0.010251
0.016396
0.027117
0.013546
0.010527
0.013519
0.009655
0.016696
0.011534
0.014981
0.024159
0.005680
0.014229
0.015016
0.015138
0.014382
0.015920
0.015364
0.015990
0.012446
0.014908
0.014654
0.014483
0.016771
0.014497
0.013904
0.015701
0.020921
0.007717
0.017619
0.012248
0.014330
0.014721
0.018767
0.014432
0.016761
0.010495
0.014203
0.015489
0.015453
0.014024
0.016105
0.013449
0.014378
0.014809
0.015794
0.013918
0.016882
0.013796
0.015511
0.013185
0.034526
0.036500
0.012085
0.000307
0.000125
0.014139
0.009637
0.013793
0.017676
0.011670
0.022452
0.005722
0.014116
0.014869
0.017129
0.013955
0.019668
0.011133
0.012260
0.015134
0.024333
0.014681
0.010764
0.011407
0.026412
0.010587
0.016096
0.006631
0.012675
0.015883
0.014602
0.014432
0.016868
0.012610
0.017417
0.019924
0.009409
0.011789
0.015316
0.016503
0.014030
0.014006
0.025480
0.012726
0.006774
0.013749
0.017616
0.011990
0.016472
0.016404
0.012207
0.014215
0.015924
0.018845
0.013410
0.042496
0.012842
0.000231
0.004094
0.012943
0.015166
0.016037
0.011376
0.018046
0.024055
0.003853
0.013288
0.015447
0.015851
0.017646
0.010561
0.016844
0.012846
0.016731
0.015764
0.011737
0.019359
0.010794
0.015653
0.022558
0.007555
0.013169
0.016426
0.015792
0.012164
0.017705
0.014922
0.012388
0.043805
0.010911
0.000236
0.005615
0.013130
0.014714
0.016215
0.013484
0.016756
0.023438
0.013612
0.008642
0.012759
0.013830
0.014843
0.015315
0.019887
0.009446
0.022706
0.043606
0.018403
0.000245
0.000132
0.010671
0.009452
0.013812
0.014825
0.016343
0.018420
0.115010
0.000257
0.007927
0.000235
0.000115
0.000111
0.000119
0.000104
0.006308
0.014615
0.013176
0.016811
0.015914
0.011407
0.015307
0.014861
0.014187
0.014867
0.019043
0.010881
0.021413
0.007891
0.018954
0.011513
0.016148
0.014248
0.013191
0.049643
0.008023
0.000232
0.006411
0.061722
0.008842
0.000234
0.000115
0.000107
0.030513
0.022562
0.028797
0.000232
0.005664
0.011418
0.011191
0.008568
0.031291
0.023792
0.006716
0.000232
0.012319
0.019808
0.007539
0.016152
0.026908
0.018073
0.003876
0.009207
0.015105
0.015578
0.016122
0.016464
0.012093
0.013512
0.014822
0.018588
0.014546
0.014156
0.014559
0.085450
0.029924
0.000258
0.000120
0.000106
0.000104
0.005781
0.000235
0.009421
0.014601
0.014882
0.016988
0.012675
0.021733
0.010677
0.021363
0.007028
0.015177
0.025451
0.009321
0.007764
0.017168
0.012927
0.016741
0.013892
0.013553
0.014705
0.016814
0.018150
0.011762
0.015559
0.012435
0.021871
0.007678
0.016145
0.017879
0.010358
0.017669
0.016493
0.010477
0.014850
0.019074
0.019170
0.010255
0.013409
0.013422
0.023059
0.008132
0.026801
0.015522
0.010985
0.004416
0.014035
0.014968
0.014942
0.020201
0.011271
0.012682
0.015128
0.016935
0.018835
0.026689
0.019458
0.006499
0.003586
0.023467
0.006046
0.011370
0.034772
0.000249
0.016274
0.019312
0.007480
0.011142
0.016267
0.013171
0.016369
0.013441
0.015011
0.018800
0.010492
0.017778
0.015929
0.012192
0.013547
0.017030
0.013974
0.016482
0.013776
0.012943
0.015119
0.014606
0.026049
0.004104
0.017590
0.022401
0.011619
0.017191
0.011289
0.012848
0.015561
0.010621
0.016787
0.012469
0.017602
0.012141
0.024152
0.005438
0.014554
0.014792
0.015537
0.014976
0.014689
0.020991
0.007834
0.015002
0.015621
0.019141
0.011445
0.016162
0.012485
0.016707
0.015082
0.012008
0.014769
0.016572
0.015074
0.012770
0.017068
0.013116
0.015592
0.014563
0.014808
0.015254
0.014786
0.014491
0.014071
0.027633
0.022569
0.000250
0.009973
0.014629
0.013978
0.015727
0.016468
0.022598
0.005227
0.031402
0.008764
0.004753
0.014087
0.016344
0.015637
0.031829
0.131667
0.013141
0.000240
0.000119
0.000108
0.000105
0.000103
0.000101
0.000101
0.000101
0.000103
0.013244
0.014262
0.016059
0.013498
0.014996
0.014869
0.014851
0.016025
0.015165
0.013453
0.014708
0.016554
0.015044
0.013871
0.014110
0.017626
0.040507
0.000238
0.006413
0.011992
0.011870
0.014815
0.015463
0.016258
0.041596
0.009105
0.000244
0.011589
0.016351
0.008720
0.016441
0.012792
0.018757
0.012574
0.013564
0.016337
0.013485
0.017482
0.037431
0.008363
0.000243
0.010293
0.020736
0.009322
0.019450
0.040678
0.012632
0.000202
0.005826
0.010381
0.014621
0.016759
0.027700
0.006947
0.039570
0.011291
0.000252
0.006212
0.009445
0.015161
0.014563
0.018472
0.011594
0.018580
0.021223
0.009445
0.009722
0.016985
0.049689
0.014268
0.000238
0.000119
0.008342
0.014682
0.015837
0.016249
0.011932
0.015594
0.014121
0.015836
0.016340
0.025377
0.005464
0.013994
0.013154
0.020316
0.008857
0.014403
0.014717
0.167908
0.010492
0.000238
0.000116
0.000112
0.000106
0.000102
0.000100
0.000101
0.000100
0.000101
0.018896
0.006087
0.013683
0.025721
0.010182
0.005073
0.011327
0.022090
0.007806
0.053224
0.199431
0.000243
0.000121
0.008735
0.000243
0.000119
0.000106
0.000104
0.000102
0.000100
0.000101
0.000101
0.000100
0.000102
0.000100
0.000102
0.011631
0.020475
0.025647
0.002960
0.000179
0.013109
0.018136
0.015951
0.012056
0.016271
0.013547
0.017215
0.010931
0.020585
0.008940
0.039422
0.025591
0.012086
0.000245
0.000124
0.012615
0.016172
0.015488
0.012042
0.016239
0.014382
0.103481
0.015838
0.000235
0.000116
0.000107
0.000108
0.000136
0.004435
0.012726
0.010427
0.028304
0.008451
0.010109
0.015600
0.040359
0.086110
0.000238
0.058158
0.000251
0.000135
0.000110
0.000106
0.000105
0.012858
0.000245
0.000122
0.000118
0.005802
0.015108
0.013926
0.014952
0.014801
0.020614
0.008605
0.080766
0.012096
0.000246
0.000121
0.000110
0.000107
0.015361
0.010179
0.026469
0.003827
0.015221
0.018778
0.011537
0.012752
0.015954
0.017282
0.013042
0.013283
0.015848
0.013820
0.014390
0.018463
0.011617
0.018639
0.013996
0.029940
0.003126
0.011125
0.018216
0.014787
0.012349
0.013559
0.053249
0.011179
0.000238
0.000127
0.008100
0.014160
0.025100
0.027997
0.012391
0.015984
0.015066
0.012388
0.017284
0.000243
0.009057
0.018483
0.011717
0.012470
0.018453
0.012167
0.015550
0.018694
0.044848
0.018331
0.000249
0.009518
0.000245
0.009907
0.014881
0.016460
0.019203
0.009347
0.013986
0.015186
0.050738
0.014851
0.000248
0.019723
0.000247
0.003298
0.046151
0.021568
0.000242
0.000121
0.007974
0.019127
0.008505
0.015813
0.013731
0.017489
0.013226
0.024408
0.007988
0.011838
0.032134
0.028781
0.010422
0.000253
0.006668
0.009952
0.014905
0.015125
0.017052
0.015317
0.013983
0.015228
0.015999
0.010870
0.021407
0.029395
0.013835
0.011885
0.019955
0.099794
0.008559
0.000239
0.000120
0.000109
0.000106
0.000105
0.000106
0.005827
0.014687
0.019459
0.012392
0.012615
0.012688
0.016519
0.015112
0.011650
0.024297
0.015484
0.011230
0.022747
0.013925
0.012590
0.010701
0.011942
0.010701
0.044009
0.006003
0.000257
0.009428
0.017593
0.022891
0.004599
0.021771
0.024411
0.005276
0.011269
0.056683
0.024699
0.000244
0.000124
0.012393
0.000245
0.005350
0.017199
0.012191
0.047950
0.006637
0.000251
0.011592
0.011957
0.011686
0.016627
0.028183
0.057911
0.007214
0.000254
0.000136
0.000118
0.007365
0.022319
0.008764
0.015682
0.031667
0.007021
0.006161
0.012080
0.016221
0.015994
0.036760
0.006765
0.000258
0.026880
0.005414
0.011835
0.016646
0.059439
0.008281
0.000244
0.000163
0.005125
0.012894
0.017915
0.011423
0.021841
0.008869
0.019400
0.010572
0.014689
0.013781
0.018193
0.024160
0.025664
0.006536
0.005452
0.013286
0.014174
0.028702
0.072191
0.007781
0.000188
0.000080
0.000072
0.000069
0.013297
0.007928
0.018682
0.013693
0.026597
0.009496
0.008032
0.017464
0.062964
0.011419
0.000245
0.000122
0.000115
0.009192
0.014433
0.014894
0.017763
0.013085
0.016097
0.015097
0.012579
0.016157
0.047102
0.013541
0.000244
0.000124
0.021453
0.005581
0.015135
0.014869
0.014439
0.014205
0.015927
0.016778
0.013435
0.013876
0.016662
0.019279
0.013586
0.011784
0.012635
0.015949
0.013391
0.042780
0.010955
0.000221
0.012458
0.033928
0.008161
0.018773
0.012837
0.000256
0.009573
0.021572
0.006584
0.014690
0.014899
0.048363
0.051103
0.000246
0.007291
0.000252
0.000123
0.000115
0.015420
0.034188
0.011648
0.006136
0.045322
0.011344
0.000224
0.000148
0.073372
0.025575
0.000264
0.000125
0.000112
0.000109
0.017828
0.003027
0.006471
0.014356
0.022159
0.012873
0.012623
0.011166
0.014426
0.019821
0.009245
0.016670
0.018836
0.008792
0.017107
0.012612
0.021917
0.010178
0.012476
0.033831
0.016258
0.010676
0.000302
0.012785
0.022985
0.006654
0.020760
0.009774
0.019941
0.010754
0.015380
0.013234
0.017150
0.013765
0.020110
0.008854
0.012837
0.015406
0.014563
0.017669
0.014161
0.015688
0.011937
0.016657
0.018917
0.012810
0.010810
0.014651
0.014850
0.017978
0.011677
0.016500
0.013332
0.015431
0.014774
0.014811
0.015587
0.013836
0.015318
0.020433
0.008698
0.015653
0.017483
0.014346
0.011785
0.014649
0.015466
0.014272
0.014945
0.018903
0.012797
0.014755
0.019386
0.009434
0.013559
0.014612
0.018431
0.012857
0.018267
0.010120
0.025331
0.007072
0.020506
0.010163
0.010826
0.015823
0.015507
0.013910
0.016283
0.021264
0.009161
0.018272
0.008840
0.016392
0.014371
0.013659
0.016890
0.015340
0.011832
0.014982
0.015638
0.016250
0.014749
0.014580
0.012759
0.016197
0.015996
0.016420
0.013597
0.012036
0.017282
0.013452
0.015101
0.013933
0.019567
0.010807
0.014681
0.016916
0.016430
0.011521
0.015090
0.013630
0.014516
0.018721
0.015845
0.027507
0.014855
0.000258
0.013334
0.014830
0.016351
0.016559
0.010965
0.015370
0.013347
0.016741
0.012909
0.019258
0.011033
0.015336
0.015156
0.013105
0.018764
0.013689
0.024893
0.018660
0.014903
0.022284
0.000248
0.005892
0.014624
0.020104
0.028652
0.006182
0.014001
0.022660
0.046081
0.010839
0.000249
0.000127
0.005903
0.009701
0.013543
0.015047
0.014194
0.019923
0.009726
0.014803
0.015093
0.014608
0.014954
0.015597
0.014850
0.014454
0.014152
0.016401
0.024420
0.023629
0.005680
0.004007
0.018553
0.011734
0.014822
0.015192
0.013879
0.016258
0.015480
0.013206
0.015031
0.014435
0.015616
0.069060
0.010221
0.000248
0.000125
0.000116
0.010534
0.021423
0.015459
0.006020
0.014394
0.014585
0.017490
0.012616
0.017605
0.011886
0.015702
0.020172
0.008374
0.014947
0.016914
0.013031
0.017026
0.041023
0.009762
0.000252
0.026734
0.004006
0.008031
0.019773
0.031304
0.008380
0.006222
0.009407
0.013561
0.022442
0.062793
0.000248
0.000125
0.000117
0.008791
0.006333
0.015518
0.016360
0.012715
0.018861
0.012027
0.015370
0.017489
0.013592
0.011654
0.015913
0.017526
0.013537
0.015766
0.011747
0.016467
0.012758
0.015551
0.017238
0.012206
0.015282
0.015460
0.017184
0.020148
0.006307
0.066798
0.000251
0.000126
0.000117
0.006736
0.015241
0.014302
0.016480
0.012967
0.042555
0.005544
0.000249
0.011219
0.015824
0.013670
0.015522
0.014892
0.017059
0.011738
0.017513
0.012844
0.014432
0.016629
0.018935
0.008786
0.019305
0.042470
0.016140
0.000250
0.012715
0.019400
0.007570
0.005906
0.009858
0.018290
0.013361
0.014844
0.019043
0.010495
0.021067
0.007350
0.017833
0.011687
0.015844
0.014935
0.013465
0.016145
0.016062
0.013834
0.018750
0.013908
0.039923
0.007805
0.000192
0.007789
0.021921
0.009070
0.012489
0.016936
0.015192
0.012493
0.014718
0.015068
0.014602
0.016755
0.017891
0.012061
0.013733
0.013823
0.015565
0.014910
0.013939
0.015860
0.018650
0.010625
0.014309
0.027368
0.004131
0.014324
0.015250
0.015185
0.014753
0.013268
0.019221
0.010803
0.015426
0.013673
0.015156
0.014955
0.014205
0.015456
0.014253
0.021366
0.008607
0.016907
0.013820
0.014259
0.016150
0.013947
0.013933
0.018095
0.011351
0.015562
0.014478
0.016711
0.013097
0.028349
0.007632
0.011871
0.011105
0.019932
0.009738
0.014856
0.014781
0.014843
0.014876
0.015192
0.014193
0.015283
0.014417
0.016575
0.013063
0.014955
0.016181
0.013561
0.014845
0.022215
0.024208
0.014848
0.008394
0.013752
0.007687
0.013100
0.020908
0.013481
0.014969
0.015119
0.009513
0.014887
0.016484
0.025572
0.005960
0.014226
0.012432
0.017198
0.012954
0.017033
0.024335
0.009187
0.007645
0.018784
0.011266
0.014257
0.014903
0.015414
0.015194
0.017030
0.012133
0.017081
0.013123
0.015216
0.021751
0.016185
0.006830
0.013054
0.020529
0.017682
0.007133
0.017731
0.012164
0.016889
0.012163
0.022269
0.012950
0.009497
0.015485
0.016986
0.012121
0.014761
0.015159
0.014651
0.014365
0.016660
0.013921
0.017561
0.033140
0.003632
0.006889
0.013324
0.015584
0.015063
0.012695
0.014337
0.015713
0.015747
0.013335
0.018507
0.013622
0.013071
0.016161
0.013248
0.016425
0.020332
0.018073
0.020099
0.009834
0.012597
0.010145
0.012991
0.013971
0.013810
0.015347
0.013990
0.015362
0.015520
0.013451
0.015980
0.015698
0.016165
0.011822
0.014578
0.015716
0.014521
0.035762
0.005377
0.010830
0.011841
0.011986
0.013742
0.015692
0.013764
0.015225
0.014047
0.020006
0.011049
0.013155
0.014383
0.015679
0.023926
0.006517
0.016214
0.013459
0.020575
0.009795
0.018006
0.016314
0.008350
0.014486
0.032349
0.003005
0.012192
0.012144
0.018557
0.011625
0.018968
0.012527
0.013068
0.016130
0.013636
0.033758
0.014731
0.000265
0.010966
0.013556
0.015504
0.016352
0.020197
0.013425
0.011118
0.015085
0.012283
0.014949
0.014871
0.016209
0.014394
0.017594
0.020567
0.010109
0.010125
0.017494
0.013351
0.015650
0.013252
0.014365
0.019280
0.010290
0.016379
0.013423
0.015795
0.014308
0.017364
0.012783
0.022108
0.011499
0.009623
0.014477
0.023393
0.007247
0.015006
0.015419
0.013533
0.016800
0.012525
0.018435
0.011032
0.015712
0.014919
0.020754
0.009502
0.013607
0.021815
0.009407
0.013230
0.015093
0.014625
0.015453
0.014361
0.015375
0.015911
0.016523
0.036781
0.004083
0.003798
0.012786
0.013456
0.014775
0.015320
0.015676
0.014510
0.014795
0.014111
0.020677
0.010078
0.013258
0.014771
0.016740
0.013634
0.015366
0.014056
0.014802
0.020596
0.009263
0.015031
0.013965
0.015396
0.014129
0.015070
0.014579
0.015146
0.016222
0.016079
0.012911
0.014528
0.014141
0.016580
0.018157
0.011419
0.017825
0.028846
0.008177
0.003416
0.014877
0.015706
0.166607
0.009895
0.000252
0.000129
0.000124
0.000116
0.000115
0.000114
0.000114
0.000113
0.000114
0.008612
0.010088
0.029497
0.020625
0.012118
0.000257
0.007099
0.021887
0.016677
0.005783
0.014526
0.020626
0.041118
0.020214
0.000264
0.000145
0.006927
0.014904
0.016518
0.014728
0.018734
0.009541
0.018661
0.014261
0.013849
0.014486
0.012629
0.016728
0.016289
0.013526
0.014449
0.015184
0.014394
0.013537
0.030750
0.006929
0.009938
0.023804
0.008154
0.009870
0.029117
0.006870
0.014012
0.013216
0.010126
0.018411
0.020660
0.009840
0.012268
0.015156
0.012620
0.015989
0.013620
0.015323
0.018046
0.010972
0.023869
0.007346
0.039294
0.006071
0.000266
0.015538
0.020215
0.015140
0.006194
0.018848
0.011951
0.017511
0.015640
0.014781
0.013305
0.017774
0.010761
0.012875
0.015199
0.015926
0.013980
0.014639
0.020371
0.011900
0.014263
0.023523
0.008660
0.009959
0.023236
0.029348
0.034749
0.006915
0.000255
0.000131
0.013257
0.013029
0.023961
0.004647
0.015682
0.012801
0.015359
0.026395
0.011711
0.006513
0.022994
0.030149
0.019221
0.005924
0.000250
0.015103
0.012029
0.020106
0.021277
0.048193
0.012669
0.000266
0.000145
0.012381
0.008347
0.008889
0.014327
0.015337
0.013559
0.018135
0.012907
0.016834
0.012494
0.015503
0.014023
0.017524
0.012444
0.058366
0.013407
0.000256
0.000130
0.007549
0.018634
0.005187
0.014555
0.016625
0.012423
0.016897
0.013093
0.015073
0.014951
0.016372
0.014101
0.015278
0.015434
0.020698
0.022122
0.010372
0.007154
0.012526
0.019572
0.009755
0.017255
0.014259
0.012356
0.016545
0.017547
0.010731
0.014623
0.018350
0.011243
0.016676
0.014770
0.021502
0.023618
0.016021
0.012287
0.006419
0.031525
0.008798
0.011477
0.011434
0.011743
0.010083
0.011575
0.018980
0.011014
0.033534
0.006707
0.007748
0.014427
0.011907
0.015410
0.013931
0.015495
0.021953
0.032121
0.010662
0.000272
0.012448
0.011675
0.015339
0.024937
0.008067
0.015975
0.010650
0.015761
0.015741
0.012855
0.013590
0.014996
0.020239
0.015628
0.028106
0.007589
0.003242
0.014580
0.021560
0.030539
0.008103
0.017386
0.035859
0.088130
0.000262
0.009983
0.000260
0.000130
0.000122
0.000119
0.000117
0.000118
0.033023
0.007797
0.017695
0.000258
0.032645
0.003958
0.003832
0.014595
0.014079
0.019621
0.009953
0.019841
0.009980
0.028137
0.003745
0.014037
0.025751
0.012454
0.005990
0.013992
0.015267
0.020137
0.017559
0.005884
0.016709
0.014294
0.013707
0.015542
0.016213
0.024304
0.010719
0.010240
0.042934
0.012593
0.000272
0.011241
0.011302
0.008085
0.014969
0.014811
0.018533
0.012266
0.013076
0.016192
0.014429
0.014777
0.014849
0.014969
0.017298
0.018192
0.021151
0.005356
0.019152
0.023223
0.007188
0.007637
0.013532
0.014630
0.015627
0.016712
0.016753
0.012885
0.012764
0.015658
0.129920
0.012789
0.000265
0.000132
0.000122
0.000119
0.000123
0.000116
0.000117
0.018403
0.015263
0.010498
0.009540
0.011973
0.011861
0.017821
0.015018
0.011792
0.016215
0.018509
0.012906
0.014417
0.026572
0.012434
0.008158
0.014071
0.012037
0.014848
0.017987
0.011679
0.013324
0.016506
0.018139
0.010536
0.014176
0.014700
0.014764
0.017700
0.012899
0.068880
0.019664
0.000265
0.000146
0.000126
0.007737
0.008244
0.016196
0.014574
0.011585
0.015102
0.047208
0.011687
0.000259
0.018327
0.010627
0.009190
0.023858
0.017494
0.009264
0.014436
0.022457
0.003248
0.005475
0.013446
0.015237
0.014614
0.015712
0.021558
0.014439
0.007490
0.014817
0.016232
0.015634
0.015463
0.017359
0.055903
0.019083
0.000269
0.000136
0.009861
0.010632
0.006077
0.016677
0.009471
0.019561
0.012279
0.023640
0.009324
0.011562
0.021853
0.006206
0.014275
0.016574
0.016210
0.013929
0.019775
0.008298
0.027405
0.006184
0.012990
0.015351
0.011577
0.020610
0.012013
0.012354
0.015049
0.026607
0.036201
0.010389
0.000265
0.046427
0.020787
0.000260
0.000195
0.011931
0.003568
0.008641
0.012388
0.017199
0.014141
0.015693
0.066064
0.018450
0.000258
0.000133
0.000124
0.026736
0.029030
0.000270
0.012376
0.000264
0.010278
0.017430
0.009391
0.014368
0.019012
0.010215
0.015603
0.014207
0.018468
0.012022
0.020707
0.009041
0.016413
0.020456
0.028741
0.023694
0.000269
0.003558
0.057236
0.009495
0.000255
0.000134
0.007380
0.016976
0.009974
0.012121
0.016856
0.016375
0.010956
0.014638
0.018268
0.033133
0.019405
0.011583
0.000259
0.014120
0.007245
0.018870
0.014552
0.011072
0.015093
0.014769
0.014683
0.021637
0.018599
0.015414
0.004472
0.041440
0.006850
0.000261
0.011140
0.014710
0.013843
0.014603
0.019986
0.010266
0.015263
0.014396
0.016472
0.046091
0.004981
0.000271
0.007464
0.017861
0.034666
0.004951
0.045799
0.013156
0.000321
0.000137
0.004400
0.011965
0.045374
0.019131
0.000260
0.007031
0.034496
0.017101
0.000261
0.000135
0.008448
0.014656
0.015357
0.018357
0.017895
0.010811
0.013687
0.014197
0.014522
0.015533
0.014627
0.014204
0.014267
0.019725
0.010445
0.018056
0.017363
0.008482
0.016207
0.013293
0.020299
0.024601
0.016451
0.012302
0.006665
0.017516
0.006734
0.016096
0.016143
0.018187
0.009734
0.013525
0.024021
0.010767
0.010245
0.017085
0.015173
0.075954
0.016081
0.000267
0.000136
0.000125
0.000124
0.008611
0.023688
0.068186
0.011033
0.000271
0.000135
0.000128
0.005998
0.027125
0.008788
0.010022
0.009911
0.017690
0.010370
0.017551
0.011729
0.014607
0.060528
0.030830
0.000261
0.000135
0.004119
0.000265
0.012336
0.012484
0.016924
0.015896
0.010525
0.013329
0.015069
0.050116
0.018005
0.000261
0.000138
0.008801
0.015291
0.012799
0.014439
0.029225
0.011154
0.006976
0.011559
0.021352
0.008915
0.013597
0.015379
0.024401
0.010683
0.009842
0.014069
0.014788
0.014809
0.733377
0.000279
0.000231
0.000150
0.000130
0.000123
0.000122
0.000120
0.000120
0.000118
0.000120
0.000119
0.000118
0.000118
0.000120
0.008137
0.000262
0.000136
0.000126
0.000122
0.000126
0.000123
0.000120
0.000121
0.000119
0.000118
0.000118
0.000119
0.000119
0.000118
0.000118
0.000118
0.000119
0.000118
0.000119
0.000118
0.000118
0.000118
0.000119
0.000118
0.000118
0.000120
0.000120
0.000119
0.000118
0.000118
0.000124
0.000092
0.000094
0.008736
0.003524
0.016941
0.010171
0.014584
0.017796
0.016062
0.016905
0.017585
0.005800
0.017579
0.012526
0.014123
0.015361
0.016456
0.013612
0.014375
0.017430
0.015418
0.011731
0.014869
0.018309
0.015236
0.012406
0.013576
0.016684
0.013081
0.014455
0.017669
0.011335
0.014998
0.014899
0.014825
0.017421
0.012188
0.016014
0.013729
0.015381
0.017932
0.011568
0.016900
0.015515
0.012182
0.015480
0.014741
0.016042
0.027405
0.023478
0.007907
0.007795
0.007054
0.013894
0.027094
0.014222
0.008127
0.022924
0.014855
0.003883
0.012596
0.014486
0.023463
0.014467
0.015110
0.009877
0.016115
0.011729
0.021511
0.013944
0.011629
0.015492
0.014156
0.015107
0.016875
0.024094
0.009136
0.007288
0.024136
0.022810
0.006601
0.003464
0.015734
0.017279
0.010927
0.017388
0.013422
0.013917
0.014560
0.015562
0.015189
0.029098
0.005242
0.011624
0.015709
0.013490
0.014738
0.015942
0.021703
0.009037
0.011821
0.014884
0.017820
0.012472
0.015820
0.017173
0.011314
0.013854
0.016783
0.015141
0.014568
0.013887
0.031172
0.007195
0.008095
0.014378
0.021774
0.010741
0.009910
0.014236
0.018447
0.016099
0.019536
0.011891
0.013092
0.018252
0.014978
0.007840
0.015650
0.012366
0.014743
0.017586
0.016397
0.010347
0.014658
0.015333
0.014725
0.015164
0.017243
0.012695
0.018055
0.012521
0.014194
0.015069
0.018615
0.012710
0.013081
0.017250
0.012473
0.013811
0.014916
0.016612
0.013526
0.014440
0.017026
0.016345
0.014945
0.011259
0.021912
0.007902
0.015087
0.016745
0.013516
0.014383
0.014766
0.013548
0.017345
0.016205
0.010674
0.031815
0.007157
0.006735
0.016737
0.011855
0.017285
0.012918
0.015573
0.014456
0.016305
0.014305
0.017942
0.012736
0.012179
0.018618
0.012580
0.026073
0.007187
0.009828
0.019888
0.010869
0.013917
0.014602
0.014780
0.014738
0.015153
0.014727
0.017067
0.019364
0.007810
0.023126
0.010122
0.016041
0.011395
0.014164
0.023816
0.010253
0.012721
0.021720
0.011297
0.013911
0.012746
0.019150
0.007144
0.015354
0.020798
0.009533
0.015792
0.016689
0.010760
0.014906
0.019297
0.017973
0.015003
0.009133
0.040241
0.012049
0.000268
0.037438
0.013391
0.000273
0.006289
0.017724
0.007200
0.013044
0.013130
0.016915
0.013497
0.016553
0.012667
0.014156
0.015561
0.020068
0.021413
0.003775
0.014927
0.015381
0.013232
0.014539
0.015741
0.021141
0.020010
0.008900
0.014517
0.008618
0.015584
0.015761
0.016462
0.012743
0.019070
0.010556
0.015241
0.013211
0.016811
0.015238
0.013873
0.013357
0.015857
0.015862
0.018073
0.010049
0.015989
0.015028
0.013288
0.016355
0.015669
0.033472
0.007373
0.002805
0.019483
0.010588
0.014037
0.013840
0.014352
0.020217
0.009981
0.019737
0.030756
0.014406
0.004721
0.007302
0.014154
0.021576
0.011412
0.009186
0.016267
0.023460
0.142659
0.008846
0.000268
0.000137
0.000128
0.000124
0.000123
0.000122
0.000123
0.000123
0.007948
0.009742
0.013352
0.014634
0.014361
0.277849
0.007286
0.000269
0.000137
0.000138
0.000126
0.000124
0.000124
0.000122
0.000123
0.000122
0.000123
0.000122
0.000122
0.000122
0.000123
0.002042
0.000266
0.000143
0.007178
0.015120
0.014482
0.014626
0.014859
0.014841
0.015412
0.015996
0.013293
0.017071
0.014680
0.029099
0.004013
0.014522
0.018903
0.005370
0.014727
0.044750
0.023017
0.000263
0.000141
0.006287
0.014666
0.015602
0.014553
0.015924
0.013726
0.017703
0.013407
0.013777
0.014026
0.016719
0.020474
0.008275
0.014701
0.014698
0.017610
0.053572
0.008307
0.000268
0.000141
0.010349
0.014210
0.017696
0.015102
0.011349
0.028158
0.006480
0.008873
0.017794
0.300496
0.000779
0.000257
0.000139
0.000131
0.000126
0.000124
0.000124
0.000123
0.000140
0.000123
0.000123
0.000123
0.000122
0.000124
0.023821
0.000272
0.000138
0.000130
0.000134
0.000196
0.039312
0.000282
0.038447
0.000279
0.000142
0.000134
0.019428
0.008149
0.009948
0.020898
0.007508
0.014933
0.021817
0.007659
0.015322
0.014274
0.014925
0.014826
0.016103
0.015102
0.013616
0.016476
0.013340
0.014358
0.015107
0.014748
0.019527
0.010345
0.020609
0.008636
0.016717
0.015337
0.012470
0.017152
0.012974
0.014499
0.017074
0.015468
0.012316
0.014744
0.014905
0.015939
0.016401
0.013188
0.015671
0.013050
0.023076
0.007454
0.014155
0.014302
0.018940
0.011392
0.015155
0.019295
0.019571
0.017109
0.003222
0.081558
0.009809
0.000270
0.000140
0.000133
0.010308
0.004175
0.012071
0.015349
0.014236
0.019519
0.013418
0.014046
0.014935
0.013740
0.013729
0.015299
0.013803
0.017475
0.020995
0.016142
0.025256
0.010035
0.007949
0.007254
0.013726
0.016963
0.012348
0.015507
0.020404
0.009158
0.017947
0.015127
0.010906
0.015718
0.013928
0.020293
0.015486
0.022070
0.009950
0.006795
0.015956
0.014591
0.014565
0.015833
0.024176
0.010431
0.009734
0.016250
0.011646
0.020864
0.011165
0.016281
0.012394
0.015154
0.013599
0.018190
0.013759
0.012084
0.015311
0.014400
0.016314
0.013400
0.014690
0.020842
0.012303
0.022580
0.007029
0.014072
0.014158
0.013537
0.015215
0.014029
0.015208
0.024257
0.008667
0.011105
0.015090
0.092228
0.012891
0.000274
0.000143
0.000132
0.000132
0.040256
0.015040
0.000289
0.000147
0.013521
0.016026
0.007447
0.035215
0.014630
0.006147
0.000275
0.014473
0.012354
0.031736
0.039017
0.009590
0.000269
0.000142
0.010819
0.012888
0.026214
0.011479
0.006907
0.015804
0.014121
0.016459
0.025468
0.007520
0.008814
0.016598
0.013478
0.017812
0.011472
0.017591
0.017179
0.025170
0.006731
0.012857
0.011670
0.014216
0.022501
0.017494
0.006868
0.018810
0.013970
0.009853
0.013028
0.014812
0.014675
0.020538
0.009116
0.014643
0.031174
0.014475
0.003611
0.014532
0.017143
0.040123
0.008941
0.000281
0.008963
0.012774
0.011134
0.015099
0.021836
0.021709
0.009524
0.006655
0.014355
0.018866
0.014028
0.012651
0.029510
0.005916
0.019216
0.034352
0.010997
0.000300
0.005286
0.015790
0.015062
0.012632
0.017618
0.015477
0.009886
0.015257
0.013991
0.017677
0.018278
0.008430
0.032870
0.003652
0.011250
0.011719
0.017415
0.019266
0.008709
0.013853
0.021042
0.012658
0.016477
0.010599
0.024630
0.011989
0.011161
0.012180
0.016602
0.012071
0.016408
0.016097
0.016901
0.010882
0.013754
0.028199
0.005077
0.010077
0.016500
0.014675
0.014927
0.026885
0.022277
0.005955
0.007320
0.010152
0.017401
0.015390
0.015234
0.012741
0.013828
0.014473
0.022605
0.024203
0.005850
0.030613
0.009548
0.005122
0.017503
0.018479
0.036307
0.015155
0.000304
0.000159
0.053544
0.008413
0.000300
0.000151
0.053423
0.020873
0.000288
0.000148
0.008078
0.000277
0.065118
0.007406
0.000294
0.000150
0.000135
0.013743
0.028585
0.010540
0.019545
0.016136
0.008831
0.016147
0.012297
0.016975
0.010054
0.012289
0.009266
0.017067
0.014030
0.014347
0.014158
0.016662
0.035986
0.006809
0.116593
0.006779
0.000301
0.000151
0.000135
0.000132
0.000131
0.000145
0.000131
0.016160
0.047929
0.035337
0.000275
0.000145
0.004964
0.000276
0.008609
0.017847
0.038292
0.015620
0.000274
0.028317
0.018667
0.000286
0.005727
0.009042
0.027530
0.015835
0.018089
0.036149
0.028311
0.000282
0.000147
0.008150
0.018093
0.012278
0.008349
0.007200
0.010977
0.045856
0.008769
0.000313
0.014905
0.021222
0.038897
0.016835
0.000277
0.000145
0.010820
0.032834
0.021640
0.000294
0.004486
0.010907
0.008596
0.016180
0.013544
0.015327
0.033753
0.020129
0.023257
0.007852
0.000292
0.007173
0.011291
0.015764
0.013488
0.015456
0.014141
0.017711
0.014405
0.012450
0.019290
0.010603
0.079295
0.012531
0.000305
0.000148
0.000138
0.007938
0.027335
0.023626
0.008650
0.000287
0.011557
0.023449
0.016012
0.020644
0.019838
0.018559
0.000286
0.010084
0.019958
0.004164
0.051379
0.016792
0.000288
0.000149
0.013058
0.102295
0.000289
0.000148
0.000136
0.000135
0.009758
0.000282
0.000149
0.015031
0.035687
0.004795
0.000306
0.009421
0.033320
0.009973
0.008148
0.011279
0.052967
0.017127
0.000274
0.000148
0.003529
0.021112
0.011962
0.012834
0.012852
0.012942
0.018672
0.035345
0.024362
0.009014
0.000284
0.066572
0.058740
0.000282
0.000144
0.000136
0.012439
0.000274
0.000144
0.000135
0.025141
0.004903
0.000313
0.073086
0.035255
0.000304
0.000151
0.000138
0.020835
0.000289
0.000149
0.015239
0.015717
0.005263
0.010196
0.010096
0.014764
0.021999
0.034617
0.037511
0.000239
0.022516
0.000277
0.019726
0.000280
0.013060
0.009603
0.009488
0.026058
0.015778
0.026106
0.024267
0.000280
0.060838
0.000292
0.000164
0.000137
0.000135
0.026948
0.018243
0.000276
0.030202
0.000279
0.015746
0.020057
0.018070
0.000305
0.007049
0.026963
0.004367
0.012865
0.015694
0.021395
0.013257
0.011865
0.011925
0.019362
0.016564
0.015045
0.010966
0.013425
0.064638
0.022484
0.000286
0.000151
0.006841
0.000281
0.009120
0.016465
0.014796
0.015295
0.015317
0.011607
0.028885
0.006142
0.008655
0.045294
0.006325
0.000279
0.083851
0.014162
0.000291
0.000151
0.000137
0.000137
0.002440
0.028649
0.010945
0.006506
0.014210
0.009611
0.015071
0.015160
0.014045
0.014457
0.017003
0.016601
0.011534
0.024438
0.006198
0.018094
0.014785
0.012756
0.022427
0.005717
0.016401
0.012033
0.016036
0.015505
0.015796
0.014096
0.019592
0.030258
0.024595
0.000282
0.000150
0.012281
0.017447
0.021090
0.008545
0.012284
0.015389
0.017291
0.016964
0.015804
0.017751
0.007075
0.014019
0.014523
0.015063
0.015448
0.017363
0.011161
0.018903
0.013663
0.022295
0.008875
0.010832
0.022761
0.008090
0.014589
0.017373
0.018845
0.009216
0.012530
0.021367
0.009480
0.014647
0.013743
0.017461
0.026541
0.004466
0.015913
0.009846
0.017897
0.012523
0.016128
0.012726
0.021151
0.010527
0.015361
0.012833
0.015315
0.014328
0.014373
0.017351
0.026746
0.005842
0.013371
0.021745
0.006460
0.014598
0.018333
0.010869
0.015149
0.013419
0.014353
0.017103
0.013872
0.013253
0.014903
0.019618
0.014181
0.011788
0.016333
0.012225
0.014784
0.015643
0.018501
0.014128
0.017253
0.015598
0.010785
0.013628
0.016034
0.012130
0.027768
0.006120
0.010353
0.019114
0.018845
0.007816
0.014720
0.015626
0.018766
0.009985
0.014277
0.014306
0.016860
0.015947
0.012160
0.027906
0.009371
0.009041
0.018870
0.025019
0.006852
0.008059
0.013705
0.014542
0.023972
0.017928
0.007066
0.012015
0.013317
0.015542
0.017305
0.028549
0.032881
0.000279
0.000148
0.015128
0.011805
0.012931
0.029009
0.012308
0.005988
0.010923
0.016873
0.014017
0.015694
0.025749
0.003808
0.012933
0.016160
0.012949
0.017356
0.013426
0.018576
0.012335
0.012470
0.017247
0.012826
0.022660
0.009752
0.011496
0.016096
0.019171
0.012932
0.011307
0.023519
0.010746
0.012834
0.018061
0.009027
0.029558
0.009929
0.004956
0.023385
0.006017
0.021516
0.013639
0.029304
0.006429
0.003495
0.015893
0.097505
0.000295
0.000150
0.000139
0.000135
0.000134
0.022211
0.003429
0.008364
0.103404
0.009967
0.000281
0.000149
0.000148
0.000137
0.000136
0.116449
0.004400
0.000172
0.000101
0.000095
0.000094
0.000091
0.000093
0.005357
0.011989
0.110851
0.015627
0.000280
0.000148
0.000140
0.000136
0.000134
0.000134
0.011030
0.010751
0.097588
0.006277
0.000284
0.000149
0.000137
0.000135
0.000134
0.018179
0.009226
0.019107
0.027106
0.099505
0.080313
0.000296
0.000152
0.000140
0.000138
0.000135
0.000136
0.020360
0.000287
0.000150
0.000140
0.000139
0.004846
0.033646
0.006948
0.000286
0.034555
0.049926
0.000286
0.009966
0.000300
0.000234
0.000144
0.011200
0.014752
0.016534
0.014831
0.017741
0.010922
0.018060
0.018155
0.009101
0.016206
0.020219
0.007603
0.019858
0.013975
0.011016
0.014515
0.016721
0.012902
0.016570
0.014827
0.014287
0.013930
0.019027
0.009538
0.015404
0.018182
0.012653
0.015594
0.013709
0.017654
0.016567
0.017012
0.007335
0.019193
0.010609
0.013998
0.015596
0.015141
0.017150
0.024846
0.011664
0.007754
0.016171
0.027662
0.002872
0.011943
0.012654
0.020817
0.008970
0.019221
0.012264
0.083801
0.052572
0.000307
0.000155
0.000141
0.000139
0.047340
0.000293
0.000154
0.000140
0.000139
0.043820
0.000225
0.000103
0.000096
0.072901
0.024235
0.000293
0.000154
0.000149
0.000142
0.582354
0.000289
0.000152
0.000141
0.000137
0.000136
0.000135
0.000135
0.000134
0.000134
0.000135
0.000134
0.000134
0.000135
0.000133
0.000133
0.000135
0.021797
0.000311
0.000239
0.000146
0.000137
0.000136
0.000135
0.000135
0.000134
0.000133
0.000134
0.000133
0.000133
0.000133
0.000133
0.000134
0.000132
0.000133
0.000133
0.000132
0.000134
0.000133
0.000133
0.000137
0.005627
0.010821
0.026919
0.000285
0.016493
0.032632
0.000284
0.022731
0.026060
0.100929
0.000283
0.000155
0.008384
0.000312
0.000155
0.000141
0.000137
0.000138
0.013210
0.023067
0.014985
0.023106
0.000292
0.021979
0.019327
0.017321
0.000285
0.026337
0.045492
0.000296
0.000156
0.090852
0.000284
0.000152
0.009103
0.000285
0.000152
0.000142
0.047728
0.017061
0.000284
0.000154
0.000149
0.047832
0.010262
0.000284
0.000152
0.021705
0.012155
0.017632
0.021890
0.041882
0.000277
0.004468
0.000286
0.013722
0.029840
0.010431
0.004052
0.009937
0.016234
0.013459
0.014617
0.014528
0.014901
0.015743
0.014061
0.019749
0.009726
0.015550
0.014033
0.015477
0.014352
0.016178
0.015263
0.022423
0.005552
0.015387
0.015333
0.014068
0.014514
0.014991
0.014823
0.015200
0.018724
0.013420
0.013288
0.013655
0.015280
0.017255
0.013325
0.013128
0.017531
0.014055
0.013545
0.014394
0.020311
0.010278
0.014798
0.016403
0.013276
0.015696
0.014903
0.019034
0.016471
0.009892
0.012868
0.024160
0.008768
0.014088
0.012267
0.014285
0.016487
0.017040
0.016112
0.011583
0.013259
0.014942
0.015751
0.015327
0.012972
0.015627
0.018092
0.013468
0.012503
0.014328
0.016324
0.014278
0.014120
0.015266
0.014149
0.015108
0.015163
0.014896
0.018376
0.010995
0.015882
0.014255
0.013860
0.015153
0.015745
0.014494
0.016788
0.013371
0.014879
0.015624
0.013037
0.014957
0.014751
0.014577
0.020838
0.012216
0.011352
0.016756
0.013275
0.019879
0.024401
0.006844
0.008923
0.013762
0.014771
0.015523
0.014483
0.016483
0.013562
0.015246
0.020939
0.016425
0.010506
0.012581
0.015618
0.018860
0.008982
0.017297
0.015940
0.011595
0.013744
0.014359
0.019560
0.010101
0.014934
0.015342
0.017836
0.033457
0.008381
0.008925
0.006735
0.015539
0.017400
0.015479
0.009569
0.014733
0.042598
0.023847
0.000287
0.014963
0.000290
0.012605
0.013458
0.015078
0.018900
0.009446
0.022952
0.019525
0.020679
0.009431
0.033624
0.026036
0.000288
0.005086
0.000301
0.067779
0.043919
0.000387
0.000160
0.000148
0.007580
0.000300
0.000157
0.005638
0.033802
0.007979
0.023623
0.004411
0.011088
0.025006
0.014564
0.003174
0.014285
0.011154
0.014179
0.045035
0.011699
0.000307
0.010461
0.010624
0.038697
0.008562
0.000305
0.008541
0.015586
0.029209
0.017570
0.088328
0.028596
0.000284
0.000150
0.000159
0.000140
0.000139
0.005598
0.000289
0.014552
0.008774
0.015356
0.028480
0.021839
0.025201
0.000300
0.019716
0.004061
0.019061
0.006049
0.010425
0.035726
0.023069
0.000299
0.034210
0.233451
0.000303
0.000161
0.007792
0.000316
0.000159
0.000145
0.000140
0.000139
0.000145
0.000138
0.000137
0.000136
0.000136
0.000137
0.000137
0.000135
0.000139
0.012913
0.038228
0.044199
0.000293
0.025660
0.000290
0.000153
0.000145
0.035541
0.013465
0.000289
0.000154
0.008000
0.020457
0.017495
0.010353
0.010317
0.041526
0.024182
0.000288
0.004265
0.005800
0.012739
0.022710
0.022091
0.014025
0.022910
0.047345
0.000291
0.000156
0.013969
0.000291
0.007136
0.075939
0.075590
0.000294
0.000153
0.000143
0.000143
0.009601
0.000287
0.000153
0.000144
0.000143
0.017751
0.016439
0.016302
0.007909
0.022689
0.031070
0.019973
0.000292
0.057979
0.009875
0.000290
0.000163
0.000146
0.026699
0.034212
0.015020
0.000293
0.000155
0.019318
0.022258
0.005557
0.000320
0.020686
0.070316
0.007675
0.000317
0.000159
0.000147
0.026247
0.006716
0.000291
0.033792
0.007135
0.009785
0.013700
0.012188
0.011762
0.080417
0.008259
0.000289
0.000155
0.000146
0.062597
0.013092
0.000290
0.000154
0.000145
0.014984
0.016743
0.008181
0.016251
0.003559
0.017074
0.011366
0.014437
0.013295
0.071596
0.009010
0.000291
0.000154
0.000146
0.008933
0.024086
0.013918
0.005940
0.015887
0.021838
0.013967
0.012967
0.009728
0.021131
0.043607
0.019162
0.000293
0.002893
0.009872
0.007386
0.030514
0.025175
0.017607
0.000308
0.009339
0.022032
0.061838
0.011191
0.000306
0.000155
0.000148
0.008208
0.010408
0.014585
0.011604
0.038882
0.007387
0.009928
0.024321
0.037746
0.021636
0.000292
0.000156
0.003321
0.020268
0.006287
0.005903
0.017404
0.023666
0.020765
0.029350
0.015433
0.000304
0.015716
0.012605
0.003293
0.014664
0.021063
0.015352
0.012697
0.019931
0.035700
