0.003030
0.021416
0.000220
0.000108
0.000098
0.000097
0.003524
0.004667
0.013648
0.013513
0.014699
0.018983
0.011197
0.014061
0.019739
0.010353
0.015176
0.014282
0.018490
0.011079
0.015006
0.015263
0.014464
0.015029
0.014421
0.015219
0.014700
0.014557
0.015160
0.015624
0.013817
0.023857
0.006633
0.013967
0.014802
0.014984
0.014871
0.014716
0.015859
0.013867
0.015168
0.015389
0.014615
0.015486
0.013531
0.014898
0.015168
0.015466
0.015229
0.020818
0.019013
0.005661
0.012306
0.015757
0.025752
0.009365
0.009699
0.016977
0.013200
0.015669
0.012570
0.014668
0.014840
0.014746
0.016078
0.015282
0.018093
0.010083
0.014889
0.017152
0.017121
0.014425
0.014664
0.010552
0.015799
0.015094
0.013745
0.039631
0.016440
0.006486
0.000228
0.013490
0.027017
0.004159
0.013088
0.026751
0.004290
0.012569
0.015104
0.013570
0.014852
0.020741
0.009880
0.016036
0.013235
0.014382
0.014723
0.015113
0.015384
0.014378
0.014437
0.017276
0.013395
0.016018
0.014318
0.013338
0.015489
0.017740
0.011636
0.014555
0.016125
0.014888
0.020731
0.008728
0.013722
0.016837
0.012702
0.015218
0.014508
0.019176
0.011525
0.013882
0.019090
0.011596
0.017805
0.013474
0.012237
0.014823
0.015624
0.014319
0.015411
0.015094
0.014030
0.016987
0.013275
0.014930
0.013896
0.015894
0.016356
0.016449
0.012452
0.040102
0.005904
0.000229
0.012459
0.013660
0.017228
0.014646
0.014788
0.013880
0.013831
0.014978
0.015680
0.013738
0.017260
0.012486
0.016981
0.014280
0.014771
0.020722
0.008330
0.021998
0.007190
0.014785
0.017365
0.013021
0.013707
0.016918
0.012900
0.016242
0.017414
0.011069
0.014654
0.016963
0.012505
0.014936
0.015374
0.014459
0.017853
0.011800
0.015008
0.014593
0.018290
0.012554
0.016422
0.012195
0.014881
0.015295
0.014717
0.014638
0.015075
0.015026
0.017177
0.012503
0.014111
0.018023
0.011521
0.015004
0.014967
0.015104
0.014476
0.015657
0.016635
0.012832
0.014063
0.029049
0.008041
0.007313
0.048278
0.013230
0.000233
0.000111
0.012861
0.014454
0.015090
0.016649
0.013041
0.015545
0.014001
0.014719
0.014819
0.015245
0.015504
0.013996
0.015406
0.014037
0.015407
0.014363
0.014693
0.015284
0.016070
0.013305
0.016779
0.012841
0.015046
0.014539
0.014882
0.015703
0.014030
0.029908
0.006522
0.009688
0.013591
0.023414
0.020410
0.002855
0.012397
0.014685
0.015000
0.014927
0.015285
0.015557
0.013223
0.015108
0.014935
0.015872
0.014713
0.013639
0.014891
0.014964
0.015238
0.014701
0.018489
0.011867
0.021987
0.007290
0.014566
0.015297
0.014092
0.015249
0.016149
0.017297
0.016551
0.009769
0.014694
0.017523
0.014432
0.015261
0.011660
0.014847
0.016884
0.013033
0.014712
0.015738
0.030187
0.010593
0.005459
0.012268
0.014451
0.015606
0.014127
0.017565
0.012256
0.015140
0.015060
0.014328
0.014716
0.014766
0.016403
0.013409
0.015030
0.018909
0.010379
0.015959
0.013779
0.014946
0.015219
0.014143
0.015095
0.015511
0.014449
0.014697
0.015012
0.014520
0.015060
0.017130
0.013118
0.015821
0.013073
0.015291
0.014573
0.015325
0.014882
0.014687
0.014160
0.014721
0.014786
0.014999
0.014909
0.014777
0.015470
0.014354
0.016916
0.023574
0.006548
0.013283
0.014780
0.018736
0.010990
0.044013
0.003997
0.000232
0.011612
0.013588
0.014461
0.016063
0.014308
0.014454
0.014888
0.015378
0.014077
0.052824
0.008642
0.000164
0.005560
0.008272
0.013425
0.016024
0.013840
0.015343
0.014243
0.014776
0.016370
0.013808
0.019356
0.010064
0.015838
0.014376
0.015162
0.013633
0.014945
0.015537
0.014540
0.017908
0.013865
0.013078
0.021378
0.008039
0.014289
0.014926
0.021548
0.010692
0.014481
0.013424
0.014112
0.015001
0.014684
0.014831
0.015113
0.018128
0.011421
0.014778
0.015050
0.014603
0.014898
0.015734
0.023510
0.006770
0.012921
0.016297
0.013592
0.014737
0.015200
0.014869
0.014943
0.014640
0.014531
0.014680
0.015280
0.017218
0.012255
0.015139
0.017172
0.013537
0.013505
0.014796
0.015546
0.014442
0.014565
0.015148
0.014546
0.015616
0.024882
0.014095
0.014556
0.004980
0.015078
0.014626
0.015114
0.016601
0.013439
0.014548
0.020814
0.013656
0.010025
0.014487
0.015158
0.014569
0.015011
0.014783
0.020853
0.009860
0.017372
0.014300
0.018821
0.008238
0.016843
0.012168
0.015269
0.014486
0.050594
0.007091
0.000241
0.006293
0.010588
0.024000
0.006627
0.013985
0.014385
0.014732
0.014733
0.015714
0.014864
0.016261
0.012505
0.015172
0.014749
0.014783
0.015426
0.014427
0.014805
0.014588
0.028911
0.003566
0.012609
0.014294
0.015328
0.015341
0.014623
0.015650
0.014016
0.013839
0.016151
0.013402
0.015005
0.015879
0.014514
0.014972
0.013978
0.014788
0.014730
0.017295
0.013353
0.014877
0.018565
0.011047
0.014642
0.014393
0.016307
0.013135
0.015428
0.014575
0.015474
0.014058
0.014861
0.016055
0.014114
0.014296
0.014709
0.014745
0.016823
0.012955
0.016056
0.013692
0.014763
0.017321
0.012158
0.016289
0.015722
0.012673
0.014925
0.017908
0.011723
0.016295
0.013967
0.014486
0.014720
0.019223
0.010703
0.014321
0.016079
0.014500
0.013998
0.015380
0.014210
0.015702
0.014614
0.014731
0.014626
0.016056
0.013604
0.015612
0.014509
0.014242
0.030196
0.003447
0.011751
0.022375
0.016069
0.005753
0.015764
0.013429
0.015059
0.014551
0.016189
0.022472
0.009393
0.011470
0.014721
0.016634
0.012992
0.014814
0.017022
0.013234
0.015483
0.024055
0.005234
0.015445
0.014111
0.014953
0.015435
0.035712
0.004955
0.005899
0.012070
0.016756
0.014837
0.013292
0.014196
0.014380
0.014916
0.014827
0.014746
0.014849
0.020639
0.010958
0.013090
0.014861
0.014710
0.014550
0.014881
0.015756
0.014148
0.015200
0.025786
0.004678
0.013607
0.015248
0.014535
0.015256
0.014441
0.015395
0.014109
0.015043
0.015024
0.014732
0.014688
0.016240
0.016992
0.011462
0.014503
0.015807
0.014907
0.013854
0.014805
0.014989
0.018150
0.011589
0.014572
0.015249
0.014401
0.014901
0.014792
0.020187
0.009437
0.015345
0.014690
0.016293
0.015965
0.015496
0.011790
0.014418
0.015384
0.015219
0.026577
0.008706
0.011719
0.011461
0.015467
0.014611
0.014395
0.015310
0.014643
0.015165
0.014417
0.015608
0.014109
0.014888
0.017209
0.012241
0.017208
0.012713
0.141364
0.006096
0.000232
0.000115
0.000114
0.000101
0.000102
0.000097
0.000078
0.003596
0.011107
0.015476
0.014119
0.015143
0.015139
0.014512
0.014685
0.014889
0.014514
0.015044
0.015417
0.015439
0.013722
0.015712
0.013801
0.015402
0.020712
0.008945
0.014152
0.059506
0.006049
0.000238
0.000119
0.012330
0.011501
0.014386
0.014834
0.019217
0.010629
0.014499
0.018878
0.010629
0.015497
0.014438
0.015639
0.031086
0.004702
0.008301
0.017022
0.012538
0.014398
0.015063
0.034481
0.012702
0.006274
0.009671
0.016866
0.013444
0.010357
0.015038
0.015974
0.013880
0.015336
0.014105
0.016245
0.013330
0.015504
0.014422
0.014418
0.014863
0.015073
0.014879
0.014498
0.014771
0.015802
0.014732
0.018954
0.009713
0.015041
0.016151
0.017736
0.011242
0.014582
0.015383
0.015027
0.017894
0.010646
0.015115
0.014919
0.014660
0.014680
0.015790
0.014989
0.015102
0.019309
0.008914
0.016136
0.013549
0.016578
0.013502
0.016407
0.012906
0.022792
0.007643
0.013877
0.015292
0.014432
0.022734
0.007400
0.016895
0.014424
0.013321
0.014365
0.014870
0.017991
0.012696
0.014610
0.014256
0.015397
0.015448
0.013465
0.014922
0.014561
0.015342
0.018376
0.011209
0.015620
0.014019
0.016694
0.013219
0.019779
0.011629
0.014857
0.013084
0.015719
0.013939
0.015379
0.013963
0.015065
0.014953
0.025433
0.004482
0.014696
0.014813
0.014702
0.014681
0.014745
0.014867
0.014835
0.014645
0.015103
0.014783
0.014723
0.017382
0.012710
0.015050
0.014335
0.014584
0.015281
0.023310
0.006882
0.013941
0.015188
0.014922
0.016472
0.014803
0.012911
0.015161
0.015514
0.014204
0.014543
0.014604
0.014902
0.014768
0.018533
0.011956
0.015105
0.013870
0.017099
0.012669
0.014854
0.015437
0.015253
0.013648
0.015027
0.015990
0.013784
0.014712
0.016620
0.014376
0.013402
0.015074
0.016452
0.015665
0.015162
0.019666
0.008119
0.025004
0.004323
0.014511
0.015190
0.014262
0.014793
0.016056
0.013704
0.014932
0.016932
0.012670
0.021443
0.007854
0.015053
0.016074
0.015256
0.012969
0.014830
0.016814
0.012953
0.016184
0.014129
0.014251
0.014792
0.015473
0.015361
0.015806
0.013746
0.013891
0.015005
0.014638
0.015232
0.021165
0.008275
0.014583
0.015743
0.014170
0.014997
0.037344
0.003820
0.004687
0.013478
0.018668
0.010643
0.014770
0.014844
0.014812
0.015331
0.015250
0.045437
0.008409
0.000242
0.004883
0.018270
0.011317
0.018945
0.010504
0.016574
0.013038
0.014657
0.015505
0.014254
0.014824
0.015372
0.016014
0.015242
0.012676
0.014929
0.014624
0.014877
0.015006
0.014521
0.027555
0.014465
0.005443
0.015640
0.011582
0.014525
0.014800
0.026801
0.014677
0.008396
0.009680
0.014549
0.014953
0.015355
0.015278
0.014066
0.015043
0.015342
0.014503
0.014985
0.014184
0.014709
0.016789
0.012911
0.015156
0.014792
0.016267
0.013188
0.015231
0.014606
0.014859
0.014680
0.015802
0.014428
0.014131
0.015264
0.014824
0.024696
0.018806
0.010714
0.009380
0.010665
0.014896
0.017292
0.028175
0.011402
0.005157
0.015794
0.011313
0.014360
0.022926
0.047168
0.000251
0.000135
0.007616
0.010908
0.015094
0.014654
0.015000
0.014635
0.014955
0.014926
0.017852
0.013230
0.020207
0.007708
0.015022
0.016010
0.014529
0.014877
0.014142
0.017914
0.011977
0.014460
0.016710
0.013000
0.014906
0.014750
0.014971
0.014511
0.014774
0.014967
0.014817
0.014975
0.014546
0.014818
0.014758
0.014813
0.016358
0.013743
0.015795
0.013796
0.014619
0.017239
0.012390
0.015333
0.014832
0.014430
0.014883
0.014880
0.015657
0.013980
0.015459
0.014287
0.014718
0.014912
0.014972
0.014758
0.015376
0.014446
0.025524
0.007118
0.012786
0.014000
0.014309
0.015204
0.014549
0.015882
0.015038
0.019573
0.009205
0.014642
0.014798
0.016933
0.013524
0.014699
0.014257
0.017766
0.012544
0.022092
0.008400
0.013541
0.014949
0.015372
0.014230
0.015702
0.013952
0.014691
0.018148
0.011211
0.015091
0.015028
0.014721
0.015595
0.023839
0.010848
0.009353
0.014680
0.015299
0.015275
0.013857
0.014504
0.014992
0.015663
0.014492
0.014977
0.014359
0.014683
0.015474
0.014178
0.015245
0.014359
0.015223
0.014570
0.014849
0.015544
0.014925
0.014025
0.014910
0.015353
0.019214
0.011637
0.013807
0.014153
0.014918
0.014600
0.015405
0.016058
0.026294
0.099923
0.006454
0.000240
0.000122
0.000111
0.000107
0.000106
0.000107
0.013053
0.015200
0.014452
0.015032
0.017553
0.015446
0.011325
0.016880
0.014944
0.012844
0.015049
0.014510
0.015410
0.018337
0.010897
0.015790
0.015373
0.013433
0.016064
0.023314
0.007228
0.015301
0.013025
0.014319
0.014863
0.014461
0.015155
0.015231
0.015094
0.014933
0.015694
0.013367
0.015455
0.014746
0.014643
0.014941
0.014286
0.014627
0.015099
0.014924
0.016748
0.012833
0.015337
0.014271
0.015402
0.014692
0.014446
0.023021
0.006711
0.016887
0.012536
0.014999
0.018637
0.010674
0.018297
0.011676
0.016842
0.012610
0.016849
0.013003
0.020237
0.011377
0.012816
0.015478
0.016105
0.013918
0.014405
0.014365
0.017611
0.012038
0.017993
0.011777
0.015060
0.021295
0.011082
0.013711
0.023624
0.008970
0.015382
0.009644
0.014948
0.016423
0.013199
0.015312
0.015103
0.014188
0.014371
0.017851
0.012618
0.017126
0.012222
0.014392
0.018920
0.012509
0.013866
0.016439
0.015126
0.015187
0.018162
0.009334
0.019394
0.010312
0.014338
0.015058
0.017554
0.011677
0.014970
0.014557
0.015284
0.014357
0.028906
0.003048
0.015005
0.014315
0.013940
0.015917
0.013046
0.014627
0.017410
0.012262
0.017294
0.021584
0.008497
0.025273
0.009293
0.008083
0.013619
0.015868
0.014521
0.016082
0.016036
0.012207
0.016725
0.014160
0.013812
0.015103
0.014043
0.016640
0.014215
0.013921
0.015588
0.013923
0.015217
0.019110
0.011516
0.015011
0.016989
0.010926
0.015183
0.014966
0.021634
0.007732
0.015441
0.014737
0.017745
0.011905
0.014654
0.016256
0.014913
0.013188
0.016093
0.013548
0.015237
0.015006
0.014311
0.015360
0.014050
0.015612
0.015343
0.013829
0.014800
0.022987
0.007763
0.037491
0.005144
0.003056
0.012607
0.014703
0.014882
0.015151
0.015203
0.014304
0.015711
0.014222
0.014872
0.014817
0.014484
0.014764
0.015495
0.014241
0.015059
0.014487
0.014784
0.015066
0.016022
0.019203
0.009472
0.016595
0.013088
0.014474
0.015252
0.016127
0.013980
0.014647
0.018093
0.015999
0.009737
0.019516
0.010261
0.064347
0.007441
0.000254
0.000141
0.009824
0.007249
0.014518
0.016793
0.012976
0.015643
0.014786
0.014000
0.015031
0.016559
0.016469
0.011442
0.014758
0.015468
0.022926
0.005973
0.014966
0.018156
0.011459
0.014867
0.015719
0.015282
0.013430
0.015782
0.014054
0.014737
0.014808
0.018796
0.011136
0.014693
0.014810
0.015965
0.013627
0.014705
0.016677
0.013072
0.014959
0.014991
0.014687
0.015340
0.014728
0.014570
0.015356
0.016843
0.011915
0.015307
0.014549
0.014944
0.014806
0.014855
0.020630
0.009083
0.015099
0.014458
0.015034
0.015132
0.014438
0.016540
0.013702
0.014409
0.014691
0.014849
0.014929
0.014950
0.015436
0.015874
0.013349
0.014723
0.017872
0.012350
0.013986
0.014959
0.016952
0.012995
0.014772
0.015766
0.014540
0.015398
0.013168
0.015509
0.029741
0.004629
0.016891
0.008085
0.015338
0.015158
0.015428
0.012898
0.014811
0.015866
0.016206
0.012968
0.014886
0.015116
0.014193
0.014810
0.015575
0.015048
0.013842
0.014665
0.018074
0.013738
0.013792
0.014980
0.020610
0.008577
0.018365
0.013556
0.021253
0.018621
0.004610
0.012793
0.014677
0.017479
0.013947
0.012136
0.014885
0.018554
0.011600
0.017449
0.013695
0.013274
0.014770
0.014743
0.014826
0.014844
0.016170
0.013468
0.021285
0.009347
0.018380
0.010534
0.025464
0.004081
0.014811
0.016992
0.012856
0.029229
0.006403
0.008859
0.015468
0.015426
0.014317
0.014221
0.017848
0.012025
0.014847
0.016792
0.013116
0.014057
0.018053
0.012069
0.014793
0.016269
0.014559
0.013730
0.014961
0.014305
0.017088
0.022715
0.015822
0.005483
0.013333
0.014538
0.015498
0.018152
0.010851
0.015433
0.016043
0.013095
0.014811
0.015089
0.015521
0.014841
0.014407
0.015803
0.014296
0.014345
0.039322
0.024100
0.003246
0.000252
0.010121
0.014036
0.012698
0.015277
0.014666
0.014073
0.014920
0.015514
0.017044
0.015893
0.012529
0.013441
0.033456
0.004534
0.007345
0.013648
0.015361
0.015739
0.013887
0.014891
0.019422
0.010252
0.014393
0.015243
0.020251
0.010527
0.013880
0.015505
0.014156
0.014793
0.014587
0.018082
0.012763
0.019238
0.013055
0.010747
0.018574
0.019849
0.018981
0.008579
0.010164
0.036578
0.006988
0.004627
0.011788
0.012959
0.018561
0.012688
0.017070
0.014715
0.013488
0.012019
0.015514
0.015335
0.013893
0.014807
0.014831
0.015555
0.024785
0.006980
0.013031
0.027442
0.007374
0.008682
0.014813
0.015791
0.017699
0.010884
0.015328
0.073046
0.007107
0.000331
0.000199
0.000128
0.008291
0.014778
0.014260
0.015168
0.021856
0.007477
0.014992
0.014770
0.014930
0.015759
0.015328
0.015481
0.013022
0.014586
0.017518
0.012206
0.015518
0.014620
0.014460
0.014698
0.015395
0.014641
0.014399
0.020475
0.009064
0.015991
0.067791
0.006559
0.000249
0.000126
0.000117
0.013548
0.015524
0.014592
0.014071
0.032155
0.003630
0.009190
0.014590
0.014604
0.017732
0.013352
0.013325
0.027899
0.003006
0.014372
0.014105
0.017289
0.013518
0.022085
0.006830
0.014389
0.014924
0.015111
0.014540
0.019948
0.009679
0.015710
0.014458
0.014749
0.017980
0.011329
0.015356
0.014440
0.016064
0.014488
0.014478
0.014701
0.016226
0.015348
0.012815
0.015715
0.013705
0.016111
0.013521
0.015816
0.014480
0.014118
0.015093
0.014660
0.015450
0.015275
0.014422
0.014560
0.014490
0.014763
0.015426
0.015995
0.018992
0.009082
0.017244
0.013661
0.013605
0.015085
0.015958
0.020809
0.008797
0.015252
0.013542
0.014593
0.014584
0.034573
0.005896
0.004831
0.014079
0.015519
0.014592
0.014748
0.014808
0.015800
0.018278
0.016840
0.008327
0.014956
0.015076
0.014832
0.014703
0.014955
0.014620
0.014508
0.015365
0.015087
0.018353
0.014289
0.011219
0.014924
0.025506
0.004927
0.013781
0.015266
0.014975
0.014329
0.015010
0.015002
0.014649
0.017358
0.012153
0.015097
0.014848
0.015426
0.014092
0.015338
0.014671
0.015070
0.014271
0.014804
0.015902
0.014974
0.013856
0.014488
0.014558
0.016070
0.013997
0.016123
0.017276
0.012962
0.036975
0.004696
0.004113
0.012108
0.014327
0.015322
0.014310
0.015118
0.019769
0.010406
0.015810
0.013444
0.015247
0.013785
0.014901
0.017351
0.012423
0.015041
0.014932
0.014615
0.014928
0.015302
0.014150
0.017537
0.013387
0.013690
0.015142
0.014781
0.016512
0.014115
0.015546
0.012825
0.015528
0.014331
0.015026
0.015149
0.015059
0.014137
0.014753
0.014834
0.016306
0.013814
0.014584
0.014687
0.015491
0.014726
0.014459
0.015155
0.035665
0.005784
0.002885
0.015331
0.014081
0.015921
0.013967
0.016825
0.028176
0.004317
0.010796
0.015593
0.014664
0.026345
0.016998
0.012124
0.023377
0.014948
0.005118
0.003853
0.014588
0.014778
0.020901
0.015685
0.008085
0.015214
0.015407
0.018647
0.019675
0.008231
0.011475
0.016832
0.013405
0.014568
0.018010
0.011985
0.021769
0.008199
0.015539
0.016008
0.013149
0.014100
0.015047
0.015470
0.016885
0.015014
0.013415
0.013473
0.015039
0.014989
0.015441
0.015052
0.013239
0.015853
0.017157
0.011697
0.014439
0.015218
0.015761
0.018811
0.010589
0.014446
0.016675
0.012827
0.019946
0.011888
0.012445
0.014678
0.016087
0.013441
0.016261
0.013436
0.015930
0.015731
0.016266
0.013216
0.013278
0.015741
0.013972
0.014768
0.015717
0.014850
0.017119
0.011490
0.016066
0.017464
0.011218
0.016435
0.013270
0.015887
0.014035
0.014945
0.015441
0.021394
0.007340
0.015036
0.015037
0.014310
0.017744
0.012968
0.014700
0.015391
0.013540
0.030437
0.003730
0.011668
0.014763
0.013722
0.014587
0.014756
0.014735
0.016772
0.013859
0.019064
0.010136
0.016449
0.012867
0.014919
0.016479
0.013554
0.015343
0.013796
0.017049
0.014707
0.012838
0.015163
0.014424
0.014897
0.014842
0.014864
0.015424
0.014284
0.014854
0.015403
0.015919
0.013624
0.016934
0.012539
0.015011
0.014497
0.015209
0.014971
0.014185
0.014642
0.016607
0.015847
0.013159
0.013688
0.015057
0.015430
0.014191
0.015128
0.015088
0.015015
0.014313
0.014687
0.015320
0.014830
0.014959
0.014520
0.014886
0.014589
0.014773
0.015130
0.018559
0.011337
0.016491
0.012754
0.015162
0.014915
0.014385
0.015368
0.014244
0.015072
0.022605
0.011678
0.010676
0.014117
0.015970
0.013755
0.014947
0.016564
0.013531
0.014561
0.017880
0.011801
0.014923
0.016011
0.014410
0.015188
0.013561
0.014744
0.014623
0.015051
0.014747
0.016972
0.018342
0.009333
0.014811
0.014495
0.015067
0.015104
0.014463
0.014785
0.015094
0.015578
0.014082
0.014819
0.019288
0.010466
0.025264
0.004124
0.015134
0.015181
0.014137
0.015420
0.014625
0.016184
0.020065
0.008157
0.015183
0.014742
0.015250
0.019294
0.009629
0.028177
0.010480
0.007103
0.017023
0.012248
0.013841
0.014955
0.050214
0.007532
0.000205
0.004058
0.012636
0.016452
0.012889
0.020813
0.008777
0.021136
0.010347
0.015510
0.021756
0.006058
0.014235
0.014527
0.014833
0.014950
0.019365
0.010979
0.016097
0.014450
0.013572
0.014998
0.014474
0.015974
0.015371
0.013827
0.013953
0.015014
0.015526
0.015119
0.014410
0.014495
0.017581
0.011766
0.015149
0.016116
0.013365
0.017453
0.012515
0.015561
0.013785
0.018430
0.012050
0.014197
0.017542
0.013103
0.014427
0.017879
0.011466
0.014438
0.015698
0.033384
0.005526
0.007212
0.014192
0.013476
0.014721
0.014692
0.015078
0.014403
0.014868
0.014993
0.015016
0.014455
0.025709
0.004961
0.014791
0.014316
0.014389
0.016190
0.014302
0.015253
0.014588
0.017093
0.011686
0.014682
0.014841
0.015395
0.016974
0.012161
0.014889
0.015431
0.014833
0.014328
0.015576
0.017532
0.011464
0.015542
0.014338
0.022910
0.011298
0.019316
0.006651
0.017511
0.015698
0.012134
0.019840
0.017985
0.011311
0.008492
0.018101
0.011851
0.014297
0.014686
0.016101
0.013722
0.015339
0.014461
0.018385
0.020006
0.006426
0.017564
0.012108
0.014360
0.015926
0.013761
0.014960
0.015065
0.015986
0.016167
0.012560
0.014270
0.016966
0.013135
0.014388
0.015564
0.014707
0.014442
0.014578
0.014931
0.014970
0.014667
0.015773
0.013894
0.018716
0.010984
0.014850
0.015391
0.028429
0.003411
0.012351
0.014834
0.014885
0.014919
0.015183
0.015873
0.013805
0.016687
0.012781
0.014347
0.014830
0.015995
0.014707
0.013829
0.018170
0.011363
0.015237
0.014770
0.015864
0.013614
0.015274
0.016910
0.028385
0.004883
0.008900
0.019110
0.016163
0.008925
0.015091
0.015964
0.013564
0.017316
0.012210
0.016711
0.013244
0.014643
0.015265
0.014321
0.015970
0.014018
0.015874
0.013752
0.015684
0.014675
0.013979
0.014734
0.018393
0.011539
0.014862
0.015036
0.015440
0.013910
0.015857
0.013980
0.015119
0.015260
0.016093
0.013017
0.014737
0.014805
0.014670
0.014763
0.015373
0.014210
0.014805
0.015987
0.014260
0.016187
0.013346
0.015008
0.014224
0.015233
0.014384
0.015648
0.014309
0.014769
0.017898
0.012025
0.014856
0.016836
0.012584
0.017218
0.013518
0.015402
0.013187
0.016759
0.013023
0.014956
0.014663
0.016471
0.014821
0.013560
0.015359
0.016684
0.013029
0.019354
0.030018
0.003632
0.005980
0.014338
0.014765
0.014863
0.015624
0.017815
0.011150
0.015727
0.013948
0.014738
0.015029
0.014434
0.015409
0.014780
0.015206
0.014118
0.017217
0.012567
0.017149
0.013761
0.014280
0.014384
0.048356
0.007335
0.000259
0.006974
0.011325
0.015694
0.013729
0.014656
0.015418
0.016116
0.014356
0.013801
0.015269
0.014227
0.015999
0.015084
0.015418
0.012913
0.014419
0.015335
0.015066
0.018333
0.010879
0.015012
0.014980
0.014416
0.015016
0.015140
0.014573
0.014599
0.014904
0.015264
0.016827
0.012484
0.014800
0.014764
0.014872
0.015007
0.014534
0.016756
0.022536
0.005335
0.015218
0.015087
0.014547
0.016138
0.013081
0.014965
0.015714
0.014179
0.014636
0.015050
0.014476
0.014872
0.015132
0.014794
0.014922
0.015502
0.015014
0.014391
0.013956
0.015438
0.014877
0.015665
0.013590
0.015486
0.014146
0.015015
0.014522
0.014952
0.016604
0.014364
0.015172
0.014472
0.014543
0.015344
0.013870
0.023126
0.006233
0.015377
0.014160
0.015136
0.014925
0.015488
0.014056
0.016187
0.013321
0.014782
0.015065
0.014390
0.016454
0.015680
0.012725
0.014748
0.018522
0.011930
0.014575
0.014588
0.018653
0.011168
0.015076
0.017425
0.011567
0.015997
0.014349
0.015767
0.017197
0.011333
0.016157
0.015103
0.013187
0.014503
0.014723
0.015164
0.018090
0.013532
0.012481
0.014971
0.014772
0.014979
0.015160
0.014955
0.014268
0.019254
0.011000
0.015592
0.015177
0.013111
0.016085
0.013953
0.016340
0.015642
0.012088
0.015660
0.032929
0.006006
0.004824
0.016780
0.012951
0.015004
0.015124
0.014321
0.018927
0.017322
0.009723
0.015370
0.012911
0.015218
0.025909
0.006822
0.012047
0.015254
0.019052
0.009444
0.015078
0.014778
0.014843
0.014969
0.014599
0.015394
0.014607
0.015568
0.013967
0.016439
0.017580
0.011560
0.015409
0.014442
0.013423
0.014871
0.019947
0.010359
0.016583
0.012755
0.015322
0.014051
0.015251
0.016369
0.013163
0.014937
0.016130
0.013282
0.014847
0.014737
0.014990
0.014839
0.018796
0.011714
0.013792
0.015943
0.015084
0.013960
0.017781
0.011847
0.014697
0.014705
0.015205
0.014275
0.016660
0.013364
0.015010
0.014251
0.015198
0.015115
0.016152
0.013863
0.016716
0.027440
0.036510
0.000272
0.000140
0.009969
0.012214
0.015163
0.015511
0.014068
0.014417
0.015055
0.015872
0.015372
0.013257
0.014784
0.015985
0.013623
0.014996
0.014670
0.015210
0.014690
0.014512
0.015022
0.086831
0.007910
0.000275
0.000136
0.000126
0.000126
0.008645
0.015504
0.013919
0.016092
0.013900
0.014635
0.014647
0.016388
0.014926
0.019558
0.011747
0.011571
0.015492
0.015890
0.013191
0.014847
0.014980
0.014610
0.015323
0.014416
0.015151
0.015620
0.013824
0.015660
0.018488
0.010115
0.014964
0.014958
0.014777
0.065717
0.007000
0.000261
0.000138
0.006052
0.026591
0.003138
0.012917
0.011965
0.015650
0.013846
0.014912
0.014845
0.014612
0.014802
0.014761
0.015072
0.014841
0.018945
0.011553
0.016007
0.013995
0.013888
0.015029
0.018243
0.011224
0.028073
0.003492
0.012770
0.016042
0.015334
0.016329
0.012151
0.014255
0.015313
0.015963
0.013808
0.015243
0.015020
0.015909
0.012908
0.014908
0.014663
0.014463
0.015218
0.014629
0.014951
0.015162
0.014387
0.019148
0.012345
0.018989
0.011771
0.013356
0.014244
0.014164
0.017849
0.012312
0.014253
0.014802
0.017365
0.012392
0.017245
0.013530
0.014795
0.016032
0.012604
0.014975
0.015081
0.014997
0.020790
0.014774
0.008867
0.014301
0.016631
0.016100
0.012614
0.016256
0.013585
0.013790
0.016802
0.013197
0.014901
0.033654
0.007109
0.004026
0.015897
0.012973
0.014852
0.015795
0.015024
0.017121
0.011491
0.015173
0.014777
0.014789
0.017178
0.012706
0.015535
0.013869
0.015520
0.020210
0.009481
0.013849
0.015149
0.014451
0.014862
0.015251
0.014828
0.015086
0.014612
0.014617
0.017964
0.011948
0.014550
0.014776
0.015165
0.021503
0.009159
0.013981
0.014472
0.028798
0.006000
0.012832
0.011936
0.018905
0.011021
0.014486
0.014717
0.015526
0.014753
0.014056
0.014891
0.014873
0.028392
0.003550
0.013244
0.016397
0.012765
0.015581
0.015686
0.013523
0.015167
0.015711
0.016498
0.011637
0.017993
0.013630
0.012796
0.014980
0.016710
0.012606
0.015678
0.015557
0.013496
0.016632
0.013212
0.016047
0.013498
0.015888
0.014275
0.015085
0.014326
0.028036
0.005254
0.010966
0.015148
0.014814
0.019275
0.009930
0.014895
0.017123
0.012679
0.014987
0.014720
0.016896
0.013387
0.017187
0.011795
0.014737
0.017739
0.015267
0.011763
0.014646
0.020046
0.010501
0.020490
0.016134
0.010784
0.011477
0.016930
0.012999
0.014355
0.025815
0.003769
0.015996
0.014921
0.013371
0.015350
0.015533
0.013654
0.015175
0.015273
0.014388
0.014958
0.014562
0.014842
0.024318
0.006331
0.016080
0.012830
0.014668
0.015611
0.015727
0.013277
0.017212
0.016762
0.011347
0.014106
0.015825
0.014305
0.014445
0.014721
0.014874
0.014776
0.015095
0.016109
0.014198
0.013851
0.015426
0.054079
0.007604
0.000269
0.000141
0.014430
0.018326
0.008388
0.017574
0.013488
0.013526
0.014689
0.014839
0.014949
0.014745
0.016073
0.013637
0.015144
0.014501
0.015489
0.014418
0.022304
0.007383
0.016802
0.013880
0.013784
0.014822
0.015991
0.016349
0.012865
0.014049
0.017509
0.013679
0.013347
0.016937
0.014139
0.013664
0.014961
0.015571
0.014666
0.013676
0.015920
0.015057
0.019903
0.008997
0.056782
0.006850
0.000266
0.000148
0.009973
0.019581
0.015079
0.011767
0.014239
0.015738
0.014070
0.023496
0.004655
0.015374
0.015262
0.014426
0.014437
0.014956
0.014820
0.014765
0.014625
0.016315
0.014938
0.014763
0.014313
0.014430
0.017464
0.028715
0.004400
0.009964
0.015737
0.030424
0.003900
0.010317
0.011978
0.015464
0.016042
0.013275
0.015760
0.016472
0.012412
0.014297
0.018379
0.019969
0.008998
0.012774
0.015274
0.014615
0.013923
0.015320
0.016174
0.013243
0.020569
0.008709
0.015312
0.015731
0.018052
0.013640
0.012016
0.016905
0.015296
0.012057
0.016427
0.013768
0.024308
0.006659
0.015050
0.014291
0.014745
0.013902
0.028324
0.010560
0.012141
0.009281
0.014003
0.014274
0.016202
0.014845
0.015387
0.017372
0.011535
0.013738
0.015732
0.014241
0.014830
0.014524
0.015588
0.015628
0.013876
0.014127
0.014881
0.015043
0.014718
0.014755
0.016610
0.013931
0.014728
0.016033
0.014035
0.014939
0.021044
0.007419
0.016184
0.013438
0.015461
0.014238
0.014963
0.014788
0.015477
0.014563
0.015127
0.015436
0.013790
0.015273
0.014004
0.015051
0.014875
0.015503
0.014297
0.014712
0.015290
0.014185
0.014991
0.014553
0.015189
0.015025
0.014712
0.015019
0.020610
0.009526
0.015017
0.022961
0.005908
0.014623
0.017285
0.014112
0.013079
0.015472
0.015361
0.013901
0.015764
0.016662
0.012100
0.016522
0.012972
0.015630
0.014011
0.014791
0.014804
0.014794
0.014890
0.014870
0.015137
0.015743
0.013551
0.015171
0.014942
0.014887
0.014647
0.014724
0.015425
0.014508
0.014814
0.014727
0.014982
0.015028
0.014647
0.014843
0.015337
0.014711
0.014961
0.014041
0.014880
0.014762
0.015491
0.014600
0.015464
0.014039
0.014838
0.014599
0.014904
0.021016
0.008646
0.014839
0.014705
0.015501
0.014277
0.014784
0.014852
0.017365
0.012423
0.015326
0.014469
0.014798
0.014694
0.019243
0.010670
0.017813
0.014723
0.013837
0.014031
0.013634
0.015312
0.015101
0.014777
0.013966
0.016763
0.013207
0.015000
0.016315
0.015289
0.013456
0.016240
0.014174
0.013206
0.016251
0.013357
0.015113
0.015157
0.016744
0.013938
0.014921
0.017848
0.014818
0.010053
0.015219
0.014822
0.017373
0.012408
0.015479
0.014004
0.015767
0.018675
0.010645
0.016461
0.013430
0.015804
0.015428
0.012511
0.014954
0.015953
0.013674
0.015004
0.014702
0.016887
0.012635
0.015009
0.014840
0.014785
0.015057
0.014516
0.015820
0.014980
0.013879
0.015960
0.014384
0.014188
0.014638
0.014939
0.014838
0.017856
0.012095
0.015198
0.014276
0.015306
0.014190
0.033410
0.003004
0.008338
0.014748
0.015027
0.034717
0.004856
0.007010
0.012388
0.014846
0.014971
0.014736
0.014849
0.017233
0.013975
0.017031
0.012109
0.014228
0.014663
0.014685
0.016122
0.013562
0.014828
0.014733
0.016354
0.020052
0.010896
0.012825
0.014406
0.014656
0.015446
0.014304
0.015000
0.015065
0.023795
0.005418
0.014746
0.015929
0.014412
0.014554
0.014437
0.015595
0.014465
0.014685
0.014938
0.014807
0.015804
0.013527
0.014990
0.014716
0.015088
0.014934
0.014691
0.016938
0.013382
0.015584
0.015270
0.014299
0.013384
0.014886
0.014966
0.014769
0.018273
0.016076
0.015088
0.010889
0.015257
0.016733
0.012185
0.018250
0.010709
0.014963
0.014874
0.014713
0.015010
0.018371
0.014121
0.012009
0.015330
0.014632
0.014704
0.014981
0.016484
0.013073
0.023464
0.005951
0.014991
0.015706
0.013806
0.017438
0.012195
0.016791
0.013402
0.016748
0.012683
0.017873
0.014519
0.012056
0.015019
0.016732
0.014061
0.013338
0.014725
0.014936
0.014799
0.015059
0.015322
0.014826
0.015009
0.014253
0.016928
0.016709
0.011459
0.014980
0.014176
0.014741
0.015447
0.015966
0.014255
0.013702
0.016263
0.013303
0.015407
0.014421
0.014959
0.015112
0.019183
0.009941
0.015598
0.014958
0.014123
0.015053
0.014624
0.015466
0.014344
0.015005
0.014532
0.015997
0.015531
0.013065
0.015354
0.014035
0.015125
0.014834
0.017819
0.013453
0.013185
0.014688
0.014925
0.014570
0.017470
0.013396
0.019471
0.009360
0.014729
0.015479
0.014214
0.015193
0.014539
0.015310
0.014291
0.014664
0.015438
0.014530
0.014753
0.014892
0.014798
0.016930
0.013598
0.014366
0.014629
0.017400
0.012949
0.014185
0.014947
0.017176
0.013272
0.013840
0.014547
0.015319
0.014747
0.014959
0.015129
0.014710
0.015712
0.014455
0.013927
0.014898
0.016295
0.013166
0.015055
0.015769
0.013827
0.015671
0.015444
0.013990
0.014892
0.016297
0.012644
0.015163
0.017761
0.011522
0.015113
0.015267
0.014126
0.015104
0.015000
0.016239
0.013096
0.014753
0.015354
0.014353
0.014928
0.014759
0.015652
0.014200
0.014829
0.014995
0.015477
0.013998
0.016809
0.012651
0.015423
0.014485
0.015453
0.017034
0.012723
0.014893
0.014516
0.017999
0.012300
0.014372
0.015302
0.013647
0.015594
0.014575
0.014616
0.014674
0.015365
0.015669
0.013411
0.014846
0.014844
0.018462
0.012187
0.014262
0.016908
0.012309
0.015287
0.014495
0.015050
0.014910
0.014621
0.014756
0.014764
0.015180
0.014737
0.014905
0.014574
0.015102
0.014843
0.015367
0.014249
0.015062
0.014462
0.015917
0.019337
0.009690
0.014341
0.018501
0.012133
0.014849
0.014131
0.014762
0.015521
0.014571
0.016373
0.014126
0.014434
0.015811
0.012988
0.107346
0.006928
0.000302
0.000151
0.000136
0.000133
0.000133
0.004279
0.015563
0.014161
0.096435
0.000279
0.000146
0.000136
0.000132
0.000132
0.006603
0.014518
0.015831
0.091628
0.000289
0.000148
0.000135
0.000132
0.000133
0.009894
0.014984
0.015000
0.099525
0.000281
0.000145
0.000137
0.000214
0.000137
0.007113
0.010936
0.014744
0.097090
0.006836
0.000306
0.000152
0.000136
0.000135
0.006505
0.012087
0.011281
0.042712
0.097160
0.000282
0.004916
0.000278
0.000145
0.000137
0.000139
0.000133
0.006746
0.010523
0.018666
0.011803
0.015044
0.013730
0.022272
0.009013
0.014206
0.048036
0.009921
0.000284
0.034932
0.007408
0.000280
0.019319
0.017539
0.016937
0.014997
0.004870
0.011801
0.668476
0.000341
0.000158
0.000138
0.000133
0.000132
0.000131
0.000130
0.000130
0.000130
0.000128
0.000129
0.000128
0.000129
0.000130
0.013557
0.000288
0.000156
0.000135
0.000132
0.000138
0.000132
0.000130
0.000130
0.000131
0.000142
0.000130
0.000130
0.000129
0.000130
0.000129
0.000130
0.000129
0.000129
0.000130
0.000128
0.000130
0.000128
0.000129
0.000129
0.000128
0.000208
0.000133
0.000130
0.000100
0.000101
0.000593
0.015832
0.015439
0.012127
