-30.770000, 33.120000, 9.790000
-29.140000, 43.640000, 13.320000
-24.910000, 53.250000, 12.770000
-19.540000, 58.380000, 10.060000
-12.060000, 58.510000, 7.590000
-4.230000, 53.660000, 3.350000
-0.170000, 45.540000,-0.700000
 1.540000, 36.510000,-1.320000
 2.280000, 27.780000, 1.400000
 3.210000, 20.560000, 5.490000
 4.610000, 16.580000, 9.170000
 7.150000, 16.000000, 11.590000
 10.410000, 19.120000, 11.610000
 12.160000, 22.860000, 8.000000
 10.090000, 26.170000, 2.190000
 6.010000, 29.120000,-2.410000
 1.580000, 32.050000,-4.740000
-2.070000, 35.220000,-5.160000
-1.900000, 38.930000,-3.930000
 1.240000, 41.250000,-3.160000
 5.260000, 43.030000,-2.580000
 8.740000, 43.290000,-2.020000
 9.360000, 41.160000,-0.760000
 7.450000, 38.480000, 0.000000
 4.640000, 35.230000, 0.130000
 2.490000, 31.610000,-0.290000
 1.480000, 29.640000, 0.070000
 1.870000, 27.380000, 0.540000
 2.160000, 24.590000, 1.390000
 2.150000, 21.770000, 2.580000
 0.390000, 19.220000, 3.700000
-1.750000, 17.110000, 4.690000
-3.160000, 16.220000, 4.480000
-2.130000, 15.120000, 3.830000
 1.740000, 15.140000, 2.390000
 7.480000, 13.130000,-0.580000
 10.120000, 9.490000,-2.520000
 8.040000, 6.480000,-3.250000
 5.960000, 1.350000,-4.830000
 5.550000,-5.290000,-5.720000
 6.160000,-11.470000,-4.060000
 8.230000,-17.640000,-1.090000
 9.410000,-23.790000, 0.870000
 8.360000,-29.640000, 0.940000
 7.120000,-33.740000,-1.160000
 7.030000,-39.970000,-4.880000
 10.910000,-48.390000,-7.960000
 18.500000,-58.000000,-9.350000
 26.840000,-66.940000,-7.410000
 32.670000,-73.960000,-2.990000
 37.990000,-79.810000,-0.940000
 42.830000,-84.530000,-1.400000
 45.520000,-88.060000,-2.400000
 47.120000,-91.660000,-3.410000
 49.150000,-98.700000,-4.770000
 49.040000,-108.380000,-3.960000
 45.080000,-118.550000,-0.480000
 37.380000,-127.260000, 4.690000
 30.600000,-134.770000, 9.390000
 26.830000,-141.690000, 13.160000
 25.560000,-146.120000, 16.210000
 26.430000,-149.490000, 17.220000
 27.770000,-150.090000, 17.780000
 30.480000,-148.740000, 19.110000
 34.070000,-146.830000, 22.190000
 37.450000,-144.140000, 25.030000
 35.700000,-142.380000, 26.800000
 28.120000,-142.990000, 27.900000
 16.530000,-145.570000, 28.380000
 4.120000,-151.230000, 29.000000
-4.870000,-158.790000, 31.390000
-7.060000,-169.020000, 34.620000
-4.370000,-179.540000, 36.850000
 1.010000,-189.780000, 38.360000
 8.350000,-200.290000, 38.570000
 14.580000,-213.410000, 36.410000
 17.800000,-229.500000, 32.830000
 17.680000,-243.470000, 29.470000
 16.450000,-250.130000, 28.660000
 14.350000,-250.130000, 27.920000
 9.690000,-250.130000, 25.630000
 6.180000,-250.130000, 21.020000
 4.510000,-247.710000, 15.440000
 1.230000,-234.190000, 3.870000
-5.620000,-221.950000,-11.210000
-8.940000,-210.230000,-22.220000
-7.920000,-202.940000,-22.700000
-9.630000,-202.930000,-11.370000
-14.670000,-203.880000, 3.100000
-10.120000,-203.110000, 11.680000
 8.110000,-204.900000, 10.920000
 33.770000,-212.710000, 5.350000
 48.650000,-222.060000, 2.690000
 48.990000,-231.480000, 5.390000
 41.420000,-242.790000, 9.630000
 34.390000,-250.130000, 14.360000
 31.090000,-250.130000, 19.510000
 31.350000,-250.130000, 23.950000
 32.700000,-250.130000, 25.800000
 34.700000,-250.130000, 23.970000
 35.960000,-250.130000, 19.580000
 38.320000,-250.130000, 15.250000
 40.970000,-250.130000, 12.740000
 42.350000,-250.130000, 11.320000
 42.140000,-250.130000, 8.800000
 40.410000,-250.130000, 6.680000
 40.420000,-250.130000, 7.270000
 42.590000,-250.130000, 8.700000
 44.330000,-250.130000, 11.590000
 46.800000,-250.130000, 15.570000
 49.230000,-250.130000, 17.980000
 55.680000,-250.130000, 18.320000
 66.040000,-250.130000, 21.360000
 82.870000,-250.130000, 28.780000
 94.900000,-250.130000, 41.170000
 92.250000,-250.130000, 56.880000
 80.810000,-250.130000, 67.960000
 62.390000,-250.130000, 66.400000
 45.010000,-250.130000, 53.610000
 32.760000,-250.130000, 38.540000
 24.350000,-250.130000, 29.090000
 21.550000,-250.130000, 28.400000
 21.270000,-250.130000, 31.560000
 21.960000,-249.760000, 33.880000
 20.250000,-245.400000, 32.940000
 17.510000,-243.610000, 31.210000
 15.830000,-244.660000, 29.930000
 16.860000,-248.180000, 31.300000
 18.250000,-250.130000, 33.730000
 18.690000,-250.130000, 34.680000
 20.830000,-250.130000, 32.590000
 23.960000,-250.130000, 28.460000
 27.900000,-250.130000, 25.190000
 28.470000,-250.130000, 21.360000
 25.020000,-250.130000, 16.000000
 21.470000,-250.130000, 9.770000
 16.700000,-250.130000, 4.640000
 11.690000,-250.130000, 3.190000
 9.630000,-250.130000, 7.610000
 9.720000,-250.130000, 16.060000
 15.090000,-250.130000, 24.760000
 18.450000,-250.130000, 31.190000
 17.920000,-245.540000, 27.360000
 10.430000,-234.420000, 16.440000
-4.540000,-216.490000, 4.600000
-18.130000,-195.740000,-7.770000
-24.880000,-170.860000,-16.300000
-24.600000,-145.830000,-17.340000
-20.120000,-122.540000,-14.390000
-14.460000,-102.740000,-11.510000
-3.750000,-91.160000,-5.430000
 5.540000,-88.380000, 2.570000
 12.230000,-90.150000, 8.270000
 14.920000,-92.960000, 10.290000
 13.480000,-94.450000, 8.350000
 12.570000,-93.540000, 4.240000
 9.280000,-87.700000,-0.200000
 6.120000,-77.800000,-3.360000
 4.280000,-66.380000,-6.120000
 2.490000,-59.260000,-9.580000
 0.890000,-55.220000,-10.070000
 1.030000,-52.160000,-5.640000
 1.850000,-48.890000, 0.440000
 3.300000,-46.900000, 5.470000
 1.770000,-45.610000, 8.240000
-0.410000,-44.520000, 9.140000
-0.380000,-42.520000, 7.800000
 2.410000,-38.090000, 4.270000
 6.610000,-34.090000, 3.560000
 8.730000,-29.140000, 10.870000
 6.510000,-21.520000, 18.000000
 5.810000,-20.270000, 16.190000
 2.270000,-24.760000, 9.950000
-3.290000,-29.970000, 4.380000
-4.960000,-33.650000, 0.090000
-2.660000,-36.180000,-3.540000
 0.290000,-37.520000,-4.400000
 3.220000,-35.940000,-3.110000
 2.290000,-31.920000,-0.750000
 1.610000,-25.770000, 0.530000
 3.580000,-18.430000,-0.170000
 3.170000,-12.930000, 0.570000
 0.610000,-10.250000, 2.790000
-0.630000,-9.600000, 4.200000
 1.480000,-9.700000, 3.700000
 3.580000,-9.720000, 1.450000
 4.600000,-9.450000,-0.300000
 5.060000,-7.820000, 0.110000
 5.670000,-3.080000, 0.380000
 6.960000, 4.410000, 0.460000
 7.140000, 12.960000, 0.860000
 5.610000, 21.580000, 1.060000
 3.130000, 29.680000, 0.670000
-1.860000, 35.540000, 1.090000
-7.200000, 39.800000, 1.930000
-9.960000, 41.670000, 2.310000
-10.930000, 41.310000, 2.930000
-9.620000, 39.210000, 2.760000
-7.380000, 36.740000, 2.870000
-5.670000, 35.240000, 2.930000
-3.640000, 35.400000, 2.880000
-1.610000, 36.710000, 2.180000
 0.400000, 39.060000, 1.260000
 0.960000, 40.760000, 0.300000
 0.050000, 41.760000, 0.200000
-0.830000, 40.750000,-0.190000
-2.160000, 39.480000,-1.340000
-4.980000, 35.770000,-2.470000
-6.550000, 31.390000,-2.890000
-7.180000, 27.600000,-1.590000
-7.940000, 21.970000, 0.020000
-6.580000, 19.770000,-1.010000
-3.090000, 17.680000,-2.810000
 1.410000, 13.180000,-1.960000
 4.540000, 8.110000,-1.360000
 2.550000, 3.090000,-2.600000
-0.300000,-0.750000,-3.470000
 0.850000,-5.120000,-2.480000
 2.810000,-8.720000,-0.900000
 6.990000,-10.790000, 0.030000
 11.160000,-11.840000,-0.010000
 13.880000,-12.460000,-1.040000
 13.080000,-11.610000,-2.770000
 7.700000,-10.180000,-3.330000
 2.010000,-8.340000,-4.320000
-0.300000,-8.720000,-7.130000
 0.960000,-9.880000,-11.150000
 2.470000,-13.450000,-14.050000
 1.950000,-20.750000,-13.280000
 2.450000,-30.580000,-8.720000
 6.380000,-44.960000,-3.260000
 11.380000,-60.590000, 2.280000
 20.160000,-75.380000, 4.510000
 28.830000,-88.670000, 2.540000
 34.480000,-98.130000, 1.220000
 41.110000,-104.380000, 2.340000
 47.670000,-104.350000, 5.530000
 56.770000,-102.310000, 7.270000
 67.570000,-98.670000, 6.580000
 71.850000,-95.770000, 5.800000
 64.220000,-94.750000, 7.080000
 48.220000,-95.930000, 10.000000
 31.710000,-100.130000, 12.160000
 18.560000,-107.340000, 12.000000
 9.380000,-116.000000, 9.740000
 3.020000,-125.270000, 8.940000
 0.260000,-133.970000, 12.070000
 3.070000,-142.570000, 19.190000
 12.990000,-151.190000, 26.190000
 26.560000,-158.870000, 31.240000
 36.770000,-165.430000, 34.020000
 42.220000,-169.840000, 33.970000
 40.040000,-173.140000, 30.990000
 30.920000,-176.820000, 27.130000
 20.290000,-180.210000, 24.800000
 12.190000,-181.140000, 25.060000
 9.510000,-180.830000, 27.670000
 10.200000,-183.040000, 30.930000
 13.120000,-186.820000, 33.590000
 18.880000,-195.070000, 34.400000
 24.060000,-205.920000, 33.970000
 25.660000,-216.740000, 33.650000
 25.480000,-227.460000, 33.750000
 26.000000,-238.280000, 33.150000
 25.450000,-248.060000, 31.790000
 23.240000,-250.130000, 32.100000
 20.130000,-250.130000, 33.860000
 13.970000,-250.130000, 34.760000
 4.870000,-250.130000, 32.080000
-2.020000,-250.130000, 25.430000
-10.100000,-250.130000, 18.730000
-14.580000,-249.940000, 15.310000
-14.600000,-241.670000, 11.630000
-12.970000,-237.930000,-0.630000
-9.600000,-236.050000,-20.380000
-3.080000,-231.740000,-35.060000
 8.480000,-227.030000,-32.830000
 14.580000,-224.800000,-14.660000
 16.780000,-226.480000, 4.540000
 23.850000,-226.780000, 15.270000
 26.360000,-225.670000, 17.600000
 23.640000,-225.850000, 12.820000
 22.850000,-226.210000, 6.160000
 28.300000,-224.060000, 0.980000
 34.340000,-220.540000, 0.030000
 39.340000,-217.270000, 2.480000
 42.370000,-212.930000, 6.830000
 43.450000,-209.030000, 10.540000
 42.570000,-206.540000, 12.090000
 41.830000,-204.870000, 11.700000
 41.830000,-204.750000, 11.580000
 40.960000,-206.340000, 11.600000
 40.740000,-209.820000, 11.310000
 40.350000,-212.290000, 10.990000
 38.330000,-214.800000, 10.540000
 35.220000,-217.660000, 8.110000
 32.740000,-222.330000, 2.120000
 31.250000,-229.120000,-4.630000
 34.430000,-237.060000,-8.820000
 43.550000,-247.310000,-10.000000
 57.860000,-250.130000,-7.700000
 70.770000,-250.130000,-1.610000
 76.560000,-250.130000, 8.760000
 75.680000,-250.130000, 20.800000
 74.800000,-250.130000, 28.250000
 85.120000,-250.130000, 30.960000
 103.740000,-250.130000, 33.200000
 115.330000,-250.130000, 39.830000
 105.910000,-250.130000, 48.610000
 75.910000,-250.130000, 55.340000
 46.290000,-250.130000, 53.610000
 33.180000,-247.530000, 43.000000
 27.660000,-244.750000, 33.210000
 23.050000,-244.580000, 30.450000
 23.750000,-242.870000, 34.110000
 28.830000,-239.610000, 38.530000
 31.390000,-234.700000, 42.740000
 28.210000,-230.710000, 45.420000
 21.450000,-229.240000, 44.700000
 14.740000,-226.800000, 42.040000
 11.700000,-222.500000, 36.900000
 9.450000,-218.730000, 28.930000
 9.100000,-213.740000, 19.880000
 12.150000,-207.120000, 12.510000
 15.860000,-202.330000, 7.440000
 17.330000,-200.030000, 3.560000
 15.220000,-197.950000, 1.940000
 11.350000,-195.980000, 3.490000
 7.200000,-195.070000, 5.440000
 6.200000,-193.760000, 7.460000
 9.250000,-197.060000, 9.000000
 13.580000,-202.340000, 13.000000
 14.280000,-202.540000, 22.050000
 14.630000,-203.090000, 28.430000
 14.350000,-203.250000, 28.350000
 10.170000,-199.680000, 25.600000
-0.340000,-189.450000, 21.430000
-8.830000,-177.580000, 14.910000
-8.940000,-161.970000, 7.850000
-3.970000,-145.590000, 3.950000
-0.290000,-132.600000, 3.290000
 3.200000,-127.000000, 4.850000
 6.090000,-127.370000, 8.740000
 8.830000,-130.000000, 13.220000
 9.220000,-131.190000, 14.470000
 8.240000,-130.500000, 11.550000
 8.720000,-125.510000, 6.990000
 11.800000,-113.930000, 4.130000
 15.820000,-98.930000, 3.590000
 18.430000,-82.310000, 4.830000
 17.290000,-64.990000, 5.870000
 15.490000,-46.900000, 4.440000
 11.880000,-30.960000, 2.480000
 6.820000,-18.130000, 0.920000
 1.930000,-8.680000, 0.480000
-2.060000,-2.390000,-0.670000
-5.110000, 1.650000,-2.400000
-5.210000, 3.580000,-3.870000
-4.510000, 3.070000,-4.950000
-3.610000, 0.040000,-6.100000
-4.640000,-5.720000,-6.720000
-7.210000,-13.380000,-5.610000
-11.760000,-20.160000,-3.950000
-16.770000,-25.390000,-3.030000
-17.090000,-27.690000,-4.740000
-13.220000,-27.160000,-4.930000
-8.070000,-22.970000,-2.680000
-5.030000,-18.120000, 2.490000
-5.060000,-11.460000, 9.640000
-5.370000,-4.150000, 14.350000
-5.710000, 0.930000, 12.660000
-7.540000, 4.800000, 9.490000
-10.290000, 6.680000, 5.510000
-8.640000, 6.850000, 0.640000
-3.810000, 6.140000,-2.460000
 1.670000, 4.210000,-2.190000
 5.510000, 1.200000, 1.000000
 9.650000,-2.730000, 4.540000
 12.900000,-5.760000, 5.390000
 17.540000,-7.380000, 3.600000
 20.170000,-8.340000, 1.550000
 18.380000,-8.870000, 0.870000
 14.630000,-9.610000, 2.850000
 12.920000,-10.090000, 7.300000
 15.740000,-11.700000, 11.190000
 21.430000,-13.120000, 13.170000
 27.600000,-14.850000, 11.840000
 31.440000,-18.400000, 8.840000
 31.250000,-23.300000, 7.910000
 25.980000,-28.680000, 9.330000
 22.420000,-37.230000, 10.190000
 25.460000,-46.820000, 9.670000
 30.480000,-52.220000, 10.960000
 50.150000,-62.580000, 11.320000
 69.450000,-76.610000, 3.600000
 63.700000,-81.380000,-3.540000
 55.570000,-86.060000,-3.510000
 55.130000,-93.860000, 0.290000
 55.580000,-102.670000, 3.250000
 52.410000,-110.930000, 4.670000
 45.370000,-119.400000, 6.420000
 38.160000,-126.940000, 9.080000
 31.470000,-132.540000, 12.820000
 25.500000,-136.060000, 17.970000
 20.090000,-139.150000, 23.060000
 21.100000,-141.810000, 25.850000
 27.640000,-145.350000, 27.200000
 33.690000,-149.070000, 28.430000
 37.390000,-153.610000, 30.060000
 37.540000,-158.000000, 31.590000
 32.870000,-162.480000, 32.700000
 25.760000,-166.470000, 33.400000
 18.060000,-169.300000, 32.740000
 13.370000,-171.000000, 30.700000
 12.310000,-170.870000, 28.440000
 11.800000,-168.830000, 27.770000
 12.360000,-164.660000, 28.770000
 13.690000,-161.120000, 29.090000
 13.930000,-158.780000, 27.170000
 13.940000,-156.920000, 24.540000
 14.320000,-156.440000, 22.870000
 15.470000,-157.460000, 22.700000
 16.930000,-160.260000, 24.850000
 16.450000,-164.350000, 28.700000
 14.520000,-168.910000, 32.780000
 13.160000,-171.680000, 36.250000
 11.370000,-174.920000, 38.910000
 7.720000,-178.030000, 41.350000
 4.490000,-179.960000, 42.480000
 2.930000,-179.150000, 40.480000
 3.060000,-178.620000, 35.210000
 4.900000,-175.450000, 27.800000
 5.750000,-168.860000, 17.710000
 4.450000,-160.440000, 2.910000
 1.030000,-155.380000,-13.000000
-3.420000,-156.350000,-18.880000
-2.210000,-162.600000,-10.460000
 5.180000,-171.480000, 6.590000
 17.670000,-181.540000, 21.390000
 26.970000,-192.680000, 27.290000
 26.060000,-203.620000, 27.030000
 18.710000,-211.420000, 24.930000
 14.720000,-215.900000, 20.000000
 15.500000,-216.330000, 13.730000
 22.840000,-214.640000, 8.020000
 31.040000,-213.160000, 6.380000
 38.200000,-213.450000, 7.690000
 44.080000,-215.090000, 10.210000
 48.560000,-216.510000, 14.190000
 50.610000,-217.900000, 18.580000
 50.910000,-220.700000, 22.120000
 48.420000,-223.760000, 24.320000
 44.080000,-225.510000, 23.700000
 39.870000,-224.060000, 20.210000
 37.280000,-222.210000, 12.880000
 36.730000,-222.820000, 4.240000
 38.120000,-226.860000,-3.120000
 41.740000,-232.930000,-8.510000
 54.100000,-239.430000,-12.450000
 74.050000,-247.130000,-12.490000
 94.830000,-250.130000,-0.320000
 103.580000,-250.130000, 22.690000
 99.730000,-241.480000, 41.930000
 98.400000,-229.040000, 50.450000
 101.970000,-215.090000, 52.420000
 105.490000,-203.850000, 53.750000
 102.900000,-203.570000, 52.620000
 80.780000,-210.670000, 53.860000
 50.030000,-220.850000, 62.960000
 32.660000,-231.620000, 72.030000
 33.180000,-244.960000, 71.160000
 40.050000,-250.130000, 63.810000
 40.340000,-250.130000, 56.750000
 35.230000,-250.130000, 53.100000
 29.960000,-250.130000, 53.400000
 28.160000,-250.130000, 56.150000
 30.090000,-248.900000, 59.630000
 31.380000,-242.120000, 60.700000
 30.530000,-238.570000, 57.610000
 27.690000,-236.800000, 50.830000
 24.410000,-235.930000, 44.060000
 21.450000,-236.080000, 39.330000
 17.960000,-236.560000, 35.000000
 17.380000,-236.400000, 30.730000
 17.670000,-237.130000, 26.960000
 17.120000,-237.220000, 23.540000
 16.700000,-237.020000, 19.580000
 15.230000,-236.120000, 17.240000
 14.190000,-234.200000, 17.080000
 17.130000,-230.050000, 18.480000
 19.040000,-229.580000, 20.050000
 24.490000,-232.680000, 25.540000
 28.640000,-233.380000, 35.520000
 31.650000,-229.190000, 41.580000
 29.410000,-219.800000, 34.310000
 17.610000,-204.670000, 16.500000
 7.930000,-184.960000, 1.260000
 2.360000,-161.790000,-2.380000
-3.760000,-140.810000, 2.120000
-0.960000,-121.850000, 9.370000
 6.830000,-104.930000, 19.300000
 11.970000,-95.320000, 28.320000
 14.420000,-93.000000, 32.520000
 13.400000,-94.510000, 31.070000
 11.120000,-96.540000, 23.450000
 8.630000,-97.610000, 12.670000
 7.790000,-97.240000, 5.120000
 9.690000,-97.720000, 3.530000
 11.460000,-98.640000, 7.160000
 10.880000,-101.100000, 12.760000
 8.160000,-105.210000, 15.330000
 4.280000,-109.670000, 14.650000
 0.000000,-113.250000, 11.560000
-3.850000,-117.180000, 6.740000
-7.150000,-119.480000, 1.220000
-6.440000,-116.830000,-5.480000
-2.090000,-107.380000,-12.020000
-0.540000,-93.790000,-13.720000
-7.060000,-80.540000,-1.370000
-13.060000,-63.540000, 14.960000
-7.220000,-48.120000, 19.260000
-5.240000,-36.060000, 15.850000
-9.130000,-28.440000, 8.640000
-7.900000,-26.250000,-0.020000
-1.300000,-29.510000,-7.830000
 5.120000,-34.960000,-11.250000
 4.000000,-38.380000,-7.580000
-0.900000,-39.670000,-0.160000
-2.910000,-38.470000, 3.280000
-6.630000,-33.960000, 1.690000
-10.260000,-28.090000,-0.740000
-11.190000,-21.940000,-1.750000
-7.160000,-17.550000,-1.930000
-2.060000,-15.610000,-1.800000
 0.170000,-15.630000,-1.580000
-0.290000,-16.720000,-0.220000
 0.020000,-17.320000, 1.360000
 1.320000,-17.210000, 0.960000
 1.390000,-14.840000,-0.090000
 0.150000,-12.150000,-1.290000
-2.470000,-8.970000,-0.770000
-3.930000,-5.650000, 2.890000
-2.350000,-2.640000, 7.340000
 0.950000, 0.390000, 11.900000
 7.860000, 3.840000, 13.930000
 14.770000, 6.170000, 12.590000
 18.600000, 8.170000, 8.090000
 18.820000, 9.690000, 3.370000
 15.740000, 10.560000, 1.060000
 11.390000, 10.380000, 1.140000
 7.730000, 9.820000, 2.380000
 7.120000, 9.410000, 2.510000
 9.260000, 8.450000, 0.760000
 13.610000, 7.940000,-1.680000
 20.530000, 7.480000,-4.890000
 27.500000, 4.400000,-7.580000
 33.580000, 2.130000,-6.710000
 40.330000,-0.180000,-4.180000
 46.830000,-5.740000,-3.290000
 52.920000,-11.520000,-4.120000
 57.290000,-17.540000,-6.040000
 59.760000,-25.800000,-7.130000
 59.290000,-35.750000,-5.480000
 55.230000,-46.720000,-1.060000
 48.220000,-57.000000, 3.310000
 40.010000,-64.620000, 6.580000
 31.080000,-70.250000, 8.290000
 22.410000,-74.670000, 9.900000
 14.740000,-78.780000, 11.310000
 11.500000,-81.580000, 12.170000
 12.700000,-84.350000, 12.380000
 15.180000,-89.380000, 13.840000
 16.990000,-95.230000, 18.840000
 15.620000,-103.060000, 26.350000
 13.830000,-112.530000, 34.950000
 12.430000,-122.320000, 42.250000
 10.640000,-133.220000, 47.240000
 8.230000,-143.990000, 51.320000
 5.240000,-153.640000, 53.960000
 2.860000,-161.410000, 56.070000
 3.350000,-168.190000, 57.730000
 5.900000,-175.660000, 58.090000
 10.030000,-185.740000, 57.160000
 15.500000,-198.250000, 56.270000
 21.220000,-212.290000, 55.320000
 24.130000,-227.260000, 52.930000
 21.580000,-242.360000, 48.390000
 14.290000,-250.130000, 42.870000
 4.740000,-250.130000, 37.380000
-4.880000,-250.130000, 31.940000
-12.700000,-250.130000, 30.740000
-17.490000,-249.010000, 32.020000
-20.800000,-236.830000, 26.250000
-21.070000,-227.900000, 6.470000
-12.820000,-222.580000,-15.700000
 0.960000,-211.930000,-21.820000
 8.490000,-204.290000,-12.730000
 7.130000,-206.160000, 2.510000
 1.480000,-217.470000, 13.580000
 5.770000,-228.690000, 16.730000
 14.480000,-238.950000, 15.130000
 27.040000,-249.750000, 11.040000
 39.540000,-250.130000, 7.070000
 43.740000,-250.130000, 7.380000
 41.910000,-250.130000, 10.710000
 36.000000,-250.130000, 14.450000
 32.240000,-250.130000, 16.760000
 33.270000,-250.130000, 18.430000
 39.220000,-250.130000, 20.810000
 49.090000,-250.130000, 25.070000
 56.640000,-250.130000, 29.740000
 60.930000,-250.130000, 34.520000
 59.520000,-250.130000, 38.030000
 54.450000,-250.130000, 38.070000
 49.400000,-250.130000, 32.700000
 45.000000,-250.130000, 24.800000
 44.810000,-250.130000, 18.990000
 49.960000,-250.130000, 18.120000
 60.160000,-250.130000, 23.080000
 68.370000,-250.130000, 32.350000
 70.420000,-250.130000, 41.450000
 71.770000,-250.130000, 48.320000
 77.800000,-250.130000, 51.610000
 88.390000,-250.130000, 51.800000
 91.590000,-250.130000, 49.350000
 77.450000,-250.130000, 44.990000
 54.180000,-250.130000, 40.340000
 37.110000,-250.130000, 37.470000
 29.490000,-250.130000, 35.510000
 30.480000,-250.130000, 33.850000
 37.030000,-250.130000, 37.160000
 45.730000,-250.130000, 45.760000
 48.890000,-249.250000, 54.040000
 46.740000,-242.640000, 58.880000
 40.910000,-237.120000, 59.660000
 32.360000,-234.060000, 58.350000
 21.660000,-233.180000, 56.610000
 10.320000,-236.900000, 53.450000
 2.680000,-242.050000, 48.190000
 0.160000,-246.560000, 42.220000
 3.840000,-250.130000, 35.740000
 10.110000,-250.130000, 29.890000
 16.140000,-250.130000, 25.910000
 20.880000,-250.130000, 22.720000
 23.180000,-250.130000, 18.300000
 22.320000,-250.130000, 14.080000
 18.610000,-250.130000, 12.440000
 13.930000,-245.170000, 13.430000
 10.510000,-237.220000, 16.610000
 10.280000,-232.780000, 22.620000
 13.190000,-230.700000, 32.320000
 14.850000,-229.740000, 41.350000
 10.410000,-228.380000, 44.420000
 1.320000,-226.410000, 35.580000
-3.950000,-222.060000, 15.510000
 0.890000,-210.450000,-2.210000
 10.690000,-193.430000,-4.040000
 17.550000,-180.120000, 7.330000
 26.280000,-169.350000, 19.850000
 27.540000,-163.510000, 26.030000
 25.210000,-158.970000, 30.900000
 21.520000,-153.930000, 33.220000
 19.540000,-146.460000, 29.130000
 20.360000,-136.160000, 21.730000
 24.300000,-121.550000, 13.760000
 27.280000,-105.740000, 8.870000
 26.060000,-92.960000, 6.910000
 17.830000,-84.440000, 6.400000
 6.490000,-79.670000, 6.670000
-1.830000,-77.520000, 6.060000
-4.770000,-76.070000, 5.380000
-5.700000,-75.300000, 5.220000
-5.860000,-75.480000, 6.090000
-5.160000,-77.000000, 6.090000
-3.230000,-77.990000, 5.670000
-0.730000,-75.670000, 6.920000
 3.430000,-70.270000, 8.700000
 9.290000,-63.900000, 10.270000
 12.980000,-55.410000, 14.160000
 12.300000,-46.250000, 21.980000
 7.890000,-37.670000, 27.190000
 1.180000,-29.610000, 24.220000
-2.890000,-22.210000, 15.210000
-5.550000,-15.590000, 5.170000
-7.250000,-10.190000,-1.070000
-6.730000,-6.380000,-2.120000
-7.320000,-3.960000,-2.450000
-7.740000,-2.760000,-2.250000
-5.850000,-1.500000,-2.330000
-5.380000,-1.260000,-1.170000
-5.060000,-0.730000, 1.700000
-4.370000,-0.510000, 5.390000
-4.440000,-0.310000, 8.060000
-4.670000,-1.840000, 9.670000
-5.690000,-3.090000, 10.740000
-6.580000,-3.780000, 9.610000
-5.570000,-4.030000, 5.910000
-4.930000,-4.380000, 1.470000
-4.410000,-5.550000,-2.380000
-3.300000,-6.650000,-5.020000
-2.880000,-7.810000,-4.810000
-3.290000,-7.120000,-2.050000
-4.350000,-6.130000, 0.750000
-3.600000,-3.680000, 2.460000
-0.870000, 0.190000, 2.770000
 1.120000, 4.030000, 1.710000
 2.160000, 6.290000,-0.650000
 3.620000, 6.580000,-2.700000
 6.410000, 4.850000,-4.000000
 9.890000, 2.240000,-5.610000
 14.090000,-2.930000,-6.650000
 20.600000,-9.080000,-5.580000
 26.230000,-14.230000,-2.910000
 29.850000,-17.140000,-0.850000
 36.820000,-18.930000,-1.020000
 45.560000,-22.490000,-2.140000
 52.170000,-27.030000,-3.380000
 54.940000,-33.630000,-3.680000
 53.100000,-41.280000,-2.980000
 46.970000,-50.330000,-0.640000
 39.740000,-58.580000, 2.610000
 32.780000,-66.070000, 4.790000
 25.900000,-73.680000, 6.860000
 20.230000,-81.460000, 8.510000
 17.950000,-88.100000, 9.080000
 18.610000,-90.440000, 7.400000
 25.740000,-96.400000, 8.140000
 32.000000,-107.600000, 10.310000
 27.860000,-114.450000, 11.780000
 19.690000,-117.090000, 12.000000
 16.510000,-120.670000, 14.270000
 17.120000,-125.490000, 18.960000
 19.300000,-130.810000, 24.040000
 21.830000,-136.090000, 28.380000
 22.610000,-140.570000, 31.450000
 20.090000,-145.080000, 33.550000
 15.240000,-149.470000, 35.770000
 9.620000,-152.580000, 39.440000
 6.610000,-156.170000, 43.740000
 5.830000,-162.830000, 46.350000
 7.650000,-172.830000, 47.380000
 11.120000,-184.180000, 47.670000
 13.830000,-196.340000, 47.070000
 15.700000,-208.440000, 47.380000
 17.550000,-220.360000, 49.180000
 19.050000,-232.560000, 50.670000
 15.710000,-244.290000, 50.060000
 9.720000,-250.130000, 47.050000
 6.000000,-250.130000, 41.430000
 2.310000,-250.130000, 33.770000
-2.290000,-250.130000, 24.550000
-3.630000,-248.810000, 16.320000
-6.090000,-235.960000, 11.190000
-10.220000,-227.040000, 1.540000
-9.850000,-225.030000,-15.320000
 1.250000,-219.800000,-23.000000
 16.190000,-213.750000,-13.450000
 20.320000,-217.480000, 3.450000
 17.390000,-227.950000, 18.170000
 13.610000,-237.840000, 26.930000
 19.320000,-243.520000, 29.030000
 26.130000,-248.000000, 25.500000
 32.450000,-249.850000, 16.580000
 35.740000,-248.610000, 7.640000
 35.680000,-245.250000, 2.110000
 33.830000,-242.200000, 0.540000
 34.420000,-239.870000, 2.210000
 35.880000,-238.910000, 7.440000
 39.480000,-239.770000, 14.140000
 44.500000,-242.480000, 20.480000
 47.640000,-245.410000, 25.320000
 47.980000,-249.530000, 27.250000
 47.830000,-250.130000, 27.740000
 46.740000,-250.130000, 27.790000
 43.430000,-250.130000, 28.020000
 37.860000,-250.130000, 27.820000
 34.370000,-250.130000, 25.910000
 36.370000,-250.130000, 20.680000
 41.020000,-250.130000, 17.400000
 48.770000,-250.130000, 20.550000
 56.290000,-250.130000, 27.910000
 57.380000,-250.130000, 35.230000
 52.390000,-250.130000, 38.850000
 51.450000,-250.130000, 39.330000
 62.370000,-250.130000, 37.810000
 80.390000,-250.130000, 34.510000
 99.450000,-250.130000, 31.290000
 94.000000,-250.130000, 32.660000
 70.190000,-250.130000, 39.800000
 50.280000,-250.130000, 46.140000
 40.640000,-250.130000, 42.690000
 34.190000,-250.130000, 32.480000
 31.510000,-250.130000, 27.620000
 36.610000,-250.130000, 33.480000
 49.060000,-250.130000, 43.540000
 56.300000,-250.130000, 50.510000
 52.690000,-247.310000, 53.160000
 38.220000,-246.860000, 53.850000
 24.890000,-248.700000, 55.110000
 17.030000,-250.130000, 54.670000
 11.250000,-250.130000, 50.980000
 10.230000,-250.130000, 44.860000
 14.730000,-239.190000, 36.730000
 18.790000,-229.930000, 27.410000
 19.940000,-224.160000, 18.490000
 19.920000,-222.470000, 12.250000
 19.800000,-222.360000, 9.090000
 20.940000,-223.900000, 8.360000
 20.120000,-220.550000, 8.870000
 14.620000,-211.650000, 8.000000
 12.520000,-200.960000, 1.330000
 17.220000,-200.020000,-11.640000
 26.990000,-205.230000,-23.480000
 26.580000,-201.770000,-23.150000
 11.960000,-200.460000,-14.930000
-10.900000,-201.760000,-3.330000
-28.320000,-194.210000, 9.900000
-32.720000,-176.770000, 21.420000
-19.040000,-153.620000, 21.380000
 5.770000,-129.290000, 9.790000
 22.460000,-107.350000, 1.520000
 25.240000,-94.590000, 2.670000
 17.930000,-90.760000, 9.270000
 10.530000,-89.740000, 17.810000
 8.580000,-85.900000, 23.320000
 7.900000,-79.500000, 21.390000
 6.900000,-72.780000, 15.460000
 5.180000,-65.640000, 10.700000
 2.940000,-60.860000, 9.290000
-0.970000,-57.610000, 10.450000
-5.000000,-56.200000, 11.980000
-8.030000,-55.400000, 12.220000
-10.720000,-55.090000, 10.620000
-11.100000,-54.020000, 6.100000
-5.400000,-50.870000, 0.980000
 2.840000,-44.140000, 0.980000
 8.540000,-35.510000, 7.550000
 11.930000,-28.010000, 15.070000
 13.180000,-19.700000, 20.990000
 10.740000,-9.970000, 24.700000
 8.690000,-1.480000, 22.910000
 6.590000, 3.020000, 15.660000
 6.460000, 4.290000, 5.510000
 9.900000, 4.720000,-2.880000
 12.100000, 2.500000,-4.060000
 10.550000, 0.460000, 3.290000
 10.510000,-0.470000, 12.790000
 11.860000,-0.020000, 16.650000
 10.690000, 1.480000, 14.190000
 6.850000, 1.790000, 8.360000
 1.770000,-0.440000,-0.290000
-2.830000,-3.730000,-9.540000
-4.080000,-6.990000,-14.220000
-4.690000,-8.890000,-8.240000
-1.830000,-10.900000, 5.860000
 9.780000,-9.910000, 16.670000
 23.980000,-5.480000, 18.280000
 27.520000,-0.190000, 12.380000
 20.990000, 3.720000, 1.530000
 12.090000, 7.540000,-8.190000
 5.780000, 10.860000,-13.710000
 1.540000, 14.000000,-14.420000
-1.140000, 16.110000,-13.580000
-2.740000, 17.560000,-12.260000
-3.700000, 18.780000,-10.590000
-3.510000, 20.770000,-8.680000
-1.080000, 23.510000,-6.890000
 3.900000, 24.910000,-6.300000
 6.050000, 25.590000,-7.280000
 5.400000, 25.540000,-9.610000
 2.610000, 23.200000,-11.650000
-2.950000, 18.830000,-12.170000
-11.100000, 11.270000,-10.640000
-22.880000, 0.790000,-7.050000
-30.880000,-10.000000,-2.810000
-32.350000,-20.360000, 2.720000
-27.980000,-31.520000, 8.330000
-14.250000,-46.320000, 11.590000
 3.900000,-66.540000, 10.170000
 18.450000,-80.800000, 5.930000
 24.720000,-90.830000, 4.970000
 32.450000,-99.870000, 10.200000
 42.060000,-103.210000, 17.620000
 53.210000,-102.960000, 23.840000
 60.970000,-102.330000, 26.160000
 63.540000,-105.700000, 25.370000
 60.610000,-110.660000, 23.680000
 53.450000,-117.250000, 25.400000
 48.470000,-123.530000, 30.670000
 45.720000,-128.410000, 35.090000
 40.890000,-131.930000, 35.230000
 34.220000,-133.300000, 31.700000
 25.140000,-132.020000, 27.250000
 16.650000,-131.650000, 24.350000
 11.410000,-133.920000, 23.610000
 13.550000,-138.200000, 24.670000
 19.430000,-144.600000, 26.580000
 21.900000,-150.610000, 30.360000
 20.960000,-157.550000, 34.160000
 17.760000,-162.150000, 37.560000
 13.320000,-166.850000, 39.870000
 10.640000,-172.190000, 38.700000
 10.610000,-179.720000, 36.420000
 15.060000,-187.380000, 35.720000
 22.710000,-195.040000, 36.780000
 27.730000,-205.060000, 37.620000
 26.760000,-215.540000, 38.800000
 24.040000,-225.310000, 40.700000
 22.410000,-235.280000, 42.030000
 22.740000,-246.000000, 40.580000
 21.090000,-250.130000, 37.000000
 16.190000,-250.130000, 33.950000
 10.810000,-250.130000, 32.000000
 6.540000,-250.130000, 29.940000
 5.710000,-250.130000, 26.650000
 5.030000,-250.130000, 23.540000
 0.870000,-250.130000, 21.430000
-9.000000,-250.130000, 22.580000
-19.450000,-250.130000, 25.620000
-29.610000,-246.430000, 22.600000
-35.600000,-241.320000, 14.380000
-36.690000,-235.830000, 4.590000
-32.350000,-229.390000,-1.260000
-26.720000,-220.430000,-2.400000
-22.870000,-215.560000,-3.330000
-17.040000,-214.530000,-6.890000
-0.040000,-212.990000,-10.580000
 18.250000,-211.880000,-12.580000
 25.450000,-213.690000,-11.770000
 25.790000,-215.810000,-8.540000
 27.510000,-217.600000,-3.330000
 32.410000,-216.260000, 2.940000
 37.490000,-212.770000, 7.540000
 41.390000,-212.090000, 9.010000
 39.960000,-214.110000, 9.570000
 37.340000,-217.830000, 9.710000
 36.580000,-223.770000, 8.520000
 38.390000,-231.860000, 4.710000
 38.710000,-241.610000,-0.780000
 37.130000,-250.130000,-4.780000
 37.180000,-250.130000,-6.190000
 40.320000,-250.130000,-5.710000
 49.640000,-250.130000,-5.130000
 57.210000,-250.130000,-1.800000
 57.840000,-250.130000, 7.120000
 57.790000,-250.130000, 16.160000
 63.510000,-250.130000, 20.900000
 82.630000,-250.130000, 22.350000
 111.030000,-250.130000, 21.160000
 129.380000,-250.130000, 14.950000
 119.130000,-250.130000, 8.870000
 90.050000,-241.420000, 10.090000
 59.480000,-227.630000, 18.130000
 33.970000,-223.540000, 24.840000
 17.580000,-226.960000, 28.790000
 14.410000,-234.220000, 33.510000
 29.730000,-246.100000, 39.150000
 49.380000,-250.130000, 45.670000
 56.540000,-250.130000, 51.060000
 52.280000,-250.130000, 53.460000
 42.040000,-250.130000, 53.960000
 32.600000,-250.130000, 53.580000
 29.150000,-250.130000, 53.230000
 28.770000,-250.130000, 50.040000
 30.000000,-250.130000, 41.300000
 30.580000,-250.130000, 29.040000
 30.100000,-250.130000, 17.480000
 28.020000,-237.840000, 12.190000
 26.480000,-228.870000, 11.340000
 26.300000,-222.030000, 12.820000
 26.410000,-218.270000, 12.290000
 29.420000,-215.950000, 8.010000
 29.040000,-213.610000, 2.490000
 23.460000,-206.660000, 1.430000
 15.000000,-195.120000, 7.530000
 8.450000,-183.800000, 12.930000
 5.660000,-174.090000, 11.730000
 6.450000,-168.020000, 4.290000
 5.930000,-166.270000,-1.990000
-0.450000,-166.130000,-1.060000
-8.450000,-167.430000, 5.000000
-11.160000,-169.800000, 9.240000
-6.870000,-168.100000, 10.160000
 3.250000,-157.990000, 9.860000
 19.820000,-137.610000, 8.810000
 32.250000,-115.560000, 4.740000
 29.670000,-102.490000,-2.320000
 15.380000,-93.190000,-6.120000
-0.790000,-86.950000,-5.480000
-13.380000,-85.970000,-2.570000
-23.730000,-87.930000, 1.880000
-30.880000,-90.220000, 8.380000
-29.930000,-91.180000, 16.220000
-21.280000,-87.970000, 19.610000
-8.880000,-81.170000, 15.620000
 6.930000,-72.950000, 6.780000
 21.370000,-64.540000,-1.540000
 31.620000,-54.240000,-3.860000
 38.700000,-43.350000,-1.030000
 43.640000,-34.870000, 3.690000
 42.900000,-27.530000, 8.320000
 32.990000,-21.830000, 11.450000
 18.290000,-19.300000, 12.580000
 3.480000,-19.470000, 9.800000
-7.780000,-22.940000, 4.550000
-14.700000,-26.000000,-0.660000
-17.020000,-28.480000,-3.540000
-16.490000,-31.540000,-4.270000
-13.290000,-34.420000,-3.220000
-8.740000,-35.390000,-2.230000
-0.020000,-35.320000,-1.290000
 13.660000,-32.220000,-0.020000
 27.720000,-29.050000, 1.540000
 34.080000,-26.340000, 4.300000
 34.770000,-24.610000, 5.530000
 27.840000,-24.610000, 2.620000
 14.760000,-25.030000,-1.460000
-1.130000,-29.220000,-4.090000
-17.170000,-33.850000,-2.840000
-26.720000,-36.320000,-0.880000
-24.030000,-33.180000,-0.660000
-12.480000,-26.670000,-3.450000
 1.340000,-17.150000,-8.770000
 13.160000,-7.930000,-12.450000
 19.400000,-2.120000,-12.190000
 19.350000,-0.290000,-9.000000
 14.000000,-0.740000,-4.060000
 8.850000,-1.190000, 0.050000
 5.760000,-2.190000, 0.730000
 5.180000,-6.350000,-1.830000
 7.230000,-11.980000,-4.390000
 10.660000,-17.190000,-4.460000
 14.410000,-20.670000,-1.190000
 17.160000,-22.540000, 2.930000
 17.550000,-24.320000, 5.870000
 16.840000,-23.270000, 5.510000
 19.750000,-21.160000, 2.020000
 24.780000,-21.000000,-4.230000
 29.580000,-23.800000,-9.820000
 34.350000,-28.290000,-11.700000
 39.340000,-34.160000,-9.090000
 41.260000,-41.720000,-3.650000
 38.830000,-50.350000, 3.400000
 33.570000,-57.610000, 8.310000
 27.440000,-64.000000, 8.640000
 25.610000,-69.120000, 5.540000
 27.060000,-73.000000, 3.000000
 28.530000,-74.090000, 3.500000
 30.580000,-74.850000, 5.550000
 31.900000,-73.160000, 7.380000
 30.300000,-71.620000, 8.220000
 22.760000,-73.510000, 8.260000
 12.310000,-78.640000, 9.250000
 4.460000,-86.620000, 11.150000
 0.670000,-95.530000, 14.950000
 1.480000,-106.660000, 20.630000
 9.380000,-119.890000, 27.380000
 20.860000,-134.030000, 35.030000
 31.930000,-147.600000, 42.110000
 42.540000,-159.870000, 48.510000
 47.300000,-170.610000, 52.350000
 45.210000,-182.160000, 53.190000
 37.800000,-192.350000, 52.650000
 27.660000,-201.750000, 51.540000
 16.780000,-210.600000, 50.350000
 9.590000,-220.670000, 48.380000
 10.060000,-230.660000, 44.830000
 16.800000,-241.050000, 38.840000
 23.500000,-250.130000, 31.820000
 28.510000,-250.130000, 27.680000
 32.900000,-250.130000, 29.800000
 35.570000,-250.130000, 36.770000
 36.710000,-250.130000, 42.370000
 35.590000,-250.130000, 42.220000
 33.560000,-250.130000, 37.720000
 30.090000,-250.130000, 29.830000
 25.220000,-250.130000, 20.140000
 19.540000,-250.130000, 12.970000
 13.140000,-250.130000, 10.540000
 6.410000,-250.130000, 9.980000
-0.700000,-250.130000, 11.800000
-7.740000,-250.130000, 19.130000
-16.200000,-250.130000, 28.680000
-27.580000,-250.130000, 34.840000
-32.880000,-250.130000, 36.870000
-32.090000,-250.130000, 24.250000
-29.620000,-250.130000,-4.180000
-11.470000,-250.130000,-25.830000
 10.600000,-250.130000,-30.410000
 23.930000,-250.130000,-22.380000
 24.130000,-250.130000,-10.250000
 24.770000,-250.130000,-2.170000
 32.020000,-250.130000,-2.010000
 42.930000,-250.130000,-7.830000
 51.500000,-250.130000,-9.670000
 54.220000,-250.130000,-5.020000
 55.290000,-250.130000, 3.970000
 50.900000,-250.130000, 12.460000
 40.830000,-250.130000, 16.260000
 32.640000,-250.130000, 15.460000
 29.170000,-250.130000, 11.280000
 29.380000,-250.130000, 5.310000
 31.780000,-250.130000, 2.830000
 41.130000,-250.130000, 8.000000
 49.570000,-250.130000, 23.880000
 58.420000,-250.130000, 40.660000
 75.390000,-250.130000, 42.540000
 93.580000,-250.130000, 27.740000
 101.320000,-250.130000, 2.490000
 87.740000,-250.130000,-17.950000
 68.120000,-250.130000,-24.250000
 45.060000,-250.130000,-17.930000
 21.320000,-250.130000,-6.540000
 8.730000,-250.130000, 4.830000
 10.680000,-250.130000, 17.670000
 28.340000,-250.130000, 28.690000
 48.850000,-250.130000, 34.540000
 54.990000,-236.310000, 31.380000
 46.330000,-225.190000, 22.410000
 32.720000,-217.690000, 12.380000
 21.540000,-216.290000, 6.080000
 15.350000,-215.240000, 5.950000
 13.090000,-213.350000, 9.580000
 12.920000,-212.530000, 12.660000
 16.650000,-215.750000, 10.420000
 20.440000,-223.560000, 1.950000
 27.930000,-232.810000,-9.020000
 41.300000,-239.990000,-17.600000
 55.790000,-238.880000,-21.640000
 64.010000,-231.750000,-23.340000
 63.270000,-231.500000,-27.930000
 58.880000,-220.000000,-26.700000
 36.290000,-202.060000,-13.920000
-2.960000,-180.450000,-3.070000
-30.960000,-161.810000,-3.670000
-39.110000,-140.610000,-10.460000
-32.680000,-120.930000,-9.980000
-13.170000,-105.720000, 1.180000
 11.970000,-96.590000, 13.380000
 29.000000,-95.020000, 20.530000
 34.090000,-97.740000, 23.320000
 29.760000,-104.440000, 23.370000
 19.270000,-111.090000, 21.670000
 7.590000,-116.670000, 19.830000
-4.450000,-120.530000, 17.880000
-11.830000,-121.350000, 12.610000
-11.530000,-117.110000, 5.530000
-4.090000,-107.700000, 0.940000
 3.780000,-94.350000, 1.350000
 8.220000,-79.840000, 6.050000
 9.670000,-64.540000, 12.740000
 9.040000,-50.610000, 17.830000
 5.630000,-39.870000, 19.480000
-0.380000,-32.150000, 19.870000
-0.960000,-26.530000, 18.590000
 3.830000,-22.760000, 17.290000
 9.660000,-18.230000, 15.010000
 15.230000,-15.220000, 10.960000
 16.360000,-10.990000, 5.820000
 15.200000,-5.780000, 2.610000
 12.320000,-0.050000, 2.450000
 8.850000, 5.300000, 4.120000
 6.740000, 10.420000, 5.330000
 5.970000, 13.350000, 5.240000
 5.960000, 15.180000, 2.890000
 5.160000, 13.980000,-0.360000
 3.020000, 11.290000,-3.040000
 0.800000, 9.520000,-3.740000
-0.910000, 8.900000,-2.320000
-1.120000, 8.680000,-0.240000
 0.130000, 9.950000, 0.150000
 1.800000, 11.870000,-1.120000
 3.710000, 15.030000,-2.830000
 4.670000, 18.660000,-3.950000
 3.530000, 22.340000,-4.090000
 0.750000, 24.360000,-3.910000
-0.750000, 25.250000,-4.960000
-1.090000, 24.120000,-6.430000
-0.620000, 20.700000,-8.050000
 1.190000, 15.320000,-9.390000
 3.100000, 9.110000,-8.630000
 4.160000, 3.230000,-4.530000
 1.120000,-1.410000,-0.290000
-7.400000,-5.130000, 2.580000
-17.180000,-8.540000, 3.930000
-23.850000,-11.850000, 3.890000
-25.630000,-13.340000, 4.230000
-22.290000,-13.710000, 6.500000
-17.260000,-14.920000, 8.690000
-12.450000,-16.320000, 11.030000
-7.090000,-17.590000, 11.980000
 0.100000,-18.450000, 10.830000
 8.820000,-19.900000, 8.030000
 19.030000,-23.190000, 3.930000
 31.080000,-29.350000, 0.330000
 40.500000,-39.100000,-2.790000
 47.350000,-54.960000,-7.960000
 55.060000,-73.610000,-10.850000
 65.400000,-92.390000,-8.290000
 77.000000,-106.680000,-2.480000
 82.630000,-117.160000, 3.090000
 86.600000,-120.450000, 9.110000
 90.100000,-117.360000, 14.820000
 88.640000,-111.610000, 18.780000
 76.050000,-106.750000, 20.610000
 52.500000,-104.070000, 21.680000
 26.120000,-106.680000, 24.770000
 12.030000,-116.670000, 28.770000
 12.620000,-130.320000, 32.000000
 20.670000,-145.740000, 33.890000
 28.240000,-158.360000, 35.190000
 34.050000,-166.160000, 36.410000
 33.660000,-170.130000, 37.350000
 28.930000,-171.000000, 38.240000
 24.070000,-169.850000, 39.640000
 21.100000,-167.490000, 41.770000
 16.160000,-164.780000, 44.770000
 11.430000,-164.130000, 47.670000
 8.540000,-165.290000, 49.620000
 7.480000,-168.180000, 51.630000
 8.020000,-173.070000, 52.790000
 11.150000,-178.930000, 51.870000
 15.900000,-185.200000, 49.190000
 21.330000,-191.690000, 45.090000
 25.870000,-198.660000, 41.320000
 28.060000,-208.030000, 35.740000
 28.580000,-220.990000, 29.830000
 25.150000,-231.000000, 27.930000
 18.960000,-237.410000, 31.600000
 12.840000,-241.620000, 37.040000
 8.000000,-246.290000, 40.970000
 3.450000,-250.130000, 42.190000
-1.040000,-250.130000, 41.410000
-2.650000,-250.130000, 41.100000
-5.060000,-250.130000, 43.580000
-2.930000,-250.130000, 50.590000
 4.700000,-250.130000, 61.030000
 8.390000,-250.130000, 71.100000
 1.420000,-250.130000, 73.440000
-11.030000,-250.130000, 56.930000
-16.320000,-250.130000, 20.030000
-5.340000,-250.130000,-6.470000
 1.340000,-250.130000,-9.680000
-0.350000,-250.130000,-2.080000
-1.410000,-250.130000, 7.050000
 4.970000,-250.130000, 14.480000
 16.320000,-250.130000, 16.930000
 28.060000,-250.130000, 13.170000
 36.260000,-238.060000, 7.630000
 34.320000,-231.310000, 4.260000
 28.940000,-230.350000, 4.670000
 27.350000,-232.240000, 8.890000
 33.170000,-236.300000, 16.220000
 39.740000,-243.610000, 23.380000
 41.750000,-250.130000, 26.320000
 42.920000,-250.130000, 24.350000
 46.130000,-250.130000, 19.450000
 52.920000,-250.130000, 16.310000
 59.280000,-250.130000, 17.380000
 62.740000,-250.130000, 22.690000
 62.330000,-250.130000, 27.540000
 61.070000,-250.130000, 28.030000
 60.510000,-250.130000, 26.060000
 63.590000,-250.130000, 25.580000
 66.090000,-250.130000, 30.290000
 69.550000,-250.130000, 35.640000
 72.590000,-250.130000, 39.020000
 69.110000,-250.130000, 38.060000
 67.560000,-250.130000, 34.870000
 76.650000,-250.130000, 35.080000
 90.550000,-250.130000, 40.810000
 97.450000,-250.130000, 45.890000
 92.490000,-250.130000, 46.490000
 80.730000,-250.130000, 43.420000
 67.020000,-250.130000, 37.200000
 55.490000,-250.130000, 34.190000
 45.680000,-250.130000, 37.450000
 37.740000,-250.120000, 43.530000
 34.330000,-245.990000, 51.170000
 33.380000,-238.450000, 57.010000
 31.710000,-227.580000, 61.020000
 27.770000,-215.410000, 62.970000
 22.450000,-202.410000, 61.360000
 16.110000,-191.060000, 52.240000
 11.090000,-181.090000, 46.700000
 7.580000,-173.930000, 45.160000
 2.140000,-173.800000, 41.390000
-4.250000,-178.570000, 34.730000
-10.850000,-186.640000, 23.630000
-10.990000,-193.790000, 13.810000
-3.000000,-196.510000, 9.030000
 7.030000,-193.610000, 5.640000
 17.300000,-199.410000,-2.940000
 28.500000,-205.120000,-8.930000
 25.510000,-192.730000, 0.640000
 8.290000,-174.210000, 15.990000
-14.760000,-157.610000, 24.770000
-33.000000,-139.630000, 22.560000
-40.540000,-117.320000, 12.410000
-31.190000,-89.670000,-1.100000
-0.480000,-67.370000,-7.400000
 23.740000,-55.940000, 1.130000
 30.670000,-55.120000, 19.650000
 25.270000,-60.580000, 36.670000
 12.860000,-66.870000, 45.060000
-0.670000,-72.580000, 41.930000
-13.450000,-73.820000, 31.870000
-19.230000,-70.900000, 21.210000
-16.740000,-64.780000, 13.090000
-9.400000,-57.390000, 8.720000
 0.580000,-48.230000, 9.660000
 7.900000,-40.000000, 14.540000
 10.010000,-33.110000, 19.990000
 6.590000,-26.190000, 22.330000
-0.570000,-19.860000, 18.410000
-6.880000,-12.840000, 10.890000
-9.960000,-4.370000, 2.880000
-8.210000, 3.080000,-2.240000
-4.180000, 9.060000,-3.380000
-1.510000, 13.310000,-0.550000
-0.640000, 16.020000, 3.160000
 0.370000, 17.990000, 5.450000
-0.220000, 19.280000, 6.870000
-0.810000, 21.070000, 7.580000
-0.750000, 22.850000, 6.220000
 0.380000, 26.090000, 3.700000
 1.070000, 28.190000, 2.380000
-3.320000, 29.510000, 2.830000
-11.640000, 30.720000, 4.120000
-19.450000, 32.480000, 3.780000
-23.110000, 32.230000, 1.600000
-23.610000, 30.480000,-0.430000
-22.720000, 26.030000,-1.380000
-19.460000, 22.100000,-0.560000
-14.640000, 20.980000, 2.340000
-6.550000, 20.590000, 3.860000
 1.160000, 21.220000, 2.610000
 4.500000, 22.290000,-1.280000
 6.030000, 22.770000,-6.370000
 8.890000, 22.140000,-10.490000
 11.030000, 22.180000,-10.460000
 13.060000, 21.950000,-8.450000
 11.830000, 21.540000,-6.730000
 6.870000, 21.030000,-5.830000
 0.830000, 18.740000,-5.700000
-5.620000, 17.980000,-5.090000
-11.320000, 16.710000,-4.650000
-15.190000, 16.360000,-4.860000
-15.640000, 16.660000,-5.870000
-11.660000, 17.840000,-7.380000
-5.000000, 17.060000,-9.280000
 0.500000, 14.030000,-9.870000
 4.140000, 11.030000,-9.230000
 5.910000, 7.110000,-8.480000
 5.630000, 3.160000,-7.910000
 4.220000,-0.930000,-7.560000
 2.740000,-5.280000,-7.830000
 0.500000,-11.990000,-9.170000
-1.410000,-18.580000,-9.160000
-3.710000,-25.830000,-8.140000
-6.930000,-35.070000,-9.400000
-9.780000,-45.630000,-11.670000
-13.620000,-56.510000,-13.190000
-18.520000,-66.830000,-12.000000
-19.590000,-75.900000,-8.940000
-17.700000,-83.620000,-4.890000
-16.810000,-91.240000,-3.450000
-12.380000,-97.870000,-3.330000
-3.150000,-105.380000,-3.620000
 5.430000,-114.420000,-2.650000
 11.240000,-123.750000, 0.580000
 16.140000,-132.800000, 4.590000
 20.800000,-139.240000, 7.930000
 23.480000,-145.120000, 8.710000
 23.510000,-149.630000, 8.100000
 21.210000,-154.340000, 6.250000
 20.600000,-158.250000, 4.040000
 23.040000,-162.250000, 2.440000
 27.290000,-166.840000, 1.260000
 32.980000,-170.930000, 1.030000
 38.020000,-174.860000, 3.560000
 45.060000,-173.630000, 11.730000
 56.090000,-169.250000, 19.690000
 65.930000,-164.250000, 24.110000
 80.970000,-163.030000, 24.920000
 99.350000,-165.530000, 25.780000
 104.010000,-172.650000, 29.850000
 86.640000,-180.140000, 37.460000
 58.380000,-186.980000, 43.750000
 37.200000,-194.530000, 39.790000
 23.940000,-205.530000, 28.570000
 18.770000,-216.350000, 22.690000
 28.210000,-223.290000, 26.930000
 43.840000,-225.540000, 34.960000
 53.060000,-224.730000, 40.200000
 54.000000,-221.810000, 40.170000
 49.240000,-217.830000, 37.250000
 42.440000,-213.830000, 34.090000
 35.340000,-212.970000, 31.400000
 30.460000,-213.750000, 30.860000
 27.310000,-217.270000, 33.090000
 27.120000,-222.730000, 35.460000
 26.740000,-229.380000, 36.450000
 27.370000,-235.510000, 36.160000
 29.120000,-242.090000, 34.660000
 32.060000,-247.610000, 34.090000
 38.220000,-250.130000, 34.670000
 44.800000,-250.130000, 35.430000
 44.960000,-250.130000, 33.220000
 40.850000,-250.130000, 27.610000
 33.960000,-250.130000, 22.340000
 25.540000,-250.130000, 21.290000
 18.040000,-250.130000, 23.050000
 10.950000,-250.130000, 23.290000
 4.280000,-250.130000, 19.400000
-2.580000,-250.130000, 10.960000
-6.250000,-250.130000, 3.120000
-0.800000,-250.130000, 4.930000
 2.160000,-250.130000, 20.540000
-3.650000,-250.130000, 36.250000
-8.030000,-250.130000, 26.900000
 0.620000,-250.130000,-6.160000
 11.700000,-250.130000,-30.010000
 16.610000,-250.130000,-29.450000
 16.060000,-240.800000,-13.500000
 17.290000,-226.480000, 3.840000
 28.410000,-214.030000, 13.900000
 36.180000,-206.950000, 18.050000
 34.850000,-205.980000, 19.480000
 30.610000,-212.210000, 20.160000
 26.290000,-223.070000, 21.040000
 24.280000,-234.030000, 21.700000
 27.510000,-244.080000, 21.200000
 31.670000,-250.130000, 19.120000
 34.170000,-250.130000, 16.580000
 34.580000,-250.130000, 14.030000
 32.890000,-250.130000, 9.960000
 38.870000,-250.130000, 6.380000
 49.350000,-250.130000, 7.620000
 58.450000,-250.130000, 14.480000
 59.410000,-250.130000, 24.170000
 62.430000,-250.130000, 28.860000
 70.530000,-250.130000, 27.490000
 80.920000,-250.130000, 22.390000
 86.500000,-250.130000, 17.250000
 84.430000,-247.960000, 18.190000
 84.160000,-241.540000, 18.900000
 76.630000,-235.020000, 12.140000
 62.160000,-233.740000, 1.670000
 49.780000,-232.350000,-4.410000
 37.170000,-227.610000, 0.840000
 29.700000,-221.060000, 12.390000
 30.030000,-211.090000, 24.800000
 37.030000,-198.640000, 32.630000
 40.950000,-190.190000, 34.480000
 36.850000,-185.120000, 32.510000
 27.090000,-182.640000, 27.560000
 17.140000,-182.910000, 20.350000
 13.380000,-183.680000, 9.870000
 17.430000,-186.070000,-1.230000
 26.450000,-188.580000,-9.190000
 37.900000,-189.770000,-16.000000
 50.540000,-185.810000,-20.890000
 62.000000,-181.210000,-26.380000
 67.650000,-183.060000,-32.560000
 71.040000,-181.810000,-28.300000
 53.930000,-174.670000,-10.510000
 21.030000,-161.960000, 11.640000
-9.860000,-146.390000, 25.290000
-34.600000,-131.070000, 24.490000
-53.900000,-112.760000, 14.980000
-38.380000,-89.500000, 6.160000
-2.930000,-70.620000, 9.220000
 11.150000,-65.630000, 21.020000
 5.670000,-67.380000, 30.040000
-9.250000,-71.580000, 31.610000
-24.060000,-77.780000, 26.180000
-32.060000,-88.100000, 17.100000
-37.610000,-99.020000, 10.470000
-40.870000,-104.230000, 8.740000
-35.020000,-104.890000, 8.240000
-18.980000,-101.050000, 7.720000
 1.570000,-91.090000, 10.180000
 14.820000,-76.010000, 18.960000
 25.340000,-56.580000, 29.250000
 32.130000,-39.220000, 34.120000
 31.610000,-23.960000, 30.830000
 29.310000,-12.290000, 20.650000
 21.790000,-4.930000, 9.180000
 11.190000, 1.460000, 1.450000
 1.870000, 4.910000, 0.000000
-5.160000, 5.810000, 1.390000
-6.720000, 6.460000, 2.790000
-4.220000, 6.290000, 3.620000
 1.520000, 4.910000, 3.310000
 8.630000, 3.460000, 2.820000
 13.000000, 1.580000, 3.150000
 12.430000, 1.000000, 3.760000
 6.900000, 2.320000, 5.060000
 0.740000, 4.720000, 6.010000
-4.290000, 7.060000, 6.280000
-8.870000, 8.900000, 4.570000
-11.770000, 10.410000, 0.410000
-11.820000, 13.130000,-3.380000
-7.770000, 16.250000,-5.410000
-3.640000, 18.770000,-6.760000
-3.300000, 18.600000,-8.100000
-6.790000, 17.280000,-7.860000
-10.610000, 15.120000,-7.830000
-15.340000, 13.610000,-7.800000
-21.240000, 10.460000,-8.400000
-24.580000, 6.060000,-8.930000
-23.700000, 1.450000,-7.190000
-15.730000,-2.200000,-2.950000
-3.610000,-6.090000, 1.940000
 10.110000,-9.420000, 4.900000
 22.710000,-12.220000, 4.280000
 30.360000,-17.580000, 3.000000
 31.540000,-23.190000, 3.360000
 28.350000,-30.480000, 2.320000
 26.390000,-39.710000, 0.640000
 27.910000,-48.870000,-0.090000
 33.510000,-60.130000,-0.900000
 34.870000,-73.810000,-0.300000
 35.190000,-87.120000, 3.260000
 37.470000,-99.420000, 7.130000
 39.700000,-109.000000, 9.100000
 43.290000,-113.340000, 9.220000
 48.450000,-115.820000, 7.210000
 51.550000,-115.960000, 4.740000
 52.000000,-113.060000, 3.680000
 50.570000,-109.530000, 5.260000
 47.220000,-108.640000, 9.260000
 42.350000,-109.400000, 15.030000
 38.550000,-112.370000, 19.650000
 40.190000,-115.850000, 23.320000
 42.330000,-118.630000, 28.630000
 38.800000,-122.220000, 34.660000
 29.120000,-126.670000, 40.170000
 18.470000,-131.060000, 43.450000
 7.660000,-134.960000, 43.220000
-3.030000,-137.850000, 41.810000
-8.950000,-141.700000, 41.000000
-10.170000,-148.210000, 41.590000
-8.220000,-157.880000, 44.410000
-6.260000,-172.660000, 49.280000
-2.290000,-188.680000, 53.650000
 4.510000,-204.130000, 53.540000
 9.680000,-216.170000, 48.280000
 11.430000,-225.330000, 39.500000
 5.880000,-232.760000, 29.450000
-3.920000,-238.520000, 20.700000
-15.230000,-240.220000, 15.590000
-23.510000,-238.720000, 14.750000
-28.490000,-233.520000, 12.940000
-21.100000,-228.330000, 4.630000
-8.580000,-224.900000,-8.120000
-2.920000,-226.250000,-15.220000
-0.160000,-233.350000,-11.380000
 0.810000,-241.320000,-0.290000
 3.640000,-249.380000, 8.950000
 12.510000,-250.130000, 10.530000
 26.160000,-250.130000, 7.160000
 34.940000,-250.130000, 4.330000
 36.320000,-250.130000, 1.930000
 32.420000,-250.130000, 0.300000
 28.070000,-250.130000, 1.520000
 26.740000,-250.130000, 5.920000
 30.320000,-250.130000, 11.170000
 36.800000,-250.130000, 15.510000
 40.970000,-250.130000, 18.220000
 39.270000,-250.130000, 18.400000
 35.810000,-250.130000, 15.920000
 34.520000,-250.130000, 11.430000
 39.240000,-250.130000, 6.870000
 46.650000,-250.130000, 7.760000
 54.220000,-250.130000, 18.110000
 66.770000,-250.130000, 34.080000
 73.830000,-250.130000, 46.080000
 64.560000,-250.130000, 52.260000
 65.490000,-250.130000, 47.900000
 73.040000,-250.130000, 34.950000
 68.270000,-250.130000, 20.090000
 61.450000,-250.130000, 7.730000
 53.810000,-241.850000, 4.100000
 44.640000,-222.750000, 11.480000
 27.950000,-218.450000, 22.930000
 8.710000,-222.380000, 30.210000
 4.300000,-228.960000, 35.910000
 19.610000,-233.930000, 43.580000
 45.930000,-235.030000, 47.870000
 60.880000,-232.030000, 45.740000
 63.000000,-227.800000, 40.510000
 55.870000,-225.670000, 33.770000
 45.150000,-226.410000, 27.380000
 36.550000,-229.880000, 23.290000
 27.970000,-239.380000, 28.100000
 20.350000,-250.130000, 37.070000
 14.880000,-250.130000, 40.340000
 13.720000,-250.130000, 36.660000
 13.640000,-250.130000, 28.390000
 16.160000,-250.130000, 18.280000
 21.000000,-250.130000, 4.870000
 31.090000,-250.130000,-8.350000
 44.950000,-250.130000,-10.520000
 45.920000,-250.130000,-1.830000
 16.960000,-250.130000, 8.710000
-8.840000,-250.130000, 15.170000
-20.000000,-249.770000, 26.540000
-19.420000,-230.230000, 37.560000
-6.060000,-204.160000, 36.150000
 12.800000,-178.300000, 29.550000
 20.010000,-157.960000, 28.610000
 17.130000,-147.480000, 32.020000
 12.770000,-145.680000, 37.730000
 11.170000,-150.910000, 39.360000
 14.410000,-157.360000, 32.330000
 17.720000,-159.730000, 21.320000
 12.960000,-157.830000, 11.000000
 4.550000,-152.720000, 7.390000
 0.530000,-144.960000, 10.250000
 2.580000,-134.320000, 14.210000
 9.150000,-123.890000, 15.580000
 15.060000,-116.650000, 15.190000
 14.330000,-112.740000, 13.770000
 7.190000,-111.510000, 9.610000
-1.800000,-110.630000, 3.320000
-7.920000,-108.620000,-3.380000
-10.320000,-106.750000,-12.120000
-6.740000,-100.290000,-19.060000
-0.150000,-87.430000,-19.140000
 5.930000,-80.890000,-9.040000
-3.610000,-64.530000, 8.950000
-8.860000,-50.350000, 21.020000
-7.270000,-43.960000, 19.190000
-0.360000,-37.510000, 13.870000
 17.090000,-33.980000, 11.870000
 31.450000,-38.540000, 7.590000
 31.610000,-44.940000, 4.200000
 22.830000,-47.250000, 1.290000
 14.570000,-47.260000, 0.450000
 8.930000,-45.880000, 1.790000
 6.080000,-42.850000, 1.870000
 4.800000,-40.000000,-0.710000
 1.110000,-36.660000,-2.770000
-3.090000,-30.990000,-2.210000
-3.250000,-23.730000,-1.030000
-2.190000,-17.510000,-0.100000
 0.030000,-11.490000, 2.470000
 3.380000,-4.950000, 4.600000
 5.260000, 2.190000, 5.590000
 7.330000, 8.260000, 3.260000
 6.410000, 12.710000,-1.590000
 2.480000, 15.020000,-6.870000
-3.970000, 15.440000,-11.040000
-10.090000, 15.280000,-12.220000
-14.060000, 15.190000,-9.880000
-14.250000, 15.330000,-5.210000
-10.290000, 15.390000,-1.380000
-6.330000, 15.520000, 0.110000
-4.400000, 15.150000, 0.300000
-4.210000, 13.700000,-0.700000
-5.480000, 11.290000,-2.480000
-7.870000, 8.680000,-2.860000
-8.580000, 7.000000,-1.420000
-7.610000, 7.030000, 0.410000
-5.660000, 8.710000, 0.120000
-3.110000, 11.940000,-2.960000
-2.420000, 15.350000,-8.390000
-1.400000, 17.380000,-13.430000
-1.840000, 18.040000,-15.880000
-1.770000, 17.610000,-14.230000
 0.010000, 17.510000,-10.760000
 0.180000, 17.320000,-9.080000
-1.250000, 16.900000,-8.120000
-3.560000, 15.680000,-7.980000
-6.940000, 14.130000,-7.750000
-10.380000, 12.260000,-7.290000
-12.160000, 11.160000,-6.840000
-11.210000, 10.800000,-6.040000
-8.480000, 9.940000,-5.070000
-4.850000, 8.640000,-4.000000
-1.630000, 6.010000,-2.000000
 1.100000, 3.870000, 0.760000
 4.110000, 2.910000, 2.650000
 6.000000, 2.120000, 3.870000
 8.090000, 0.980000, 4.510000
 10.540000,-1.380000, 4.580000
 13.200000,-4.660000, 3.140000
 16.300000,-9.560000,-0.120000
 19.950000,-16.800000,-1.720000
 21.640000,-28.670000,-3.250000
 25.090000,-48.470000,-6.270000
 34.460000,-72.330000,-8.490000
 53.830000,-98.280000,-8.090000
 74.580000,-118.930000,-3.870000
 88.450000,-131.370000, 1.250000
 97.060000,-135.670000, 6.030000
 100.120000,-130.990000, 9.360000
 94.840000,-122.160000, 9.670000
 81.700000,-115.280000, 6.800000
 63.410000,-111.370000, 5.840000
 40.720000,-113.130000, 14.390000
 19.190000,-121.270000, 27.650000
 3.690000,-133.590000, 36.820000
-0.420000,-147.650000, 42.250000
 3.150000,-157.040000, 46.620000
 18.140000,-157.450000, 48.550000
 31.770000,-152.180000, 45.370000
 35.350000,-147.860000, 40.130000
 36.790000,-145.350000, 37.650000
 36.120000,-147.240000, 42.950000
 31.570000,-152.780000, 55.060000
 26.410000,-160.590000, 68.250000
 19.220000,-170.760000, 74.610000
 10.620000,-183.960000, 74.550000
 4.190000,-198.110000, 68.110000
 7.730000,-211.780000, 58.610000
 15.200000,-222.410000, 51.160000
 20.870000,-229.320000, 47.190000
 22.450000,-234.700000, 44.810000
 18.590000,-239.640000, 44.090000
 10.000000,-243.050000, 47.370000
-1.510000,-245.720000, 52.820000
-13.160000,-248.110000, 56.980000
-20.160000,-246.800000, 56.830000
-19.200000,-242.150000, 49.120000
-13.150000,-237.860000, 37.130000
-8.340000,-235.450000, 20.490000
-1.540000,-231.580000, 0.810000
 6.460000,-226.380000,-13.710000
 12.930000,-223.440000,-18.300000
 10.570000,-222.540000,-11.140000
 2.050000,-226.290000, 4.830000
 0.610000,-231.590000, 21.630000
 4.330000,-238.290000, 34.000000
 5.960000,-245.450000, 38.880000
 12.810000,-250.130000, 33.740000
 20.350000,-250.130000, 21.290000
 24.180000,-250.130000, 10.760000
 23.480000,-250.130000, 5.770000
 20.540000,-250.130000, 5.730000
 17.070000,-250.130000, 9.510000
 16.530000,-250.130000, 15.750000
 18.690000,-250.130000, 23.700000
 24.240000,-250.130000, 27.980000
 28.130000,-243.170000, 27.000000
 30.250000,-237.410000, 21.680000
 32.410000,-233.410000, 14.700000
 35.220000,-230.640000, 10.310000
 36.610000,-228.360000, 10.050000
 36.320000,-226.910000, 13.290000
 34.770000,-228.710000, 17.590000
 33.900000,-233.360000, 19.390000
 41.000000,-241.060000, 18.930000
 53.730000,-248.610000, 20.480000
 64.300000,-250.130000, 23.360000
 71.040000,-250.130000, 26.790000
 67.290000,-250.130000, 30.060000
 74.930000,-250.130000, 31.870000
 91.650000,-244.580000, 32.580000
 101.080000,-236.590000, 36.480000
 99.170000,-231.010000, 41.460000
 85.970000,-230.920000, 44.280000
 69.060000,-236.480000, 40.930000
 49.470000,-243.670000, 31.660000
 35.430000,-248.630000, 24.360000
 29.910000,-250.130000, 24.600000
 32.060000,-248.940000, 32.120000
 38.330000,-243.980000, 43.500000
 43.910000,-237.280000, 53.960000
 45.300000,-229.310000, 60.300000
 41.670000,-222.100000, 60.900000
 32.810000,-219.110000, 57.990000
 23.090000,-220.070000, 56.300000
 14.360000,-224.330000, 57.910000
 8.210000,-228.170000, 61.270000
 5.140000,-230.450000, 62.150000
 4.410000,-235.030000, 56.110000
 4.160000,-241.090000, 46.540000
 2.900000,-244.780000, 38.700000
 2.540000,-247.620000, 33.840000
 4.750000,-248.740000, 29.960000
 5.970000,-250.130000, 22.930000
 3.270000,-250.130000, 9.550000
 4.290000,-250.130000,-5.960000
 13.030000,-250.130000,-14.000000
 20.910000,-248.510000,-7.930000
 14.340000,-244.500000, 6.720000
-7.150000,-244.050000, 14.730000
-28.440000,-239.940000, 12.700000
-39.000000,-223.580000, 14.930000
-38.300000,-198.250000, 22.260000
-26.960000,-173.280000, 31.470000
-8.380000,-144.710000, 37.220000
 2.790000,-118.050000, 34.670000
 6.110000,-99.600000, 26.930000
 5.460000,-90.690000, 21.910000
 2.770000,-90.500000, 18.900000
-1.110000,-93.440000, 17.390000
-6.310000,-97.650000, 16.150000
-13.450000,-100.870000, 14.640000
-17.030000,-103.440000, 13.120000
-15.160000,-105.170000, 11.380000
-10.070000,-107.230000, 9.270000
-6.480000,-108.930000, 8.160000
-6.760000,-109.540000, 9.000000
-5.460000,-108.190000, 9.490000
-1.240000,-103.190000, 7.450000
 4.870000,-94.160000, 3.510000
 7.470000,-84.130000,-0.580000
 5.950000,-76.110000,-0.240000
-1.610000,-64.680000, 7.480000
-6.800000,-53.030000, 16.460000
-11.380000,-43.520000, 21.940000
-10.250000,-33.380000, 21.610000
-0.770000,-26.720000, 17.380000
 6.410000,-23.590000, 11.050000
 11.220000,-22.960000, 2.900000
 13.930000,-23.870000,-4.000000
 12.020000,-24.060000,-4.070000
 8.600000,-23.030000, 0.740000
 9.850000,-20.530000, 4.380000
 12.540000,-17.560000, 4.400000
 12.470000,-15.550000, 0.880000
 8.270000,-12.870000,-3.800000
 4.640000,-10.040000,-6.800000
 1.900000,-7.350000,-6.960000
-0.300000,-3.470000,-5.810000
-0.350000, 0.150000,-5.700000
 0.180000, 4.120000,-6.520000
 1.660000, 7.310000,-7.540000
 2.160000, 8.640000,-8.870000
 1.400000, 8.190000,-10.060000
 0.800000, 7.610000,-11.270000
 0.480000, 6.920000,-12.560000
 1.540000, 5.930000,-12.980000
 2.380000, 5.510000,-12.660000
 2.570000, 3.800000,-11.640000
 4.900000, 1.030000,-11.820000
 7.950000,-1.230000,-12.540000
 11.110000,-3.560000,-12.900000
 13.850000,-5.130000,-12.490000
 15.220000,-6.180000,-11.250000
 15.690000,-6.510000,-9.820000
 14.800000,-6.010000,-7.560000
 11.890000,-5.910000,-6.090000
 7.950000,-8.090000,-6.960000
 3.060000,-11.620000,-7.930000
 0.220000,-17.060000,-7.120000
 1.800000,-24.240000,-4.810000
 8.850000,-32.650000,-3.030000
 20.880000,-39.380000,-0.710000
 33.420000,-45.290000, 1.810000
 39.180000,-48.170000, 5.440000
 44.110000,-47.210000, 6.720000
 47.010000,-42.710000, 5.500000
 46.970000,-37.660000, 4.820000
 43.650000,-34.390000, 6.330000
 39.010000,-34.050000, 8.910000
 34.240000,-35.330000, 12.510000
 32.000000,-39.190000, 14.400000
 33.930000,-46.360000, 10.820000
 38.720000,-56.190000, 5.260000
 41.380000,-66.580000, 4.580000
 41.490000,-77.100000, 10.070000
 39.730000,-87.020000, 17.070000
 37.510000,-95.480000, 21.070000
 32.300000,-101.630000, 19.380000
 25.920000,-107.960000, 14.310000
 25.820000,-113.120000, 12.030000
 30.720000,-116.870000, 13.930000
 34.900000,-119.340000, 17.650000
 35.140000,-121.170000, 21.830000
 32.060000,-123.700000, 26.030000
 29.040000,-128.030000, 29.610000
 28.060000,-133.630000, 32.160000
 29.250000,-140.740000, 33.660000
 32.350000,-147.030000, 34.670000
 33.990000,-153.640000, 36.000000
 32.670000,-161.610000, 36.160000
 29.750000,-170.250000, 36.490000
 29.720000,-178.100000, 36.340000
 33.350000,-184.900000, 36.230000
 35.790000,-191.510000, 36.000000
 33.580000,-199.120000, 36.230000
 28.640000,-205.970000, 36.940000
 23.770000,-210.930000, 38.540000
 21.460000,-214.670000, 39.950000
 19.190000,-217.700000, 42.570000
 17.380000,-218.580000, 49.910000
 16.350000,-217.220000, 61.480000
 15.800000,-216.130000, 70.350000
 16.830000,-216.220000, 72.390000
 18.540000,-216.740000, 69.040000
 17.150000,-220.030000, 62.300000
 12.080000,-220.520000, 57.380000
 5.460000,-220.470000, 57.760000
 0.480000,-222.250000, 60.350000
-2.480000,-223.320000, 60.220000
-0.740000,-221.550000, 57.440000
 1.410000,-218.890000, 51.800000
 1.620000,-217.310000, 44.580000
-0.410000,-215.840000, 37.610000
-3.090000,-213.920000, 32.730000
-7.550000,-213.150000, 30.810000
-11.960000,-214.380000, 29.670000
-18.580000,-215.090000, 23.800000
-20.580000,-215.630000, 9.770000
-13.580000,-215.480000,-6.140000
-8.800000,-210.700000,-16.830000
-9.640000,-202.490000,-19.010000
-17.410000,-188.260000,-11.070000
-30.590000,-171.700000, 2.890000
-38.200000,-157.850000, 12.220000
-29.370000,-151.900000, 13.720000
-12.450000,-151.560000, 10.850000
 8.090000,-153.100000, 7.020000
 27.900000,-156.570000, 3.130000
 36.630000,-163.770000, 3.830000
 42.120000,-173.320000, 9.450000
 43.720000,-184.360000, 17.130000
 42.750000,-194.920000, 23.480000
 40.300000,-203.960000, 26.430000
 34.070000,-210.760000, 25.860000
 23.870000,-215.640000, 23.590000
 14.350000,-218.570000, 21.160000
 9.890000,-221.610000, 18.750000
 16.610000,-225.990000, 15.900000
 28.610000,-235.450000, 12.160000
 38.220000,-247.540000, 8.290000
 45.430000,-250.130000, 4.030000
 47.940000,-250.130000, 0.380000
 42.730000,-250.130000,-0.090000
 38.120000,-250.130000,-0.930000
 47.970000,-250.130000,-2.130000
 64.360000,-250.130000, 10.930000
 74.810000,-250.130000, 36.200000
 80.900000,-250.130000, 57.880000
 86.250000,-250.130000, 68.740000
 78.460000,-250.130000, 65.080000
 60.620000,-250.130000, 45.850000
 40.730000,-250.130000, 22.120000
 24.420000,-250.130000, 10.740000
 13.150000,-250.130000, 16.620000
 11.810000,-250.130000, 27.300000
 20.630000,-245.630000, 33.160000
 28.700000,-237.580000, 33.030000
 31.580000,-230.280000, 29.940000
 30.030000,-225.810000, 27.130000
 27.160000,-223.120000, 28.870000
 23.630000,-220.270000, 37.100000
 20.030000,-218.190000, 48.670000
 19.660000,-218.440000, 56.660000
 17.990000,-220.940000, 57.640000
 12.450000,-223.100000, 53.090000
 7.200000,-225.900000, 44.480000
 2.610000,-230.660000, 34.870000
-0.010000,-237.030000, 25.740000
-0.690000,-245.840000, 15.510000
 3.770000,-250.130000, 4.760000
 8.660000,-250.130000,-2.030000
 11.640000,-250.130000,-5.230000
 11.310000,-250.130000,-7.640000
 19.870000,-250.130000,-3.350000
 18.640000,-248.750000, 8.290000
 9.660000,-234.520000, 13.150000
-1.580000,-222.240000, 12.840000
-19.100000,-208.140000, 10.850000
-31.880000,-188.610000, 10.520000
-32.350000,-158.190000, 18.370000
-16.150000,-124.000000, 30.610000
 4.110000,-95.160000, 39.340000
 14.320000,-75.120000, 35.510000
 17.510000,-67.580000, 22.490000
 15.660000,-70.060000, 11.350000
 5.980000,-76.190000, 8.190000
-9.490000,-83.870000, 9.500000
-23.160000,-90.860000, 10.290000
-29.380000,-91.770000, 9.280000
-28.750000,-89.080000, 9.540000
-23.310000,-85.960000, 9.160000
-15.540000,-81.380000, 6.950000
-5.740000,-73.960000, 5.030000
 0.570000,-64.310000, 5.550000
-0.640000,-54.930000, 8.650000
-3.590000,-46.220000, 11.030000
-7.640000,-35.690000, 10.790000
-8.360000,-23.800000, 3.410000
-5.140000,-11.450000,-9.010000
-2.990000, 1.140000,-17.900000
-1.280000, 11.090000,-19.690000
-2.190000, 17.930000,-12.990000
-2.080000, 22.000000,-2.480000
-2.510000, 25.160000, 4.060000
-3.900000, 26.070000, 4.000000
-4.660000, 25.250000,-1.290000
-0.700000, 23.740000,-8.040000
 6.040000, 21.740000,-11.540000
 10.940000, 18.770000,-11.020000
 12.590000, 15.360000,-8.880000
 10.540000, 11.910000,-6.480000
 7.350000, 9.690000,-4.670000
 6.350000, 9.780000,-3.830000
 6.730000, 11.030000,-4.090000
 7.680000, 12.330000,-5.560000
 8.910000, 12.480000,-7.220000
 8.650000, 12.130000,-7.780000
 8.370000, 10.640000,-8.380000
 8.190000, 8.870000,-7.850000
 9.350000, 6.060000,-5.330000
 12.300000, 1.900000,-2.030000
 15.210000,-3.540000, 0.580000
 17.590000,-7.550000, 1.250000
 19.190000,-11.480000,-0.700000
 17.120000,-14.430000,-2.440000
 13.350000,-17.830000,-2.800000
 9.250000,-20.120000,-0.880000
 6.680000,-22.120000, 2.770000
 7.870000,-23.030000, 6.770000
 11.680000,-23.410000, 9.510000
 15.220000,-25.610000, 10.890000
 17.250000,-29.820000, 11.480000
 19.540000,-35.340000, 11.390000
 22.580000,-42.090000, 8.960000
 25.610000,-50.490000, 2.830000
 29.150000,-60.840000,-4.750000
 32.720000,-71.770000,-9.370000
 36.080000,-81.440000,-8.290000
 37.920000,-87.250000,-5.080000
 38.630000,-90.310000,-3.240000
 43.050000,-91.580000,-3.340000
 51.640000,-92.730000,-4.640000
 59.580000,-94.250000,-5.230000
 62.930000,-97.830000,-5.330000
 58.860000,-104.470000,-3.770000
 48.250000,-112.660000, 0.910000
 36.820000,-122.130000, 7.830000
 29.020000,-131.910000, 12.480000
 23.870000,-140.770000, 14.380000
 21.530000,-146.280000, 14.200000
 22.460000,-148.460000, 12.640000
 28.250000,-147.440000, 12.980000
 35.380000,-141.680000, 16.280000
 38.480000,-134.350000, 19.770000
 37.530000,-125.690000, 22.880000
 34.800000,-116.320000, 25.930000
 30.600000,-108.820000, 28.830000
 27.030000,-104.300000, 30.760000
 25.580000,-102.930000, 32.580000
 25.100000,-105.450000, 34.720000
 23.510000,-111.250000, 39.020000
 21.790000,-118.230000, 44.510000
 22.690000,-129.050000, 49.460000
 23.580000,-142.930000, 51.640000
 24.500000,-156.740000, 50.190000
 25.580000,-168.240000, 46.560000
 24.080000,-177.950000, 42.470000
 22.240000,-185.220000, 40.550000
 20.500000,-192.870000, 40.440000
 17.310000,-201.220000, 41.190000
 13.790000,-207.870000, 42.700000
 10.230000,-214.520000, 44.640000
 5.040000,-221.490000, 45.740000
-2.410000,-224.050000, 45.460000
-8.610000,-230.210000, 41.210000
-18.460000,-236.640000, 30.280000
-29.460000,-239.510000, 7.940000
-13.680000,-234.480000,-8.090000
 5.780000,-226.600000, 1.250000
 6.000000,-217.450000, 20.380000
-3.190000,-206.220000, 29.140000
-10.730000,-192.830000, 24.800000
-15.870000,-177.950000, 15.920000
-13.440000,-167.470000, 9.140000
-1.690000,-162.670000, 10.460000
 19.410000,-163.780000, 21.540000
 39.430000,-171.500000, 33.510000
 45.390000,-181.210000, 39.330000
 40.640000,-190.380000, 39.880000
 30.300000,-199.480000, 36.180000
 20.730000,-209.600000, 30.950000
 12.750000,-218.590000, 26.220000
 6.480000,-224.410000, 23.470000
 3.520000,-227.910000, 21.220000
 6.430000,-232.900000, 21.320000
 15.120000,-240.000000, 22.990000
 27.320000,-250.130000, 23.530000
 39.630000,-250.130000, 21.350000
 49.960000,-250.130000, 18.780000
 51.990000,-250.130000, 16.540000
 51.240000,-250.130000, 13.380000
 47.080000,-250.130000, 9.680000
 63.440000,-250.130000, 14.480000
 87.670000,-250.130000, 27.250000
 98.090000,-250.130000, 36.800000
 92.770000,-250.130000, 38.300000
 74.000000,-245.460000, 28.440000
 50.030000,-229.960000, 9.730000
 31.350000,-222.410000,-5.670000
 17.360000,-217.590000,-4.930000
 12.610000,-213.180000, 7.870000
 18.950000,-210.550000, 23.310000
 33.130000,-213.890000, 34.080000
 41.740000,-220.590000, 37.620000
 41.630000,-228.960000, 38.540000
 37.970000,-236.610000, 40.200000
 35.690000,-243.610000, 42.140000
 36.090000,-246.740000, 45.230000
 35.280000,-246.720000, 48.850000
 32.580000,-247.750000, 48.480000
 28.160000,-249.610000, 41.660000
 24.900000,-250.130000, 33.390000
 26.430000,-250.130000, 25.920000
 34.860000,-250.130000, 18.200000
 42.170000,-250.130000, 12.140000
 40.770000,-250.130000, 10.590000
 32.500000,-250.130000, 13.480000
 23.310000,-250.130000, 18.150000
 22.370000,-250.130000, 19.190000
 23.580000,-250.130000, 15.880000
 23.500000,-250.130000, 11.930000
 19.710000,-250.130000, 13.990000
 14.250000,-250.130000, 23.980000
 7.510000,-250.130000, 38.220000
 6.990000,-250.130000, 50.150000
 8.820000,-250.130000, 57.530000
 15.300000,-250.130000, 55.080000
 24.780000,-247.900000, 41.010000
 42.840000,-228.690000, 23.270000
 54.330000,-212.870000, 11.160000
 48.050000,-197.790000, 7.200000
 35.350000,-177.860000, 12.550000
 27.100000,-149.730000, 24.700000
 18.700000,-119.540000, 38.340000
 11.250000,-96.580000, 46.260000
 7.320000,-84.500000, 44.300000
 7.920000,-82.630000, 34.090000
 9.580000,-83.450000, 23.830000
 2.120000,-89.970000, 18.740000
-9.420000,-101.190000, 17.130000
-21.360000,-108.690000, 15.960000
-26.950000,-107.520000, 11.170000
-21.930000,-102.190000, 4.890000
-12.530000,-94.770000, 4.660000
-5.800000,-84.760000, 10.460000
 1.900000,-73.090000, 12.480000
 6.540000,-60.840000, 10.380000
 8.740000,-44.830000, 8.380000
 11.540000,-32.150000, 5.240000
 14.360000,-23.700000, 5.540000
 15.930000,-13.960000, 10.600000
 21.540000,-5.780000, 13.350000
 22.770000,-4.280000, 11.380000
 15.300000,-5.330000, 9.510000
 5.250000,-8.410000, 4.290000
-4.950000,-11.590000,-3.340000
-8.320000,-15.880000,-9.700000
-11.530000,-22.750000,-12.440000
-13.940000,-29.070000,-10.650000
-13.540000,-32.960000,-4.690000
-9.330000,-33.670000, 3.010000
-2.000000,-30.320000, 7.540000
 4.640000,-23.170000, 5.660000
 10.750000,-12.940000,-1.020000
 14.270000,-3.710000,-9.610000
 7.730000, 3.390000,-15.950000
-4.520000, 8.430000,-17.220000
-13.890000, 12.300000,-13.700000
-17.170000, 14.420000,-8.060000
-14.940000, 15.770000,-3.200000
-9.080000, 17.030000,-0.670000
-0.530000, 18.920000,-1.590000
 6.710000, 20.720000,-5.170000
 11.160000, 21.120000,-8.660000
 12.070000, 20.400000,-11.310000
 8.410000, 19.090000,-10.290000
 3.880000, 17.520000,-6.740000
 2.960000, 15.710000,-3.960000
 3.610000, 14.770000,-1.220000
 4.620000, 15.080000, 0.700000
 4.420000, 15.150000, 1.870000
 0.920000, 16.020000, 3.090000
-3.110000, 17.290000, 4.290000
-4.610000, 19.740000, 4.960000
-4.810000, 23.520000, 6.420000
-4.960000, 27.100000, 8.480000
-4.440000, 27.740000, 11.270000
-3.960000, 27.200000, 13.930000
-2.960000, 27.090000, 15.290000
-3.430000, 25.090000, 14.480000
-4.640000, 21.990000, 11.740000
-2.700000, 18.640000, 9.090000
 2.550000, 14.340000, 7.000000
 8.870000, 5.930000, 7.210000
 13.870000,-8.190000, 8.450000
 18.230000,-26.160000, 8.350000
 24.960000,-43.950000, 7.030000
 33.600000,-60.050000, 4.960000
 39.480000,-73.680000, 3.530000
 44.540000,-83.890000, 2.890000
 45.900000,-91.570000, 4.400000
 45.090000,-96.400000, 7.510000
 44.410000,-100.640000, 10.920000
 43.320000,-104.550000, 13.360000
 40.990000,-109.150000, 15.540000
 38.850000,-115.170000, 17.290000
 35.010000,-123.380000, 18.790000
 29.830000,-134.300000, 19.080000
 28.880000,-145.760000, 17.450000
 33.020000,-155.320000, 19.430000
 35.610000,-163.320000, 25.810000
 33.580000,-168.630000, 32.870000
 29.680000,-172.100000, 37.770000
 25.190000,-172.030000, 41.100000
 22.370000,-169.580000, 42.830000
 17.900000,-168.350000, 42.870000
 11.980000,-169.240000, 42.820000
 5.840000,-172.210000, 43.900000
 1.710000,-178.330000, 47.320000
 1.330000,-187.010000, 50.900000
 3.140000,-198.540000, 52.980000
 6.250000,-211.770000, 53.480000
 8.160000,-225.380000, 52.740000
 8.640000,-236.250000, 49.870000
 7.970000,-245.640000, 46.570000
 4.880000,-250.130000, 45.400000
 0.080000,-250.130000, 43.800000
-4.030000,-250.130000, 40.080000
-8.740000,-250.130000, 34.760000
-12.320000,-250.130000, 27.510000
-12.800000,-250.130000, 20.240000
-11.210000,-242.860000, 12.090000
-3.700000,-231.220000, 2.410000
 5.610000,-221.960000,-1.530000
 8.740000,-214.030000, 2.250000
 3.630000,-210.050000, 11.330000
-6.040000,-210.260000, 22.830000
-10.300000,-213.640000, 29.670000
-1.240000,-215.580000, 30.730000
 16.590000,-217.970000, 29.800000
 35.980000,-223.480000, 26.970000
 45.950000,-230.180000, 24.350000
 43.600000,-233.180000, 23.630000
 36.340000,-229.450000, 23.230000
 32.520000,-220.510000, 21.330000
 33.460000,-208.450000, 18.320000
 33.920000,-195.370000, 16.570000
 34.360000,-183.670000, 16.110000
 33.970000,-176.030000, 16.170000
 31.490000,-175.330000, 16.410000
 29.060000,-181.310000, 16.050000
 26.920000,-191.530000, 15.580000
 24.800000,-204.900000, 12.090000
 26.500000,-220.060000, 4.150000
 31.340000,-231.370000,-5.900000
 39.820000,-240.600000,-10.830000
 52.000000,-247.860000,-1.480000
 60.250000,-242.580000, 20.120000
 64.680000,-231.580000, 34.130000
 70.460000,-214.900000, 41.810000
 75.190000,-200.710000, 48.460000
 83.360000,-198.040000, 48.800000
 83.870000,-202.820000, 42.280000
 62.860000,-209.480000, 33.570000
 35.310000,-218.450000, 28.260000
 18.450000,-221.900000, 23.970000
 16.090000,-220.000000, 15.270000
 18.920000,-210.320000, 9.610000
 25.540000,-195.480000, 13.630000
 32.600000,-182.250000, 22.870000
 37.250000,-170.840000, 31.990000
 40.780000,-160.500000, 40.160000
 41.200000,-153.580000, 49.000000
 37.600000,-149.060000, 56.450000
 32.210000,-146.830000, 58.760000
 23.880000,-147.440000, 56.160000
 14.400000,-147.200000, 54.320000
 12.020000,-144.450000, 54.370000
 15.370000,-144.480000, 54.740000
 19.460000,-151.490000, 55.030000
 21.580000,-165.820000, 54.250000
 24.860000,-187.890000, 51.660000
 26.650000,-213.270000, 47.700000
 29.380000,-238.870000, 44.250000
 30.310000,-250.130000, 42.270000
 28.610000,-250.130000, 39.040000
 23.000000,-250.130000, 32.820000
 16.000000,-250.130000, 25.640000
 6.100000,-250.130000, 17.640000
 1.060000,-250.130000, 10.580000
 8.020000,-250.130000, 6.960000
 20.960000,-250.130000, 11.820000
 27.520000,-250.130000, 18.540000
 17.090000,-250.130000, 30.610000
-9.090000,-250.130000, 47.700000
-23.410000,-250.130000, 51.500000
-12.090000,-250.130000, 42.170000
 8.250000,-239.740000, 34.480000
 28.120000,-212.400000, 32.460000
 34.670000,-193.450000, 32.650000
 27.720000,-183.530000, 34.610000
 15.870000,-174.530000, 36.460000
 18.050000,-161.580000, 35.200000
 19.470000,-147.610000, 29.920000
 14.630000,-135.030000, 21.370000
 6.660000,-123.410000, 12.080000
-0.410000,-111.940000, 4.580000
-2.130000,-100.120000, 1.290000
-0.640000,-91.120000, 1.160000
-2.090000,-86.910000, 4.160000
-6.150000,-85.660000, 8.930000
-10.200000,-89.200000, 14.230000
-15.410000,-93.560000, 18.540000
-18.030000,-93.940000, 20.240000
-13.030000,-89.780000, 18.080000
-4.440000,-84.220000, 11.930000
-0.510000,-79.740000, 5.020000
-7.080000,-74.000000, 1.220000
-17.490000,-67.310000,-1.740000
-19.350000,-56.370000,-2.380000
-11.870000,-45.870000,-3.280000
-9.250000,-38.540000,-7.390000
-4.700000,-28.170000,-11.950000
 4.030000,-20.400000,-15.600000
 8.830000,-15.620000,-17.120000
 4.070000,-14.840000,-12.060000
