 12.920000, 250.120000,-250.130000
 70.640000, 250.120000,-250.130000
 250.120000,-215.830000,-83.930000
 147.300000, 88.290000,-250.130000
-33.130000, 201.350000,-250.130000
-161.970000, 176.270000,-250.130000
-103.580000, 202.240000,-250.130000
-98.810000, 126.020000,-250.130000
-95.310000, 63.030000,-250.130000
-93.040000, 21.220000,-250.130000
-85.050000, 29.850000,-250.130000
-102.690000, 51.060000,-250.130000
-163.290000, 37.830000,-250.130000
-207.060000,-1.640000,-250.130000
-202.960000,-4.170000,-250.130000
-133.970000, 19.900000,-250.130000
-10.250000, 67.380000,-250.130000
 141.680000, 117.960000,-235.480000
 250.120000, 150.580000,-219.180000
 250.120000, 156.410000,-217.130000
 250.120000, 147.450000,-231.120000
 250.120000, 116.290000,-249.580000
 166.800000, 87.500000,-250.130000
 39.460000, 69.920000,-250.130000
-64.440000, 57.220000,-250.130000
-120.480000, 50.670000,-243.100000
-153.090000, 57.560000,-250.130000
-170.310000, 65.740000,-244.070000
-154.740000, 79.630000,-201.690000
-109.430000, 80.740000,-134.620000
-52.340000, 76.450000,-74.750000
 0.640000, 61.500000,-34.010000
 41.250000, 50.680000,-7.830000
 68.490000, 40.760000, 7.690000
 77.220000, 31.060000, 17.980000
 66.120000, 18.960000, 23.870000
 46.800000, 4.220000, 24.680000
 26.480000,-8.540000, 21.180000
 15.060000,-16.280000, 16.960000
 10.400000,-18.160000, 14.640000
 6.330000,-16.990000, 15.790000
 1.310000,-16.400000, 19.780000
-5.650000,-13.900000, 22.740000
-11.350000,-9.630000, 23.960000
-16.540000,-3.830000, 23.960000
-20.420000, 1.480000, 22.050000
-27.960000, 7.720000, 19.320000
-42.150000, 17.960000, 15.820000
-66.890000, 31.570000, 13.760000
-95.350000, 45.660000, 11.870000
-119.950000, 59.470000, 9.230000
-140.570000, 69.800000, 6.370000
-157.280000, 78.520000, 4.480000
-172.620000, 88.510000, 3.410000
-187.550000, 95.310000, 4.250000
-199.290000, 100.860000, 8.440000
-209.180000, 101.920000, 14.620000
-220.680000, 98.760000, 22.830000
-229.560000, 94.700000, 34.190000
-233.730000, 91.520000, 46.410000
-229.440000, 87.350000, 57.800000
-214.190000, 82.790000, 63.190000
-191.930000, 80.420000, 63.560000
-171.630000, 81.450000, 60.410000
-161.630000, 84.070000, 55.240000
-162.650000, 82.090000, 49.820000
-168.160000, 75.400000, 44.100000
-178.480000, 63.470000, 40.580000
-190.060000, 49.490000, 40.330000
-198.460000, 37.510000, 40.790000
-201.490000, 30.980000, 39.670000
-201.780000, 30.290000, 38.380000
-198.740000, 32.100000, 37.900000
-192.410000, 30.460000, 38.490000
-185.190000, 23.310000, 40.340000
-179.080000, 14.120000, 45.090000
-171.580000, 6.670000, 52.120000
-161.300000, 2.120000, 59.200000
-149.060000, 0.380000, 64.480000
-138.430000,-0.610000, 67.960000
-130.380000,-0.680000, 71.890000
-125.560000, 1.290000, 75.510000
-124.730000, 7.340000, 79.410000
-126.320000, 16.110000, 82.700000
-132.250000, 27.170000, 84.320000
-141.670000, 34.950000, 84.690000
-153.870000, 40.000000, 87.130000
-166.120000, 45.510000, 92.300000
-175.830000, 51.810000, 101.020000
-181.900000, 58.930000, 109.550000
-185.290000, 67.960000, 113.840000
-191.700000, 75.520000, 113.120000
-204.570000, 84.730000, 107.990000
-225.820000, 96.510000, 102.990000
-248.390000, 108.920000, 101.280000
-250.130000, 116.020000, 101.800000
-250.130000, 115.370000, 105.470000
-250.130000, 108.330000, 108.550000
-250.130000, 100.800000, 110.850000
-237.580000, 97.410000, 107.560000
-230.330000, 99.150000, 102.870000
-233.960000, 105.610000, 98.160000
-245.340000, 111.330000, 94.570000
-250.130000, 117.150000, 92.350000
-250.130000, 119.660000, 89.840000
-250.130000, 117.400000, 86.430000
-250.130000, 115.040000, 83.440000
-250.130000, 115.530000, 82.170000
-250.130000, 116.970000, 85.720000
-250.130000, 115.700000, 93.700000
-250.130000, 108.350000, 100.500000
-250.130000, 98.850000, 104.000000
-250.130000, 94.390000, 106.580000
-250.130000, 94.630000, 107.270000
-250.130000, 99.070000, 108.660000
-250.130000, 103.690000, 109.280000
-250.130000, 103.380000, 109.200000
-250.130000, 99.120000, 108.150000
-250.130000, 95.730000, 105.390000
-250.130000, 93.990000, 103.120000
-250.130000, 92.970000, 102.380000
-250.130000, 91.150000, 102.640000
-250.130000, 88.160000, 106.810000
-250.130000, 84.900000, 114.240000
-250.130000, 79.770000, 124.930000
-250.130000, 76.190000, 136.240000
-227.810000, 75.520000, 144.690000
-206.220000, 76.650000, 149.820000
-197.200000, 78.540000, 151.400000
-204.760000, 80.030000, 151.250000
-223.060000, 80.490000, 151.120000
-239.540000, 80.640000, 151.700000
-247.190000, 81.870000, 151.860000
-244.990000, 84.490000, 150.930000
-238.920000, 88.100000, 147.170000
-231.750000, 88.640000, 142.370000
-225.850000, 88.430000, 138.960000
-220.460000, 88.420000, 138.060000
-213.740000, 88.390000, 139.410000
-205.280000, 87.220000, 141.870000
-202.190000, 88.350000, 140.250000
-213.640000, 91.880000, 136.670000
-247.250000, 97.860000, 136.990000
-250.130000, 88.250000, 154.600000
-250.130000, 54.310000, 194.140000
-250.130000,-7.590000, 244.670000
-250.130000,-63.070000, 250.120000
-250.130000,-110.440000, 250.120000
-186.670000,-155.980000, 250.120000
-92.120000,-211.260000, 250.120000
-34.000000,-250.130000, 250.120000
-5.670000,-250.130000, 250.120000
 4.960000,-250.130000, 250.120000
 23.840000,-250.130000, 250.120000
 62.850000,-250.130000, 250.120000
 114.380000,-250.130000, 250.120000
 172.930000,-250.130000, 250.120000
 221.320000,-250.130000, 250.120000
 250.120000,-250.130000, 250.120000
 250.120000,-250.130000, 250.120000
 250.120000,-228.790000, 250.120000
 250.120000,-193.940000, 250.120000
 246.440000,-162.790000, 250.120000
 195.860000,-134.350000, 250.120000
 151.780000,-114.500000, 242.190000
 120.340000,-101.100000, 219.080000
 107.700000,-91.960000, 195.190000
 108.480000,-83.430000, 167.400000
 118.670000,-67.070000, 134.380000
 125.560000,-45.360000, 97.960000
 128.930000,-20.810000, 57.370000
 133.420000, 5.320000, 18.350000
 148.050000, 38.450000,-17.780000
 158.870000, 76.330000,-51.870000
 157.260000, 123.950000,-81.090000
 127.450000, 175.960000,-105.930000
 74.410000, 236.670000,-131.560000
 10.350000, 250.120000,-158.710000
-36.920000, 250.120000,-188.810000
-60.160000, 250.120000,-218.320000
-101.410000, 250.120000,-237.660000
 250.120000,-200.690000,-105.940000
 160.630000, 81.220000,-233.060000
-6.540000, 245.210000,-250.130000
-59.480000, 138.840000,-250.130000
-68.740000, 116.830000,-250.130000
-113.330000, 100.750000,-250.130000
-185.840000, 87.810000,-250.130000
-220.840000, 80.840000,-250.130000
-220.660000, 85.660000,-250.130000
-191.380000, 110.230000,-250.130000
-167.510000, 134.740000,-250.130000
-170.440000, 111.160000,-250.130000
-198.670000, 88.310000,-250.130000
-199.870000, 79.380000,-230.370000
-130.080000, 105.640000,-167.770000
 3.130000, 143.650000,-141.140000
 125.120000, 183.950000,-145.920000
 193.340000, 204.270000,-166.550000
 189.330000, 216.380000,-203.990000
 138.370000, 215.200000,-228.610000
 73.540000, 198.750000,-212.990000
 24.030000, 173.120000,-174.700000
 8.530000, 152.250000,-148.480000
 14.410000, 145.100000,-149.510000
-15.170000, 147.230000,-169.680000
-54.190000, 147.040000,-179.190000
-81.670000, 149.220000,-167.750000
-86.050000, 142.290000,-150.270000
-56.860000, 127.410000,-126.200000
 30.650000, 113.220000,-114.960000
 250.120000, 109.510000,-120.250000
 250.120000, 54.910000,-87.100000
 250.120000, 17.150000,-52.290000
 250.120000,-21.640000,-14.320000
 250.120000,-46.530000,-0.920000
 145.260000,-58.670000,-0.060000
 63.890000,-69.620000,-5.870000
 26.120000,-74.830000,-8.480000
 10.050000,-72.910000,-7.340000
 3.340000,-62.030000,-3.330000
 0.690000,-45.970000, 0.760000
-3.200000,-24.730000, 2.310000
-10.230000,-3.380000, 3.220000
-24.870000, 14.590000, 5.900000
-46.000000, 27.510000, 11.450000
-71.030000, 36.410000, 18.670000
-96.570000, 42.770000, 24.200000
-120.250000, 48.760000, 27.480000
-139.510000, 54.830000, 27.840000
-154.380000, 59.180000, 27.090000
-165.090000, 61.750000, 26.000000
-169.430000, 63.330000, 26.330000
-167.870000, 65.720000, 27.410000
-165.000000, 68.890000, 28.050000
-165.600000, 73.350000, 28.900000
-166.780000, 77.630000, 28.550000
-168.000000, 80.320000, 26.160000
-172.770000, 82.220000, 21.670000
-183.160000, 76.290000, 17.930000
-191.870000, 71.890000, 16.960000
-194.410000, 74.470000, 19.320000
-193.430000, 75.090000, 24.580000
-190.400000, 72.500000, 30.270000
-187.550000, 68.980000, 35.380000
-187.980000, 67.160000, 37.680000
-195.900000, 65.580000, 36.690000
-208.080000, 62.250000, 33.930000
-215.470000, 55.770000, 33.090000
-214.370000, 47.000000, 33.120000
-207.800000, 40.310000, 32.860000
-198.970000, 36.900000, 32.530000
-186.120000, 36.240000, 29.790000
-168.000000, 36.280000, 25.020000
-146.790000, 35.760000, 20.480000
-123.890000, 32.650000, 17.490000
-103.190000, 25.100000, 16.800000
-90.490000, 22.350000, 18.640000
-90.740000, 24.030000, 20.540000
-101.220000, 26.000000, 21.300000
-121.560000, 25.700000, 20.900000
-142.560000, 22.290000, 22.750000
-157.160000, 15.020000, 25.830000
-163.670000, 8.090000, 29.470000
-164.380000, 11.690000, 31.930000
-156.620000, 17.840000, 36.550000
-151.910000, 22.150000, 39.750000
-150.580000, 25.210000, 43.830000
-155.380000, 26.060000, 48.950000
-163.100000, 22.930000, 53.320000
-171.840000, 18.310000, 57.540000
-177.670000, 14.760000, 63.610000
-179.990000, 12.870000, 69.460000
-177.410000, 12.550000, 75.530000
-171.930000, 12.740000, 83.380000
-167.420000, 14.760000, 89.940000
-163.670000, 17.540000, 95.770000
-169.210000, 16.630000, 101.610000
-185.480000, 16.680000, 106.880000
-195.250000, 21.890000, 111.190000
-196.440000, 28.870000, 115.340000
-192.610000, 36.900000, 119.410000
-191.210000, 46.460000, 123.070000
-194.390000, 58.970000, 126.030000
-213.520000, 70.380000, 127.150000
-225.170000, 81.350000, 130.360000
-240.510000, 85.630000, 131.850000
-250.130000, 92.120000, 132.880000
-250.130000, 96.460000, 133.900000
-250.130000, 102.730000, 133.100000
-250.130000, 107.900000, 130.280000
-248.890000, 110.790000, 125.300000
-240.060000, 113.160000, 119.670000
-235.540000, 116.640000, 114.940000
-236.090000, 121.970000, 111.660000
-239.140000, 127.190000, 108.450000
-241.350000, 129.600000, 107.700000
-242.480000, 130.630000, 109.520000
-241.120000, 131.210000, 111.540000
-236.610000, 133.690000, 114.050000
-228.770000, 136.680000, 116.090000
-218.590000, 140.470000, 115.980000
-212.350000, 143.590000, 112.580000
-211.200000, 144.040000, 107.210000
-214.220000, 143.560000, 101.460000
-216.580000, 144.960000, 95.740000
-215.220000, 147.580000, 90.020000
-212.870000, 151.620000, 84.820000
-214.890000, 154.080000, 80.870000
-224.690000, 153.300000, 77.830000
-237.120000, 145.740000, 73.960000
-250.130000, 145.240000, 69.340000
-250.130000, 143.560000, 64.700000
-250.130000, 142.110000, 61.190000
-250.130000, 136.650000, 60.490000
-250.130000, 127.330000, 62.870000
-250.130000, 116.320000, 67.700000
-250.130000, 106.510000, 74.030000
-250.130000, 99.250000, 79.480000
-250.130000, 92.110000, 85.900000
-250.130000, 86.670000, 92.480000
-250.130000, 76.410000, 98.080000
-244.340000, 69.090000, 102.850000
-238.610000, 63.990000, 106.660000
-237.990000, 60.890000, 110.850000
-247.480000, 54.920000, 118.370000
-250.130000, 44.490000, 136.750000
-250.130000, 20.550000, 173.580000
-250.130000,-16.060000, 218.220000
-233.740000,-63.810000, 250.120000
-155.770000,-91.560000, 250.120000
-66.940000,-107.700000, 250.120000
-7.870000,-124.700000, 250.120000
 7.220000,-159.180000, 250.120000
-4.150000,-208.990000, 250.120000
-13.580000,-250.130000, 250.120000
 19.870000,-250.130000, 250.120000
 80.510000,-250.130000, 250.120000
 153.330000,-250.130000, 250.120000
 223.290000,-250.130000, 250.120000
 250.120000,-228.530000, 250.120000
 250.120000,-200.370000, 250.120000
 241.770000,-187.540000, 250.120000
 176.450000,-170.330000, 250.120000
 118.900000,-149.760000, 250.120000
 85.830000,-136.350000, 250.120000
 69.310000,-127.590000, 250.120000
 66.410000,-123.530000, 250.120000
 61.540000,-118.550000, 250.120000
 50.120000,-111.520000, 250.120000
 52.290000,-91.950000, 204.160000
 75.410000,-68.060000, 154.830000
 109.630000,-46.380000, 105.690000
 143.580000,-29.350000, 56.540000
 163.660000,-13.580000, 8.930000
 175.870000, 16.610000,-38.230000
 181.870000, 72.060000,-85.220000
 185.160000, 139.410000,-127.430000
 180.750000, 210.310000,-165.400000
 158.670000, 250.120000,-197.740000
 110.860000, 250.120000,-227.960000
 55.580000, 250.120000,-250.130000
 0.030000, 250.120000,-250.130000
-99.350000, 250.120000,-250.130000
 250.120000,-97.160000,-100.030000
 77.320000, 232.170000,-250.130000
-43.480000, 184.670000,-250.130000
-177.390000, 117.100000,-250.130000
-134.850000, 115.270000,-250.130000
-143.320000, 89.540000,-250.130000
-172.190000, 89.030000,-250.130000
-170.870000, 106.350000,-250.130000
-148.810000, 122.670000,-250.130000
-135.000000, 115.590000,-250.130000
-108.520000, 113.610000,-250.130000
-87.220000, 105.360000,-250.130000
-51.100000, 100.270000,-250.130000
 1.940000, 123.150000,-250.130000
 61.230000, 169.410000,-250.130000
 107.260000, 215.870000,-250.130000
 117.700000, 248.460000,-250.130000
 88.240000, 250.120000,-246.500000
 39.270000, 242.660000,-217.390000
-13.560000, 222.590000,-201.410000
-64.030000, 203.120000,-204.070000
-109.990000, 186.490000,-214.090000
-154.020000, 168.670000,-199.600000
-171.560000, 157.830000,-153.450000
-148.950000, 159.550000,-93.990000
-89.160000, 172.550000,-46.450000
-39.030000, 186.120000,-16.270000
 29.600000, 197.870000,-6.860000
 250.120000, 116.800000,-21.010000
 250.120000, 30.220000,-36.320000
 184.310000, 31.120000,-46.580000
 40.960000, 5.550000,-42.980000
-39.690000, 6.200000,-34.820000
-87.490000, 24.150000,-35.700000
-107.250000, 26.480000,-39.380000
-103.000000, 24.940000,-45.540000
-102.480000, 20.450000,-43.900000
-120.100000, 21.070000,-36.790000
-143.190000, 24.010000,-24.320000
-158.380000, 26.680000,-11.840000
-162.280000, 30.700000,-0.710000
-163.190000, 36.070000, 5.610000
-164.200000, 43.010000, 8.220000
-168.160000, 51.510000, 6.300000
-177.300000, 57.100000, 3.440000
-192.410000, 55.480000, 4.790000
-203.420000, 48.510000, 9.920000
-200.160000, 39.190000, 15.940000
-188.510000, 31.830000, 17.620000
-172.770000, 29.340000, 15.670000
-161.270000, 30.860000, 11.260000
-161.040000, 32.920000, 7.250000
-164.960000, 30.780000, 6.700000
-168.410000, 23.770000, 8.100000
-172.350000, 15.630000, 12.780000
-173.090000, 7.510000, 18.470000
-171.000000, 1.870000, 24.800000
-162.660000, 0.000000, 30.560000
-151.990000,-0.120000, 35.250000
-138.930000, 1.800000, 38.530000
-130.860000, 3.740000, 40.390000
-130.850000, 3.970000, 42.500000
-138.580000, 2.700000, 44.300000
-149.530000, 0.700000, 47.030000
-157.900000,-1.480000, 48.450000
-164.410000,-3.230000, 47.520000
-169.490000,-3.110000, 44.960000
-174.610000, 0.030000, 42.380000
-179.320000, 5.390000, 39.970000
-183.180000, 10.310000, 40.120000
-183.410000, 11.350000, 43.580000
-179.050000, 8.830000, 48.630000
-171.890000, 6.860000, 54.510000
-164.090000, 7.860000, 59.980000
-159.120000, 12.760000, 63.980000
-156.240000, 18.920000, 66.490000
-155.640000, 25.380000, 69.150000
-159.710000, 29.860000, 72.990000
-170.610000, 34.680000, 78.780000
-186.900000, 40.350000, 85.560000
-203.000000, 44.320000, 94.060000
-211.740000, 44.640000, 103.870000
-211.030000, 42.460000, 110.170000
-201.810000, 41.560000, 114.040000
-189.920000, 41.250000, 114.120000
-180.210000, 45.480000, 112.380000
-176.090000, 52.060000, 109.160000
-178.190000, 59.120000, 101.640000
-186.790000, 65.660000, 92.920000
-198.370000, 70.160000, 86.320000
-211.580000, 75.950000, 83.030000
-224.940000, 82.540000, 81.930000
-236.070000, 89.220000, 82.260000
-244.480000, 97.190000, 82.810000
-249.830000, 101.420000, 82.730000
-250.130000, 103.690000, 81.540000
-250.130000, 106.900000, 79.980000
-250.130000, 112.250000, 78.700000
-250.130000, 119.740000, 75.540000
-250.130000, 130.300000, 69.660000
-250.130000, 139.190000, 65.970000
-250.130000, 142.010000, 63.870000
-250.130000, 137.000000, 63.460000
-250.130000, 127.600000, 64.180000
-250.130000, 117.900000, 63.770000
-250.130000, 110.960000, 60.510000
-250.130000, 105.270000, 53.540000
-250.130000, 98.620000, 45.410000
-250.130000, 90.060000, 39.120000
-250.130000, 81.490000, 36.380000
-250.130000, 69.930000, 38.540000
-250.130000, 57.250000, 45.770000
-245.160000, 44.450000, 56.700000
-231.320000, 30.570000, 68.070000
-223.820000, 20.060000, 77.640000
-227.800000, 14.930000, 86.270000
-235.740000, 13.740000, 93.380000
-238.910000, 15.410000, 98.870000
-235.350000, 17.930000, 102.450000
-226.860000, 21.580000, 105.800000
-216.570000, 28.140000, 106.250000
-210.440000, 35.350000, 109.290000
-208.540000, 40.000000, 111.710000
-205.520000, 43.870000, 113.320000
-196.720000, 47.960000, 112.740000
-183.620000, 50.700000, 108.220000
-171.590000, 51.530000, 102.940000
-164.770000, 50.490000, 98.640000
-166.160000, 49.520000, 92.830000
-163.410000, 47.830000, 92.450000
-158.630000, 48.080000, 97.830000
-167.700000, 53.860000, 107.160000
-185.290000, 62.140000, 129.480000
-192.220000, 49.250000, 184.510000
-185.730000, 19.000000, 250.120000
-178.210000,-14.800000, 250.120000
-181.320000,-45.830000, 250.120000
-189.480000,-79.180000, 250.120000
-190.260000,-130.510000, 250.120000
-167.850000,-195.650000, 250.120000
-129.950000,-250.130000, 250.120000
-92.640000,-250.130000, 250.120000
-55.030000,-250.130000, 250.120000
-12.170000,-250.130000, 250.120000
 40.830000,-250.130000, 250.120000
 87.520000,-250.130000, 250.120000
 118.540000,-250.130000, 250.120000
 134.200000,-250.130000, 250.120000
 121.800000,-243.230000, 250.120000
 98.510000,-220.380000, 250.120000
 79.500000,-197.480000, 250.120000
 69.950000,-180.540000, 250.120000
 73.990000,-169.680000, 250.120000
 84.440000,-161.480000, 250.120000
 90.480000,-154.300000, 250.120000
 92.380000,-142.610000, 226.990000
 93.480000,-122.120000, 183.770000
 100.510000,-101.390000, 139.000000
 120.160000,-77.870000, 98.770000
 137.320000,-62.110000, 68.810000
 146.370000,-50.980000, 48.120000
 148.310000,-32.200000, 31.830000
 149.300000,-11.370000, 12.670000
 152.870000, 12.030000,-10.100000
 158.610000, 36.580000,-36.610000
 155.030000, 56.940000,-62.790000
 142.610000, 82.920000,-89.940000
 133.480000, 123.270000,-118.010000
 132.260000, 172.500000,-151.220000
 123.980000, 239.570000,-189.740000
 83.930000, 250.120000,-232.930000
 34.220000, 250.120000,-250.130000
-15.560000, 250.120000,-250.130000
-36.770000, 250.120000,-250.130000
 153.460000,-250.130000, 14.320000
 250.120000,-140.350000,-169.240000
 124.810000, 196.450000,-250.130000
-135.830000, 197.500000,-250.130000
-214.660000, 197.570000,-250.130000
-171.670000, 187.900000,-250.130000
-150.090000, 162.110000,-250.130000
-89.440000, 158.380000,-250.130000
-36.800000, 146.060000,-250.130000
-36.480000, 154.260000,-250.130000
-35.800000, 155.440000,-250.130000
-55.140000, 125.710000,-250.130000
-77.820000, 88.610000,-237.830000
-53.690000, 96.650000,-198.130000
 10.620000, 135.260000,-184.470000
 85.200000, 180.800000,-183.740000
 148.390000, 221.270000,-190.910000
 161.030000, 247.750000,-207.590000
 108.370000, 245.770000,-222.260000
-0.390000, 231.830000,-228.610000
-123.140000, 208.660000,-214.740000
-214.740000, 184.900000,-178.580000
-250.130000, 167.220000,-136.060000
-250.130000, 165.730000,-106.580000
-250.130000, 175.000000,-92.140000
-250.130000, 195.970000,-82.780000
-227.280000, 214.740000,-77.480000
-177.790000, 211.650000,-63.240000
-127.480000, 188.080000,-41.210000
-63.520000, 148.480000,-26.600000
 13.140000, 102.470000,-27.550000
 54.120000, 68.060000,-25.890000
 73.270000, 41.110000,-21.280000
 71.270000, 17.550000,-13.810000
 66.250000,-4.750000,-10.440000
 45.800000,-27.280000,-7.190000
 20.010000,-44.740000,-5.020000
 2.130000,-54.980000,-3.700000
-5.550000,-59.010000,-3.120000
-9.690000,-60.290000, 1.160000
-14.280000,-59.920000, 10.740000
-20.250000,-56.670000, 22.020000
-30.700000,-52.070000, 33.030000
-50.870000,-49.440000, 43.000000
-74.000000,-46.710000, 53.740000
-94.560000,-42.450000, 64.400000
-105.970000,-36.100000, 74.340000
-108.980000,-26.580000, 81.290000
-109.110000,-16.670000, 85.640000
-108.770000,-5.570000, 89.210000
-110.470000, 5.030000, 91.460000
-117.750000, 15.010000, 92.960000
-133.290000, 25.800000, 96.410000
-155.160000, 35.610000, 103.680000
-178.660000, 44.950000, 109.480000
-202.030000, 56.230000, 113.510000
-229.160000, 66.570000, 117.820000
-250.130000, 77.920000, 123.240000
-250.130000, 88.640000, 129.310000
-250.130000, 89.980000, 135.670000
-250.130000, 87.280000, 144.760000
-250.130000, 78.370000, 151.770000
-250.130000, 74.750000, 153.160000
-241.960000, 76.960000, 149.810000
-242.990000, 81.000000, 145.140000
-250.130000, 85.250000, 142.610000
-250.130000, 85.540000, 141.710000
-250.130000, 84.700000, 141.290000
-250.130000, 86.340000, 140.980000
-244.580000, 89.120000, 139.650000
-246.130000, 100.090000, 137.520000
-250.130000, 113.680000, 136.440000
-250.130000, 124.870000, 133.760000
-250.130000, 130.990000, 129.930000
-250.130000, 133.220000, 126.380000
-250.130000, 135.950000, 121.740000
-250.130000, 141.350000, 114.700000
-250.130000, 151.800000, 107.430000
-250.130000, 162.240000, 101.940000
-250.130000, 167.380000, 95.060000
-250.130000, 166.390000, 88.680000
-250.130000, 161.640000, 83.650000
-250.130000, 154.450000, 80.820000
-250.130000, 146.800000, 80.220000
-250.130000, 139.120000, 80.970000
-250.130000, 131.640000, 82.720000
-250.130000, 124.140000, 84.090000
-250.130000, 117.000000, 84.710000
-250.130000, 110.800000, 83.860000
-250.130000, 104.770000, 81.020000
-250.130000, 97.990000, 77.290000
-250.130000, 90.820000, 74.970000
-250.130000, 83.990000, 77.480000
-250.130000, 73.050000, 86.500000
-250.130000, 60.530000, 98.120000
-250.130000, 49.570000, 106.850000
-250.130000, 41.950000, 111.060000
-246.020000, 37.790000, 113.380000
-220.920000, 35.930000, 114.270000
-207.760000, 32.670000, 113.660000
-209.730000, 27.780000, 112.390000
-222.960000, 24.250000, 112.540000
-235.070000, 25.290000, 115.700000
-239.660000, 29.740000, 120.000000
-237.050000, 32.540000, 123.540000
-228.370000, 31.580000, 125.570000
-218.560000, 27.540000, 126.260000
-212.310000, 24.990000, 126.240000
-208.000000, 25.990000, 127.960000
-199.870000, 29.230000, 132.700000
-186.540000, 30.630000, 139.190000
-168.530000, 31.510000, 144.160000
-154.370000, 32.250000, 145.920000
-148.580000, 31.210000, 151.000000
-151.280000, 29.720000, 158.130000
-158.410000, 27.890000, 165.220000
-165.580000, 26.070000, 176.400000
-166.430000, 22.220000, 194.700000
-157.510000, 11.400000, 225.740000
-137.860000,-6.360000, 250.120000
-115.580000,-14.760000, 250.120000
-110.390000,-15.450000, 250.120000
-116.030000,-23.430000, 250.120000
-116.890000,-67.800000, 250.120000
-111.760000,-128.410000, 250.120000
-105.000000,-184.350000, 250.120000
-100.130000,-225.700000, 250.120000
-77.250000,-250.130000, 250.120000
-61.500000,-250.130000, 250.120000
-40.600000,-250.130000, 250.120000
-6.460000,-250.130000, 250.120000
 44.010000,-250.130000, 250.120000
 102.180000,-250.130000, 250.120000
 161.140000,-250.130000, 250.120000
 200.940000,-250.130000, 250.120000
 209.190000,-250.130000, 250.120000
 186.000000,-248.910000, 250.120000
 136.780000,-233.640000, 250.120000
 80.200000,-219.800000, 250.120000
 38.410000,-208.120000, 250.120000
 21.270000,-196.660000, 250.120000
 25.150000,-183.930000, 210.280000
 47.700000,-161.610000, 159.490000
 80.600000,-131.830000, 105.070000
 115.700000,-100.740000, 49.460000
 144.710000,-73.310000,-3.730000
 161.490000,-42.280000,-50.920000
 164.120000, 6.620000,-92.160000
 160.750000, 64.380000,-128.000000
 153.960000, 124.090000,-161.660000
 143.720000, 193.380000,-196.830000
 126.410000, 250.120000,-234.550000
 92.250000, 250.120000,-250.130000
 43.910000, 250.120000,-250.130000
-1.980000, 250.120000,-250.130000
-46.560000, 250.120000,-250.130000
-250.130000, 250.120000,-250.130000
 250.120000,-250.130000,-26.810000
 129.220000, 101.320000,-250.130000
-27.440000, 250.120000,-250.130000
-198.770000, 230.370000,-250.130000
-168.950000, 235.930000,-250.130000
-141.800000, 204.500000,-250.130000
-82.410000, 189.240000,-250.130000
-39.390000, 150.360000,-250.130000
-13.750000, 137.960000,-250.130000
-25.350000, 129.800000,-250.130000
-47.750000, 120.680000,-250.130000
-73.430000, 111.270000,-230.800000
-71.620000, 129.540000,-189.610000
-33.760000, 175.150000,-164.540000
 20.340000, 229.270000,-142.240000
 69.220000, 250.120000,-123.090000
 101.880000, 250.120000,-109.270000
 118.210000, 250.120000,-102.620000
 114.320000, 250.120000,-111.270000
 73.390000, 250.120000,-134.670000
-3.750000, 227.990000,-157.890000
-100.210000, 208.800000,-176.160000
-190.520000, 191.160000,-174.740000
-234.120000, 175.510000,-150.320000
-212.750000, 176.330000,-127.140000
-144.410000, 191.770000,-116.960000
-75.060000, 213.090000,-116.730000
-34.200000, 219.170000,-104.000000
-50.700000, 229.660000,-93.680000
-46.740000, 185.610000,-64.550000
 106.350000, 64.960000,-36.000000
 250.120000,-72.310000, 1.620000
 173.170000,-91.140000, 5.240000
 10.270000,-20.790000, 8.380000
-51.470000, 21.030000, 13.640000
-62.210000, 19.880000, 16.330000
-62.840000, 1.360000, 19.300000
-80.330000,-22.420000, 17.640000
-106.060000,-47.250000, 15.000000
-129.740000,-57.930000, 17.240000
-155.940000,-53.960000, 26.010000
-179.870000,-36.290000, 36.270000
-189.760000,-12.760000, 45.190000
-186.280000, 7.000000, 50.680000
-174.040000, 21.560000, 56.000000
-158.610000, 34.960000, 63.640000
-140.580000, 46.160000, 69.790000
-127.350000, 56.190000, 72.480000
-127.000000, 63.890000, 72.190000
-143.840000, 67.520000, 71.490000
-170.260000, 67.600000, 72.160000
-194.290000, 66.580000, 73.550000
-206.640000, 66.060000, 74.770000
-207.160000, 66.930000, 74.560000
-199.890000, 69.140000, 73.790000
-188.380000, 72.900000, 74.410000
-178.310000, 77.260000, 74.700000
-172.520000, 80.440000, 73.850000
-178.490000, 81.700000, 72.770000
-195.730000, 81.090000, 70.930000
-219.190000, 80.330000, 71.380000
-244.760000, 81.250000, 75.170000
-250.130000, 81.860000, 81.640000
-250.130000, 74.800000, 91.800000
-248.150000, 66.190000, 103.210000
-223.800000, 59.300000, 110.290000
-200.220000, 58.080000, 112.830000
-192.780000, 65.120000, 113.920000
-205.970000, 74.190000, 116.920000
-229.830000, 82.690000, 120.980000
-250.130000, 88.270000, 127.380000
-250.130000, 88.640000, 135.400000
-250.130000, 92.520000, 143.160000
-250.130000, 99.610000, 149.030000
-237.570000, 108.990000, 151.870000
-226.420000, 118.290000, 151.430000
-220.390000, 126.710000, 148.470000
-219.130000, 132.090000, 145.420000
-221.520000, 136.980000, 143.670000
-226.610000, 143.120000, 143.790000
-233.250000, 150.750000, 145.480000
-240.170000, 159.260000, 146.480000
-243.290000, 167.870000, 146.870000
-243.380000, 173.210000, 145.300000
-238.430000, 177.370000, 142.480000
-234.120000, 178.150000, 137.620000
-231.510000, 174.900000, 131.380000
-236.030000, 168.580000, 124.200000
-249.290000, 162.770000, 117.720000
-250.130000, 162.540000, 112.690000
-250.130000, 166.040000, 111.120000
-250.130000, 170.510000, 114.430000
-250.130000, 174.200000, 120.420000
-250.130000, 174.510000, 126.310000
-250.130000, 170.960000, 128.390000
-250.130000, 167.270000, 127.870000
-250.130000, 166.630000, 128.120000
-250.130000, 168.740000, 127.830000
-250.130000, 169.800000, 126.520000
-243.550000, 167.510000, 121.950000
-234.800000, 162.390000, 117.450000
-227.660000, 155.170000, 115.210000
-218.720000, 147.540000, 115.380000
-203.860000, 141.350000, 115.830000
-185.870000, 137.670000, 115.190000
-169.350000, 133.250000, 110.130000
-161.560000, 128.690000, 102.340000
-170.770000, 121.590000, 97.000000
-190.090000, 116.350000, 93.070000
-210.190000, 116.900000, 93.770000
-221.980000, 120.580000, 101.460000
-218.460000, 123.050000, 112.540000
-205.750000, 118.710000, 123.180000
-197.930000, 104.410000, 134.220000
-208.900000, 87.460000, 143.440000
-229.160000, 75.320000, 160.600000
-238.300000, 32.780000, 204.340000
-214.320000,-30.650000, 250.120000
-159.480000,-91.300000, 250.120000
-92.250000,-157.450000, 250.120000
-18.640000,-229.840000, 250.120000
 39.210000,-250.130000, 250.120000
 78.520000,-250.130000, 250.120000
 95.860000,-250.130000, 250.120000
 85.300000,-250.130000, 250.120000
 87.130000,-250.130000, 250.120000
 104.300000,-250.130000, 250.120000
 119.010000,-250.130000, 250.120000
 116.960000,-250.130000, 250.120000
 86.380000,-250.130000, 250.120000
 36.540000,-234.910000, 250.120000
-9.110000,-219.830000, 250.120000
-28.330000,-201.480000, 250.120000
-22.410000,-174.490000, 250.120000
 2.120000,-142.540000, 250.120000
 40.940000,-112.410000, 225.280000
 87.900000,-84.840000, 169.090000
 130.000000,-64.270000, 122.260000
 158.770000,-46.350000, 84.180000
 169.240000,-28.190000, 53.250000
 159.720000,-7.140000, 28.090000
 140.890000, 12.800000, 4.700000
 130.290000, 23.780000,-20.250000
 135.060000, 25.860000,-45.420000
 148.700000, 35.200000,-71.330000
 155.320000, 48.780000,-97.570000
 162.900000, 74.390000,-123.990000
 166.810000, 110.290000,-149.680000
 155.090000, 152.720000,-175.870000
 127.750000, 205.710000,-204.400000
 75.590000, 250.120000,-241.790000
 15.230000, 250.120000,-250.130000
-35.670000, 250.120000,-250.130000
-5.160000, 250.120000,-250.130000
 120.560000,-250.130000,-53.820000
 240.520000, 64.420000,-250.130000
 140.320000, 250.120000,-250.130000
-129.470000, 160.700000,-250.130000
-185.960000, 171.850000,-250.130000
-180.030000, 183.410000,-250.130000
-160.450000, 183.910000,-250.130000
-158.120000, 176.290000,-250.130000
-130.320000, 144.720000,-250.130000
-105.260000, 60.730000,-250.130000
-65.620000, 76.550000,-250.130000
-5.180000, 115.260000,-250.130000
 30.990000, 124.040000,-250.130000
 50.980000, 127.640000,-250.130000
 49.860000, 145.390000,-232.440000
 17.740000, 178.450000,-241.320000
-26.910000, 200.800000,-249.220000
-57.390000, 214.370000,-232.370000
-68.470000, 198.410000,-176.180000
-50.420000, 180.290000,-118.540000
-12.220000, 169.790000,-83.680000
 27.700000, 176.410000,-71.980000
 46.580000, 193.920000,-77.000000
 36.080000, 204.140000,-85.640000
 5.670000, 197.190000,-89.200000
-31.130000, 168.200000,-84.710000
-54.830000, 111.670000,-69.800000
-13.970000,-15.590000,-39.800000
 202.120000,-82.100000,-20.960000
 231.580000,-64.860000,-23.570000
 146.440000,-1.260000,-39.560000
 48.510000, 27.230000,-51.640000
-52.070000, 30.540000,-61.140000
-131.090000, 21.280000,-62.000000
-178.160000, 13.790000,-53.300000
-197.740000, 12.670000,-34.900000
-199.060000, 23.130000,-11.720000
-183.830000, 49.270000, 9.960000
-153.910000, 82.330000, 24.160000
-133.840000, 97.300000, 33.480000
-134.690000, 92.320000, 45.160000
-150.580000, 77.210000, 60.160000
-177.550000, 63.410000, 72.040000
-205.680000, 54.630000, 80.190000
-225.830000, 57.790000, 81.680000
-239.480000, 66.250000, 75.730000
-245.870000, 76.970000, 65.850000
-243.300000, 84.480000, 56.420000
-230.280000, 88.260000, 50.410000
-208.000000, 83.540000, 45.220000
-185.650000, 72.090000, 43.410000
-171.020000, 58.270000, 41.880000
-161.560000, 49.130000, 38.650000
-163.480000, 45.190000, 39.690000
-169.730000, 44.300000, 41.930000
-170.070000, 43.510000, 46.180000
-161.040000, 41.060000, 53.210000
-146.640000, 37.240000, 60.490000
-135.790000, 34.190000, 67.500000
-133.520000, 34.050000, 72.620000
-136.250000, 38.400000, 76.870000
-139.330000, 44.100000, 81.610000
-139.990000, 46.990000, 84.200000
-141.390000, 46.750000, 85.700000
-147.090000, 47.430000, 87.610000
-164.340000, 51.410000, 90.180000
-185.240000, 56.890000, 95.580000
-202.470000, 60.420000, 103.300000
-207.280000, 61.810000, 110.120000
-202.420000, 60.110000, 116.180000
-195.010000, 57.930000, 120.860000
-194.250000, 61.410000, 126.340000
-200.400000, 67.750000, 134.000000
-209.510000, 76.190000, 139.820000
-216.820000, 81.880000, 142.510000
-219.400000, 82.560000, 144.350000
-219.910000, 80.040000, 148.830000
-220.680000, 80.390000, 155.910000
-222.840000, 87.050000, 161.250000
-224.450000, 93.810000, 162.080000
-223.290000, 103.800000, 160.520000
-220.660000, 112.350000, 160.720000
-219.520000, 118.990000, 162.930000
-219.070000, 124.080000, 166.060000
-219.740000, 128.540000, 167.150000
-222.290000, 131.710000, 165.450000
-222.720000, 133.640000, 164.300000
-216.910000, 133.200000, 162.700000
-204.820000, 133.560000, 158.990000
-191.130000, 136.230000, 154.130000
-178.920000, 142.500000, 148.800000
-168.010000, 151.180000, 143.070000
-161.540000, 158.990000, 136.150000
-157.360000, 164.940000, 129.700000
-154.390000, 167.670000, 122.410000
-153.750000, 165.490000, 116.340000
-159.540000, 162.670000, 112.010000
-172.450000, 165.950000, 108.480000
-183.540000, 177.260000, 104.670000
-187.540000, 194.480000, 98.430000
-185.090000, 210.710000, 91.390000
-183.830000, 219.110000, 83.410000
-194.670000, 218.240000, 77.900000
-220.780000, 217.630000, 74.220000
-250.130000, 221.870000, 75.770000
-250.130000, 223.700000, 89.830000
-250.130000, 214.120000, 109.580000
-250.130000, 196.350000, 127.770000
-250.130000, 174.890000, 136.320000
-250.130000, 159.840000, 134.060000
-214.380000, 153.330000, 126.240000
-188.050000, 154.690000, 118.120000
-184.750000, 153.900000, 113.320000
-194.380000, 149.190000, 113.540000
-204.250000, 141.740000, 117.950000
-209.790000, 133.870000, 124.220000
-213.670000, 128.220000, 130.030000
-212.870000, 124.700000, 134.950000
-212.900000, 127.720000, 138.090000
-221.460000, 132.900000, 140.570000
-240.450000, 128.830000, 148.410000
-250.130000, 110.130000, 165.920000
-250.130000, 77.720000, 190.770000
-250.130000, 39.610000, 216.260000
-250.130000,-0.700000, 234.630000
-248.700000,-51.000000, 250.120000
-157.220000,-106.740000, 250.120000
-67.410000,-165.300000, 250.120000
 3.710000,-216.960000, 250.120000
 47.950000,-250.130000, 250.120000
 76.940000,-250.130000, 250.120000
 96.050000,-250.130000, 250.120000
 111.450000,-250.130000, 250.120000
 126.180000,-250.130000, 250.120000
 135.600000,-250.130000, 250.120000
 132.930000,-250.130000, 250.120000
 124.830000,-250.130000, 250.120000
 114.500000,-231.720000, 250.120000
 100.210000,-220.260000, 250.120000
 79.260000,-212.510000, 250.120000
 72.200000,-207.580000, 250.120000
 79.300000,-190.260000, 250.120000
 86.490000,-165.510000, 250.120000
 74.400000,-145.380000, 250.120000
 49.660000,-150.480000, 250.120000
 41.120000,-154.560000, 229.500000
 49.290000,-146.740000, 197.900000
 65.630000,-132.640000, 161.920000
 74.990000,-117.320000, 122.700000
 81.290000,-101.950000, 79.620000
 84.150000,-88.080000, 38.540000
 87.290000,-77.330000, 2.690000
 97.010000,-59.870000,-24.370000
 101.380000,-40.010000,-43.860000
 89.770000,-26.550000,-57.770000
 76.520000,-14.610000,-74.320000
 73.040000, 1.690000,-98.350000
 85.060000, 33.410000,-128.630000
 109.190000, 82.590000,-166.660000
 123.670000, 154.510000,-204.940000
 124.680000, 250.120000,-238.100000
 96.540000, 250.120000,-250.130000
 47.340000, 250.120000,-250.130000
 10.980000, 250.120000,-250.130000
-17.130000, 250.120000,-250.130000
-109.480000, 250.120000,-250.130000
 250.120000,-250.130000,-81.000000
 250.120000, 73.350000,-250.130000
-24.680000, 204.350000,-250.130000
-133.160000, 132.930000,-250.130000
-131.820000, 132.580000,-250.130000
-184.430000, 95.130000,-250.130000
-205.330000, 62.740000,-250.130000
-181.170000, 47.250000,-250.130000
-152.370000, 51.010000,-250.130000
-79.590000, 81.060000,-250.130000
-33.640000, 99.810000,-250.130000
-50.710000, 108.670000,-250.130000
-108.190000, 119.680000,-250.130000
-158.740000, 130.090000,-250.130000
-159.290000, 160.190000,-242.370000
-110.960000, 189.210000,-200.430000
-39.880000, 217.510000,-157.180000
 16.950000, 245.200000,-121.610000
 44.940000, 250.120000,-100.780000
 35.640000, 250.120000,-96.690000
-12.580000, 250.120000,-111.000000
-90.750000, 250.120000,-125.500000
-183.700000, 250.120000,-117.000000
-250.130000, 250.120000,-81.450000
-250.130000, 250.120000,-40.270000
-250.130000, 221.930000,-20.070000
-250.130000, 194.220000,-34.150000
-250.130000, 186.830000,-51.830000
-205.380000, 187.320000,-55.700000
-122.300000, 174.010000,-45.430000
-57.970000, 140.000000,-20.040000
-8.110000, 99.120000, 5.390000
 26.600000, 65.850000, 13.610000
 30.740000, 43.260000, 2.940000
-12.930000, 20.920000,-9.480000
-87.350000,-1.710000,-11.870000
-150.980000,-27.280000,-8.090000
-182.900000,-46.980000,-2.110000
-182.800000,-53.740000, 2.540000
-168.560000,-51.110000, 4.230000
-153.180000,-44.560000, 6.640000
-139.340000,-38.820000, 17.570000
-123.500000,-42.380000, 36.050000
-102.520000,-57.400000, 57.730000
-75.250000,-74.180000, 76.580000
-49.460000,-84.460000, 89.240000
-39.630000,-82.210000, 98.020000
-52.130000,-65.430000, 103.920000
-76.990000,-42.290000, 105.940000
-100.640000,-19.210000, 105.770000
-119.810000,-1.140000, 105.310000
-135.900000, 15.410000, 105.480000
-150.790000, 33.030000, 107.890000
-165.580000, 50.260000, 113.350000
-175.660000, 64.220000, 120.240000
-178.270000, 72.150000, 126.950000
-175.070000, 74.020000, 132.160000
-170.080000, 72.600000, 136.120000
-168.110000, 73.270000, 138.870000
-172.250000, 77.160000, 140.830000
-179.140000, 82.490000, 141.080000
-183.130000, 87.640000, 141.170000
-180.780000, 88.540000, 140.640000
-172.830000, 88.390000, 139.210000
-164.070000, 88.710000, 136.740000
-161.370000, 88.630000, 136.570000
-161.370000, 92.270000, 140.740000
-158.610000, 96.770000, 144.260000
-152.200000, 100.230000, 145.060000
-149.380000, 105.700000, 141.660000
-157.090000, 116.030000, 135.480000
-174.900000, 130.860000, 132.410000
-199.120000, 150.290000, 131.990000
-228.220000, 167.340000, 135.450000
-250.130000, 176.060000, 139.830000
-250.130000, 174.790000, 144.580000
-250.130000, 163.350000, 150.000000
-250.130000, 145.940000, 152.690000
-250.130000, 132.890000, 154.890000
-238.320000, 130.480000, 156.220000
-223.320000, 133.720000, 152.400000
-210.410000, 137.460000, 142.680000
-201.570000, 135.720000, 131.190000
-198.290000, 127.870000, 122.190000
-206.420000, 118.220000, 117.580000
-223.480000, 112.300000, 120.040000
-238.130000, 109.530000, 125.570000
-240.180000, 110.250000, 130.280000
-230.450000, 113.650000, 131.120000
-220.090000, 114.930000, 127.370000
-221.570000, 115.160000, 120.840000
-230.510000, 121.760000, 113.090000
-250.130000, 141.150000, 108.590000
-250.130000, 165.920000, 103.290000
-250.130000, 185.650000, 100.380000
-250.130000, 195.790000, 98.670000
-250.130000, 194.540000, 99.750000
-250.130000, 191.690000, 105.160000
-231.080000, 187.490000, 114.020000
-203.380000, 179.120000, 125.630000
-184.610000, 170.750000, 132.680000
-175.430000, 158.770000, 136.690000
-168.720000, 144.420000, 136.640000
-159.670000, 129.190000, 132.350000
-146.070000, 114.690000, 126.020000
-130.060000, 101.260000, 119.460000
-115.000000, 90.560000, 113.120000
-105.640000, 82.480000, 109.120000
-103.220000, 77.620000, 108.290000
-107.830000, 75.960000, 105.550000
-124.320000, 71.690000, 106.950000
-145.200000, 62.410000, 117.540000
-155.060000, 53.050000, 130.280000
-153.100000, 41.810000, 145.520000
-136.510000, 30.320000, 159.290000
-113.590000, 26.870000, 165.080000
-96.990000, 30.040000, 170.120000
-92.190000, 41.070000, 180.650000
-103.640000, 39.210000, 205.270000
-118.550000, 12.960000, 245.550000
-123.850000,-10.700000, 250.120000
-109.410000,-35.130000, 250.120000
-96.850000,-65.740000, 250.120000
-92.700000,-99.390000, 250.120000
-86.940000,-164.530000, 250.120000
-70.510000,-236.190000, 250.120000
-43.410000,-250.130000, 250.120000
 8.400000,-250.130000, 250.120000
 65.160000,-250.130000, 250.120000
 128.600000,-250.130000, 250.120000
 178.160000,-250.130000, 250.120000
 199.830000,-250.130000, 250.120000
 179.420000,-234.970000, 250.120000
 117.820000,-219.250000, 250.120000
 42.960000,-206.380000, 250.120000
-15.540000,-191.600000, 250.120000
-42.210000,-179.870000, 250.120000
-35.880000,-171.450000, 250.120000
-2.450000,-163.890000, 250.120000
 42.880000,-156.250000, 206.320000
 82.480000,-143.000000, 162.540000
 109.270000,-119.160000, 123.370000
 124.290000,-92.910000, 89.210000
 125.260000,-70.220000, 61.080000
 117.160000,-51.680000, 36.930000
 102.990000,-31.060000, 12.540000
 91.380000,-7.350000,-12.580000
 88.470000, 19.110000,-41.870000
 100.440000, 53.730000,-75.000000
 118.610000, 88.750000,-111.380000
 124.920000, 125.950000,-145.770000
 119.090000, 167.200000,-178.000000
 102.320000, 226.900000,-206.510000
 74.820000, 250.120000,-230.320000
 33.740000, 250.120000,-250.130000
-12.430000, 250.120000,-250.130000
-59.410000, 250.120000,-250.130000
-248.030000,-250.130000, 64.570000
-32.020000,-141.200000,-114.400000
 124.800000, 250.120000,-250.130000
-51.930000, 206.410000,-250.130000
-32.680000, 205.520000,-250.130000
 38.560000, 193.440000,-250.130000
 78.980000, 128.020000,-250.130000
 18.540000, 55.250000,-245.030000
-31.270000, 1.390000,-241.570000
-41.100000,-0.470000,-250.130000
-28.880000, 9.570000,-250.130000
-20.010000, 28.010000,-250.130000
-33.290000, 56.180000,-250.130000
-72.190000, 87.560000,-250.130000
-118.170000, 130.670000,-250.130000
-146.690000, 173.530000,-250.130000
-157.190000, 205.100000,-250.130000
-143.930000, 226.740000,-207.400000
-109.770000, 250.120000,-159.850000
-64.190000, 250.120000,-124.150000
-33.020000, 250.120000,-108.800000
-33.480000, 250.120000,-105.770000
-66.280000, 250.120000,-112.350000
-120.120000, 250.120000,-113.350000
-174.840000, 250.120000,-102.550000
-213.900000, 231.330000,-85.110000
-224.310000, 190.740000,-67.800000
-205.990000, 163.850000,-59.510000
-193.790000, 154.340000,-66.730000
-194.250000, 150.100000,-74.350000
-178.270000, 150.120000,-71.700000
-148.110000, 138.660000,-50.500000
-105.250000, 119.700000,-27.410000
-60.070000, 104.670000,-14.230000
-33.030000, 101.090000,-14.450000
-40.800000, 97.440000,-17.870000
-71.640000, 91.340000,-14.830000
-106.850000, 74.890000,-2.740000
-128.430000, 47.870000, 14.510000
-123.070000, 19.140000, 32.990000
-100.950000,-0.110000, 45.500000
-76.400000,-8.670000, 49.700000
-53.990000,-7.170000, 50.670000
-46.170000,-1.940000, 50.720000
-55.310000, 3.000000, 51.030000
-73.450000, 5.120000, 53.050000
-97.900000, 5.610000, 58.450000
-122.340000, 6.940000, 65.850000
-144.640000, 10.160000, 75.740000
-161.030000, 16.030000, 84.390000
-172.940000, 20.540000, 91.340000
-180.110000, 24.370000, 94.280000
-181.790000, 31.220000, 94.750000
-182.700000, 39.290000, 94.120000
-186.380000, 46.170000, 94.710000
-191.910000, 49.900000, 97.890000
-195.830000, 52.500000, 101.190000
-195.740000, 54.290000, 103.470000
-192.530000, 57.550000, 104.350000
-185.080000, 60.600000, 106.300000
-173.610000, 62.770000, 109.210000
-162.160000, 69.620000, 110.450000
-163.250000, 79.390000, 113.220000
-170.160000, 89.220000, 118.870000
-181.510000, 93.210000, 125.760000
-190.920000, 88.810000, 135.290000
-192.720000, 83.120000, 138.030000
-186.930000, 84.320000, 130.440000
-181.960000, 93.520000, 121.330000
-188.910000, 102.510000, 120.490000
-214.120000, 111.070000, 129.890000
-242.670000, 107.060000, 149.110000
-250.130000, 96.280000, 172.560000
-241.060000, 87.470000, 188.970000
-219.170000, 89.140000, 196.770000
-207.290000, 102.760000, 201.510000
-212.790000, 121.780000, 209.460000
-229.240000, 135.380000, 216.580000
-243.120000, 140.640000, 218.640000
-245.110000, 142.090000, 218.120000
-232.700000, 145.890000, 215.570000
-209.510000, 152.430000, 211.540000
-184.210000, 161.220000, 205.710000
-162.290000, 171.490000, 197.610000
-148.830000, 181.160000, 187.650000
-147.830000, 190.960000, 177.900000
-154.900000, 200.930000, 170.320000
-159.480000, 208.450000, 162.820000
-157.570000, 214.330000, 153.390000
-152.680000, 219.350000, 142.270000
-146.060000, 224.340000, 131.180000
-146.430000, 227.080000, 118.340000
-152.200000, 228.270000, 105.140000
-164.450000, 228.610000, 89.220000
-181.690000, 228.060000, 75.280000
-203.490000, 226.120000, 63.580000
-226.060000, 223.590000, 55.480000
-241.340000, 219.760000, 48.840000
-249.830000, 213.880000, 41.920000
-250.130000, 208.770000, 34.730000
-250.130000, 208.750000, 27.510000
-250.130000, 214.950000, 22.060000
-250.130000, 225.970000, 28.140000
-250.130000, 227.440000, 44.880000
-250.130000, 218.700000, 68.060000
-250.130000, 198.560000, 82.150000
-244.670000, 177.690000, 87.900000
-204.010000, 161.930000, 85.450000
-167.060000, 151.270000, 81.760000
-144.890000, 143.920000, 80.560000
-138.570000, 132.790000, 85.400000
-139.580000, 118.350000, 92.490000
-147.820000, 100.120000, 98.220000
-166.270000, 74.900000, 107.480000
-188.400000, 44.950000, 118.590000
-207.960000, 10.800000, 131.700000
-215.370000,-22.000000, 145.800000
-203.970000,-51.910000, 172.740000
-162.930000,-71.750000, 207.060000
-99.390000,-91.060000, 238.660000
-41.640000,-112.830000, 250.120000
-0.520000,-135.260000, 250.120000
 14.250000,-167.740000, 250.120000
 22.250000,-191.960000, 250.120000
 11.850000,-212.670000, 250.120000
-0.610000,-234.300000, 250.120000
 8.990000,-250.130000, 250.120000
 38.780000,-250.130000, 250.120000
 66.070000,-250.130000, 250.120000
 85.940000,-250.130000, 250.120000
 99.700000,-250.130000, 250.120000
 107.380000,-250.130000, 250.120000
 114.750000,-250.130000, 250.120000
 119.990000,-232.960000, 250.120000
 116.300000,-198.350000, 250.120000
 96.360000,-166.170000, 250.120000
 63.580000,-146.340000, 250.120000
 29.050000,-133.980000, 250.120000
 16.500000,-124.540000, 250.120000
 19.380000,-112.220000, 232.710000
 36.000000,-98.970000, 187.740000
 64.900000,-78.560000, 139.960000
 103.910000,-53.250000, 94.730000
 139.640000,-29.250000, 55.910000
 158.610000,-11.230000, 26.680000
 147.280000,-4.970000, 4.710000
 119.270000, 4.830000,-16.460000
 103.800000, 29.210000,-40.440000
 101.290000, 63.140000,-73.080000
 108.380000, 119.510000,-118.900000
 107.760000, 207.040000,-176.220000
 84.310000, 250.120000,-228.870000
 46.330000, 250.120000,-250.130000
 16.510000, 250.120000,-250.130000
-3.030000, 250.120000,-250.130000
-74.700000,-250.130000, 20.010000
 80.010000, 132.290000,-167.790000
 111.480000, 250.120000,-250.130000
-85.520000, 154.800000,-250.130000
-60.230000, 180.510000,-250.130000
-53.130000, 168.760000,-250.130000
-74.370000, 108.400000,-250.130000
-130.530000, 65.630000,-217.840000
-149.430000, 39.110000,-186.490000
-103.160000, 33.000000,-174.380000
-22.170000, 33.090000,-185.030000
 59.170000, 38.600000,-206.660000
 97.120000, 51.020000,-230.980000
 68.970000, 64.380000,-240.440000
-13.960000, 63.440000,-231.060000
-91.750000, 59.900000,-218.340000
-124.110000, 77.300000,-217.410000
-101.490000, 106.320000,-221.220000
-40.890000, 124.720000,-214.220000
 27.220000, 139.120000,-204.840000
 49.930000, 148.960000,-201.370000
 13.520000, 152.860000,-200.670000
-65.030000, 161.030000,-199.900000
-152.640000, 169.520000,-194.160000
-206.750000, 175.060000,-180.010000
-224.080000, 172.370000,-154.880000
-220.480000, 162.520000,-129.060000
-195.050000, 148.570000,-104.390000
-159.060000, 144.640000,-90.160000
-123.970000, 140.830000,-82.880000
-86.100000, 134.740000,-80.980000
-53.000000, 127.930000,-81.080000
-35.730000, 118.290000,-81.540000
-35.870000, 95.780000,-71.480000
-32.380000, 70.870000,-56.490000
-4.120000, 47.190000,-44.070000
 38.690000, 28.660000,-37.090000
 82.490000, 16.270000,-37.190000
 112.720000, 4.290000,-41.220000
 119.050000,-3.610000,-45.000000
 98.640000,-7.510000,-42.380000
 65.330000,-9.020000,-29.650000
 35.290000,-5.700000,-10.810000
 21.540000,-1.080000, 5.410000
 21.310000, 3.630000, 12.580000
 17.230000, 6.520000, 15.500000
 4.830000, 9.000000, 18.580000
-16.160000, 11.220000, 22.400000
-41.960000, 15.010000, 27.380000
-66.240000, 21.620000, 31.820000
-87.570000, 30.540000, 36.190000
-106.510000, 40.450000, 40.080000
-129.190000, 49.970000, 44.190000
-158.050000, 57.450000, 50.420000
-192.130000, 63.150000, 57.290000
-230.560000, 65.610000, 62.520000
-250.130000, 66.520000, 66.820000
-250.130000, 66.960000, 72.580000
-250.130000, 69.410000, 78.920000
-250.130000, 69.140000, 87.860000
-250.130000, 65.280000, 96.990000
-250.130000, 56.840000, 105.470000
-250.130000, 53.330000, 108.620000
-246.160000, 55.150000, 110.830000
-246.180000, 62.100000, 110.540000
-248.120000, 69.860000, 109.870000
-245.270000, 72.640000, 108.830000
-236.930000, 66.520000, 109.470000
-224.590000, 57.430000, 112.390000
-211.480000, 50.700000, 115.170000
-201.380000, 47.900000, 117.030000
-193.250000, 47.810000, 117.920000
-188.600000, 50.930000, 118.440000
-190.290000, 55.700000, 120.800000
-200.290000, 59.590000, 127.160000
-213.220000, 61.610000, 136.360000
-223.040000, 62.770000, 145.520000
-225.140000, 65.570000, 152.060000
-220.620000, 67.540000, 156.030000
-216.720000, 69.980000, 157.180000
-208.450000, 70.810000, 155.160000
-207.590000, 72.270000, 155.290000
-207.270000, 77.180000, 156.120000
-207.210000, 79.030000, 157.670000
-207.000000, 74.380000, 162.080000
-206.180000, 67.250000, 167.930000
-205.750000, 63.830000, 175.100000
-206.780000, 67.030000, 183.870000
-201.330000, 71.480000, 193.520000
-194.470000, 77.700000, 199.090000
-192.540000, 79.030000, 205.140000
-182.820000, 71.350000, 218.900000
-164.500000, 62.930000, 227.330000
-142.120000, 58.870000, 224.750000
-123.240000, 68.450000, 212.200000
-112.470000, 84.740000, 197.930000
-115.620000, 102.350000, 191.530000
-126.200000, 114.960000, 194.870000
-138.350000, 121.470000, 200.810000
-148.220000, 128.460000, 203.220000
-154.580000, 137.220000, 204.290000
-155.830000, 145.620000, 203.900000
-150.740000, 149.390000, 201.720000
-135.680000, 148.640000, 198.720000
-113.050000, 147.060000, 194.180000
-88.030000, 150.920000, 187.800000
-65.710000, 159.990000, 178.500000
-46.480000, 173.720000, 166.750000
-31.950000, 188.960000, 151.490000
-33.690000, 200.400000, 130.130000
-57.520000, 205.030000, 104.870000
-99.370000, 206.730000, 82.410000
-146.080000, 209.170000, 66.220000
-184.320000, 213.370000, 56.870000
-203.770000, 224.400000, 53.380000
-203.360000, 238.310000, 54.020000
-192.780000, 250.120000, 53.140000
-188.430000, 250.120000, 45.670000
-192.410000, 250.120000, 40.480000
-200.740000, 250.120000, 40.830000
-207.740000, 240.560000, 44.340000
-213.220000, 228.450000, 47.810000
-215.340000, 213.290000, 56.150000
-206.550000, 198.380000, 66.340000
-187.610000, 186.190000, 75.320000
-166.980000, 177.800000, 78.890000
-145.980000, 171.350000, 79.880000
-129.090000, 161.800000, 86.190000
-109.220000, 151.220000, 93.380000
-86.160000, 140.570000, 96.670000
-63.840000, 130.730000, 94.800000
-49.310000, 127.790000, 85.900000
-66.930000, 128.160000, 70.110000
-108.810000, 119.420000, 67.380000
-146.870000, 98.290000, 79.150000
-174.280000, 63.300000, 101.000000
-183.270000, 33.720000, 118.860000
-170.870000, 23.800000, 127.060000
-148.150000, 30.680000, 131.420000
-115.860000, 30.830000, 158.050000
-78.530000, 12.990000, 201.180000
-53.520000,-34.170000, 249.530000
-54.110000,-83.640000, 250.120000
-67.320000,-134.980000, 250.120000
-68.220000,-180.280000, 250.120000
-45.450000,-218.370000, 250.120000
-21.670000,-244.530000, 250.120000
-6.030000,-250.130000, 250.120000
 18.000000,-250.130000, 250.120000
 49.510000,-250.130000, 250.120000
 75.970000,-250.130000, 250.120000
 98.980000,-250.130000, 250.120000
 112.410000,-245.920000, 250.120000
 104.960000,-223.470000, 250.120000
 89.820000,-210.570000, 250.120000
 76.510000,-203.040000, 250.120000
 66.190000,-197.770000, 250.120000
 54.030000,-182.840000, 250.120000
 42.360000,-159.370000, 250.120000
 27.970000,-135.610000, 237.320000
 12.920000,-119.150000, 198.830000
 7.540000,-109.140000, 162.960000
 8.830000,-103.480000, 127.190000
 18.670000,-89.190000, 90.420000
 35.510000,-68.520000, 52.190000
 56.860000,-45.100000, 12.370000
 76.910000,-17.050000,-27.350000
 87.160000, 32.670000,-66.620000
 87.500000, 98.950000,-105.670000
 80.400000, 162.410000,-146.790000
 77.190000, 230.230000,-193.100000
 84.100000, 250.120000,-231.530000
 86.930000, 250.120000,-250.130000
 80.210000, 250.120000,-250.130000
 45.690000, 250.120000,-250.130000
-250.130000,-250.130000, 47.700000
 71.920000,-176.860000,-149.550000
 72.410000, 250.120000,-250.130000
-66.440000, 246.610000,-250.130000
-53.480000, 231.740000,-250.130000
-3.700000, 240.570000,-250.130000
-9.670000, 198.210000,-250.130000
-29.260000, 141.380000,-250.130000
-51.800000, 92.320000,-250.130000
-51.330000, 80.360000,-250.130000
-37.960000, 95.560000,-250.130000
-26.030000, 118.710000,-250.130000
-36.090000, 135.370000,-250.130000
-69.070000, 144.580000,-250.130000
-92.690000, 159.420000,-250.130000
-110.330000, 185.070000,-214.950000
-128.250000, 208.800000,-199.540000
-144.220000, 226.620000,-188.210000
-153.290000, 236.180000,-173.090000
-157.110000, 232.610000,-153.120000
-159.180000, 219.970000,-136.770000
-166.540000, 209.780000,-136.710000
-208.800000, 201.750000,-156.950000
-250.130000, 191.740000,-168.400000
-250.130000, 196.260000,-165.410000
-250.130000, 193.210000,-128.720000
-250.130000, 194.410000,-83.570000
-182.970000, 201.590000,-48.200000
-67.060000, 211.060000,-25.550000
 20.470000, 205.870000,-6.140000
 61.190000, 186.290000, 12.000000
 60.250000, 153.430000, 27.960000
 34.510000, 112.880000, 37.250000
-3.160000, 68.950000, 38.880000
-42.790000, 27.200000, 34.460000
-79.930000,-8.660000, 28.560000
-110.610000,-34.770000, 23.630000
-131.590000,-52.140000, 21.850000
-143.220000,-64.000000, 23.920000
-145.310000,-69.920000, 29.140000
-142.500000,-71.550000, 37.280000
-140.870000,-72.520000, 50.220000
-145.020000,-71.960000, 61.360000
-139.000000,-69.440000, 77.610000
-134.280000,-68.770000, 89.640000
-124.880000,-66.780000, 100.700000
-111.200000,-59.520000, 107.740000
-98.020000,-44.870000, 115.900000
-94.410000,-22.180000, 120.740000
-102.020000, 4.050000, 124.640000
-122.830000, 26.220000, 129.380000
-150.370000, 39.980000, 137.040000
-175.260000, 46.610000, 145.470000
-189.540000, 56.110000, 152.190000
-197.060000, 66.880000, 158.440000
-199.930000, 78.030000, 165.440000
-200.140000, 88.310000, 172.860000
-195.700000, 88.640000, 181.470000
-190.770000, 91.290000, 189.010000
-190.980000, 93.140000, 190.440000
-197.540000, 99.740000, 187.950000
-206.250000, 106.210000, 188.390000
-213.380000, 111.120000, 189.800000
-211.460000, 114.790000, 191.450000
-205.520000, 114.130000, 191.320000
-204.220000, 114.980000, 194.760000
-207.410000, 126.450000, 204.200000
-210.800000, 141.990000, 213.480000
-212.250000, 154.320000, 218.260000
-211.820000, 163.260000, 216.960000
-208.600000, 167.290000, 211.510000
-206.710000, 173.540000, 208.180000
-209.030000, 181.250000, 205.900000
-208.740000, 188.430000, 202.680000
-207.380000, 193.500000, 196.130000
-206.120000, 197.870000, 186.000000
-203.610000, 202.580000, 170.420000
-198.650000, 205.770000, 152.400000
-195.560000, 207.740000, 136.540000
-199.920000, 210.790000, 121.230000
-207.930000, 214.630000, 108.060000
-220.900000, 216.250000, 97.580000
-236.280000, 214.700000, 89.640000
-249.840000, 208.710000, 87.380000
-250.130000, 192.220000, 96.860000
-243.180000, 169.190000, 109.930000
-221.160000, 150.740000, 119.860000
-191.090000, 140.160000, 121.800000
-159.730000, 138.720000, 116.210000
-140.910000, 140.610000, 106.940000
-137.890000, 140.970000, 97.140000
-150.750000, 132.910000, 95.780000
-168.320000, 115.820000, 102.540000
-178.000000, 96.900000, 113.000000
-173.270000, 85.370000, 120.640000
-154.140000, 86.220000, 122.460000
-128.110000, 93.560000, 120.350000
-107.160000, 106.030000, 116.830000
-100.750000, 114.150000, 116.580000
-110.820000, 111.800000, 120.650000
-128.930000, 105.620000, 125.930000
-146.600000, 100.020000, 130.720000
-158.250000, 96.980000, 135.080000
-159.170000, 96.020000, 138.510000
-156.590000, 94.900000, 134.770000
-154.490000, 95.880000, 123.220000
-159.500000, 98.480000, 113.020000
-177.700000, 102.960000, 111.060000
-200.910000, 110.950000, 120.740000
-208.760000, 122.780000, 137.640000
-194.900000, 131.260000, 157.170000
-168.470000, 129.710000, 172.540000
-141.170000, 124.970000, 179.270000
-121.840000, 121.220000, 178.490000
-112.000000, 116.720000, 176.520000
-104.630000, 110.910000, 174.270000
-91.390000, 102.540000, 171.000000
-77.580000, 90.050000, 171.740000
-69.250000, 81.730000, 170.130000
-71.380000, 77.870000, 163.870000
-79.380000, 75.660000, 157.730000
-85.480000, 70.900000, 151.290000
-83.720000, 59.660000, 148.750000
-78.170000, 46.480000, 145.840000
-71.210000, 32.920000, 147.670000
-73.480000, 31.870000, 144.050000
-88.260000, 32.860000, 138.240000
-102.950000, 30.800000, 147.410000
-97.240000,-10.510000, 201.720000
-86.330000,-67.030000, 250.120000
-80.750000,-118.540000, 250.120000
-78.000000,-175.690000, 250.120000
-60.470000,-238.950000, 250.120000
-26.130000,-250.130000, 250.120000
 22.860000,-250.130000, 250.120000
 71.010000,-250.130000, 250.120000
 107.020000,-250.130000, 250.120000
 122.970000,-250.130000, 250.120000
 115.070000,-250.130000, 250.120000
 91.470000,-250.130000, 250.120000
 69.820000,-235.240000, 250.120000
 47.610000,-204.700000, 250.120000
 26.240000,-183.540000, 250.120000
-0.480000,-171.160000, 250.120000
-28.280000,-168.220000, 250.120000
-46.920000,-165.900000, 243.740000
-44.140000,-157.320000, 215.500000
-24.260000,-139.520000, 180.500000
 4.020000,-117.790000, 140.900000
 29.540000,-100.560000, 101.060000
 46.030000,-86.670000, 64.050000
 48.010000,-79.660000, 31.880000
 49.560000,-66.360000, 1.100000
 59.240000,-43.690000,-26.900000
 74.610000,-14.310000,-54.640000
 86.690000, 18.290000,-80.960000
 92.380000, 46.680000,-104.670000
 90.510000, 66.890000,-125.250000
 88.550000, 104.930000,-146.910000
 83.440000, 169.700000,-167.430000
 66.650000, 250.120000,-195.730000
 33.960000, 250.120000,-216.530000
-1.870000, 250.120000,-239.150000
 35.220000, 250.120000,-250.130000
 250.120000,-250.130000, 21.030000
 214.290000, 250.120000,-250.130000
 20.870000, 250.120000,-250.130000
-21.030000, 219.060000,-250.130000
 23.820000, 170.190000,-250.130000
 0.020000, 114.810000,-250.130000
-14.600000, 83.350000,-230.960000
-29.760000, 80.950000,-201.300000
-49.960000, 59.900000,-195.990000
-59.600000, 24.570000,-200.820000
-49.260000, 9.340000,-218.540000
-36.320000, 18.380000,-235.840000
-34.520000, 36.660000,-237.730000
-42.370000, 51.000000,-225.460000
-49.250000, 63.870000,-219.370000
-32.400000, 78.780000,-210.270000
 5.650000, 101.950000,-203.630000
 40.560000, 135.620000,-198.660000
 36.590000, 172.490000,-192.120000
-14.880000, 206.740000,-194.250000
-95.970000, 235.630000,-196.950000
-168.190000, 250.120000,-182.320000
-207.050000, 250.120000,-156.220000
-207.660000, 250.120000,-126.990000
-184.610000, 250.120000,-98.560000
-151.640000, 250.120000,-71.340000
-114.810000, 250.120000,-58.770000
-102.290000, 250.120000,-68.870000
-114.890000, 250.120000,-82.940000
-125.390000, 250.120000,-94.990000
-114.120000, 232.050000,-101.120000
-85.700000, 202.350000,-100.690000
-53.450000, 176.060000,-104.500000
-30.670000, 160.050000,-112.600000
-36.580000, 149.060000,-122.880000
-67.800000, 144.450000,-133.060000
-87.240000, 142.540000,-133.460000
-94.030000, 129.440000,-123.870000
-80.840000, 89.370000,-94.610000
-30.790000, 58.190000,-63.260000
 20.310000, 31.230000,-47.420000
 57.100000, 19.540000,-36.650000
 72.640000, 11.630000,-27.250000
 57.270000, 4.900000,-18.090000
 25.370000,-2.940000,-6.140000
-20.990000,-15.180000, 11.620000
-67.370000,-26.050000, 27.760000
-106.870000,-34.580000, 40.190000
-130.020000,-38.830000, 47.450000
-136.090000,-40.170000, 49.940000
-131.900000,-40.220000, 51.710000
-119.510000,-39.110000, 53.210000
-104.740000,-35.790000, 54.040000
-90.900000,-30.300000, 54.870000
-78.220000,-21.350000, 54.960000
-70.320000,-9.200000, 58.090000
-70.950000, 6.910000, 66.210000
-82.670000, 21.600000, 78.940000
-98.150000, 33.360000, 89.640000
-110.790000, 42.670000, 96.080000
-127.790000, 52.670000, 98.950000
-158.320000, 60.420000, 102.950000
-202.690000, 67.860000, 106.900000
-248.800000, 72.030000, 110.780000
-250.130000, 73.000000, 114.160000
-250.130000, 69.910000, 119.900000
-250.130000, 65.430000, 131.000000
-250.130000, 63.250000, 144.670000
-222.390000, 64.360000, 156.300000
-178.070000, 69.190000, 159.720000
-153.620000, 73.300000, 158.050000
-164.900000, 72.520000, 156.490000
-201.500000, 72.770000, 158.290000
-244.900000, 72.620000, 164.000000
-250.130000, 80.050000, 169.010000
-250.130000, 89.830000, 173.350000
-250.130000, 104.450000, 176.690000
-250.130000, 116.750000, 183.500000
-250.130000, 128.350000, 189.340000
-250.130000, 140.980000, 192.960000
-247.140000, 150.410000, 198.320000
-240.160000, 156.640000, 204.640000
-229.460000, 160.410000, 209.560000
-219.690000, 165.700000, 208.370000
-215.450000, 176.070000, 205.970000
-216.750000, 187.480000, 205.330000
-221.210000, 193.020000, 205.740000
-224.740000, 188.220000, 208.850000
-220.910000, 180.190000, 212.520000
-206.770000, 175.900000, 212.360000
-186.370000, 178.350000, 206.490000
-171.090000, 181.350000, 195.450000
-163.930000, 184.060000, 179.800000
-171.930000, 183.430000, 162.900000
-190.670000, 176.480000, 150.650000
-207.490000, 163.980000, 145.050000
-211.640000, 150.060000, 142.310000
-201.770000, 142.620000, 139.350000
-187.230000, 143.540000, 136.430000
-172.390000, 150.530000, 135.960000
-157.270000, 159.840000, 138.120000
-145.200000, 168.130000, 139.350000
-140.120000, 169.400000, 138.000000
-138.900000, 165.240000, 132.920000
-135.830000, 160.600000, 129.290000
-127.120000, 156.150000, 130.740000
-112.140000, 152.410000, 132.540000
-94.430000, 148.800000, 131.640000
-79.490000, 145.790000, 127.540000
-70.640000, 144.670000, 120.410000
-70.020000, 144.880000, 114.380000
-75.620000, 145.820000, 111.540000
-83.640000, 147.980000, 110.580000
-91.320000, 150.340000, 109.670000
-95.470000, 149.030000, 109.860000
-97.440000, 145.000000, 108.640000
-95.510000, 140.900000, 104.540000
-89.000000, 139.360000, 99.660000
-82.870000, 135.290000, 99.340000
-75.580000, 129.410000, 100.830000
-66.290000, 125.450000, 100.380000
-54.370000, 120.550000, 98.930000
-49.640000, 113.290000, 97.500000
-56.050000, 109.650000, 91.930000
-81.870000, 113.830000, 85.120000
-135.640000, 127.430000, 82.860000
-203.020000, 140.870000, 94.590000
-250.130000, 141.110000, 124.850000
-250.130000, 131.510000, 170.670000
-250.130000, 122.290000, 213.850000
-249.430000, 108.640000, 248.740000
-220.600000, 91.130000, 250.120000
-190.250000, 47.670000, 250.120000
-179.460000,-21.720000, 250.120000
-181.200000,-99.120000, 250.120000
-165.680000,-165.250000, 250.120000
-129.120000,-219.520000, 250.120000
-78.880000,-250.130000, 250.120000
-30.420000,-250.130000, 250.120000
 16.420000,-250.130000, 250.120000
 57.540000,-250.130000, 250.120000
 99.670000,-250.130000, 250.120000
 143.850000,-250.130000, 250.120000
 179.880000,-250.130000, 250.120000
 195.720000,-244.370000, 250.120000
 197.160000,-218.490000, 250.120000
 164.930000,-198.950000, 250.120000
 108.820000,-191.450000, 250.120000
 50.410000,-185.360000, 250.120000
 5.170000,-176.850000, 250.120000
-11.870000,-152.740000, 223.400000
-0.600000,-120.670000, 182.460000
 29.340000,-95.530000, 140.070000
 59.900000,-81.630000, 102.240000
 83.960000,-75.930000, 69.410000
 97.180000,-70.830000, 42.160000
 96.330000,-62.960000, 16.320000
 92.380000,-42.010000,-12.030000
 96.680000,-9.740000,-38.510000
 108.460000, 22.930000,-59.110000
 118.220000, 48.720000,-76.290000
 118.640000, 68.650000,-92.510000
 105.620000, 86.340000,-109.720000
 93.410000, 124.280000,-132.470000
 89.050000, 194.060000,-161.800000
 86.590000, 250.120000,-192.480000
 66.190000, 250.120000,-224.050000
 28.090000, 250.120000,-250.130000
-30.960000, 250.120000,-250.130000
-250.130000,-250.130000, 5.780000
 250.120000,-213.320000,-32.700000
 119.810000, 250.120000,-250.130000
-11.630000, 247.060000,-250.130000
-44.160000, 139.910000,-250.130000
-24.750000, 103.960000,-250.130000
-2.470000, 76.480000,-250.130000
 0.370000, 53.130000,-250.130000
-21.160000, 17.540000,-232.370000
-18.030000, 4.220000,-247.580000
 4.040000, 19.570000,-250.130000
 9.210000, 45.130000,-250.130000
-23.490000, 65.320000,-250.130000
-83.300000, 83.160000,-250.130000
-143.360000, 108.410000,-250.130000
-173.940000, 152.030000,-250.130000
-170.090000, 197.970000,-250.130000
-148.030000, 232.480000,-250.130000
-115.470000, 250.120000,-208.860000
-91.450000, 250.120000,-165.350000
-103.480000, 250.120000,-142.210000
-138.810000, 250.120000,-133.550000
-193.380000, 250.120000,-128.980000
-250.130000, 250.120000,-115.450000
-250.130000, 250.120000,-93.090000
-250.130000, 250.120000,-64.290000
-250.130000, 250.120000,-44.240000
-250.130000, 232.560000,-34.310000
-250.130000, 217.110000,-35.020000
-154.620000, 198.220000,-33.270000
-62.160000, 175.580000,-19.960000
-4.180000, 145.120000, 4.840000
 22.540000, 113.970000, 29.820000
 25.510000, 82.320000, 44.080000
 18.100000, 52.690000, 48.740000
 4.830000, 26.700000, 49.090000
-10.740000, 6.990000, 47.380000
-24.860000,-7.020000, 45.690000
-37.740000,-13.770000, 42.910000
-53.710000,-16.810000, 39.210000
-74.320000,-17.120000, 38.030000
-92.480000,-15.640000, 39.830000
-105.180000,-14.060000, 45.570000
-108.350000,-12.570000, 53.510000
-106.640000,-10.370000, 61.900000
-103.420000,-8.960000, 69.260000
-102.840000,-6.290000, 73.890000
-105.620000,-4.750000, 78.930000
-111.830000,-1.220000, 84.710000
-119.080000, 3.820000, 90.690000
-126.490000, 11.070000, 95.410000
-131.190000, 18.460000, 98.210000
-134.870000, 24.580000, 98.540000
-137.830000, 31.250000, 97.020000
-146.590000, 37.760000, 94.620000
-158.220000, 42.250000, 93.310000
-166.250000, 45.380000, 93.190000
-165.750000, 47.090000, 93.480000
-159.890000, 49.210000, 91.390000
-157.120000, 49.340000, 87.800000
-158.190000, 50.990000, 85.330000
-163.380000, 54.850000, 83.500000
-167.300000, 58.830000, 83.430000
-164.270000, 60.850000, 84.200000
-152.640000, 61.770000, 85.250000
-139.870000, 63.260000, 86.090000
-137.580000, 65.820000, 88.710000
-144.670000, 70.640000, 93.670000
-155.260000, 75.650000, 100.150000
-163.390000, 75.670000, 107.830000
-165.830000, 70.700000, 117.160000
-161.980000, 66.450000, 123.060000
-158.060000, 66.930000, 127.900000
-157.090000, 70.680000, 136.520000
-163.840000, 72.190000, 150.730000
-173.320000, 69.290000, 165.460000
-173.220000, 61.590000, 176.000000
-158.470000, 53.960000, 180.990000
-135.610000, 50.640000, 179.440000
-120.560000, 51.300000, 174.740000
-125.870000, 56.310000, 170.560000
-149.680000, 70.290000, 167.250000
-181.930000, 87.120000, 165.350000
-205.030000, 97.160000, 167.310000
-207.520000, 98.510000, 171.680000
-187.640000, 93.000000, 174.320000
-149.190000, 87.480000, 174.390000
-103.680000, 84.640000, 169.740000
-69.460000, 89.020000, 162.670000
-51.030000, 96.700000, 154.870000
-45.940000, 108.340000, 146.830000
-53.170000, 119.530000, 138.770000
-68.160000, 130.170000, 131.640000
-86.080000, 141.300000, 126.480000
-100.550000, 156.230000, 121.930000
-115.930000, 176.150000, 114.930000
-137.020000, 197.010000, 105.810000
-159.000000, 212.190000, 99.680000
-176.340000, 217.360000, 98.920000
-188.920000, 213.730000, 101.030000
-196.500000, 207.920000, 103.100000
-198.510000, 201.890000, 107.260000
-191.070000, 195.740000, 112.800000
-173.850000, 193.220000, 114.170000
-156.520000, 196.390000, 109.130000
-154.160000, 199.930000, 98.770000
-172.990000, 202.360000, 85.990000
-208.850000, 200.510000, 77.620000
-246.810000, 190.190000, 78.910000
-250.130000, 173.900000, 90.330000
-250.130000, 155.060000, 105.590000
-245.400000, 137.250000, 117.990000
-203.900000, 122.030000, 126.540000
-156.170000, 111.930000, 128.410000
-116.270000, 106.210000, 124.980000
-94.830000, 103.610000, 119.190000
-93.140000, 102.360000, 114.040000
-107.040000, 98.020000, 111.960000
-126.990000, 90.580000, 112.250000
-140.870000, 83.130000, 113.580000
-141.150000, 75.650000, 112.180000
-131.190000, 71.540000, 107.150000
-115.900000, 70.610000, 99.800000
-99.120000, 73.110000, 91.490000
-83.310000, 77.730000, 85.060000
-67.360000, 82.150000, 80.620000
-50.380000, 84.610000, 78.350000
-30.950000, 85.330000, 77.360000
-9.700000, 89.290000, 75.190000
 10.380000, 92.400000, 68.500000
 22.490000, 96.860000, 56.640000
 11.520000, 97.910000, 39.170000
-32.900000, 101.580000, 17.740000
-113.030000, 113.320000,-1.920000
-213.250000, 133.240000,-1.660000
-250.130000, 145.760000, 39.050000
-250.130000, 145.830000, 123.670000
-250.130000, 134.610000, 220.380000
-250.130000, 95.330000, 250.120000
-250.130000, 30.000000, 250.120000
-249.980000,-52.890000, 250.120000
-234.830000,-135.430000, 250.120000
-218.900000,-215.820000, 250.120000
-170.910000,-250.130000, 250.120000
-114.930000,-250.130000, 250.120000
-54.320000,-250.130000, 250.120000
 8.320000,-250.130000, 250.120000
 65.160000,-250.130000, 250.120000
 136.580000,-250.130000, 250.120000
 201.740000,-250.130000, 250.120000
 213.330000,-250.130000, 250.120000
 161.390000,-250.130000, 250.120000
 76.090000,-250.130000, 250.120000
-0.060000,-250.130000, 250.120000
-55.540000,-250.130000, 250.120000
-77.320000,-249.800000, 250.120000
-66.810000,-237.640000, 219.970000
-29.000000,-229.670000, 169.460000
 29.220000,-218.860000, 113.850000
 87.400000,-197.920000, 60.760000
 131.190000,-167.750000, 15.000000
 146.220000,-133.170000,-16.540000
 135.880000,-93.580000,-42.380000
 114.640000,-37.590000,-70.000000
 87.500000, 41.990000,-108.950000
 62.890000, 124.990000,-156.090000
 58.810000, 200.270000,-201.020000
 78.460000, 250.120000,-239.500000
 89.760000, 250.120000,-250.130000
 79.930000, 250.120000,-250.130000
 28.990000, 250.120000,-250.130000
-250.130000, 118.020000,-250.130000
 250.120000,-127.380000,-108.920000
 143.320000, 207.580000,-250.130000
-106.060000, 188.580000,-250.130000
-141.770000, 99.630000,-250.130000
-107.880000, 90.280000,-250.130000
-128.030000, 87.580000,-250.130000
-193.830000, 58.330000,-250.130000
-199.830000, 57.590000,-250.130000
-169.890000, 86.170000,-250.130000
-135.690000, 108.430000,-250.130000
-97.140000, 111.620000,-250.130000
-72.530000, 110.610000,-250.130000
-37.870000, 120.970000,-234.580000
-13.980000, 150.090000,-213.570000
-15.900000, 186.640000,-201.530000
-37.980000, 213.770000,-193.020000
-67.000000, 233.870000,-189.410000
-93.190000, 241.000000,-179.080000
-115.120000, 247.740000,-164.150000
-126.960000, 250.120000,-147.270000
-140.660000, 250.120000,-139.120000
-161.440000, 250.120000,-129.770000
-187.520000, 250.120000,-119.240000
-228.800000, 250.120000,-99.420000
-250.130000, 239.150000,-71.060000
-250.130000, 203.700000,-42.110000
-250.130000, 170.500000,-21.330000
-250.130000, 147.320000,-13.110000
-192.160000, 137.030000,-13.340000
-130.020000, 135.410000,-11.960000
-78.040000, 133.150000,-4.010000
-54.680000, 120.890000, 13.190000
-41.480000, 101.820000, 26.820000
-37.410000, 80.170000, 31.210000
-44.110000, 60.300000, 28.480000
-60.650000, 41.880000, 26.980000
-81.620000, 25.790000, 30.530000
-97.190000, 8.660000, 42.320000
-97.700000,-5.670000, 54.680000
-87.000000,-17.610000, 62.130000
-73.120000,-25.300000, 67.400000
-65.090000,-26.740000, 71.870000
-67.650000,-23.980000, 77.380000
-79.750000,-19.380000, 82.820000
-94.160000,-18.190000, 89.790000
-109.900000,-17.870000, 94.460000
-127.790000,-16.930000, 97.400000
-147.520000,-11.690000, 100.380000
-164.680000,-5.760000, 104.030000
-172.250000,-0.170000, 109.340000
-168.800000, 1.030000, 115.750000
-155.370000, 0.030000, 124.920000
-137.990000,-0.230000, 133.640000
-120.480000, 5.040000, 137.710000
-108.310000, 16.160000, 138.030000
-102.930000, 31.640000, 137.510000
-104.870000, 46.690000, 138.540000
-110.730000, 58.720000, 138.730000
-120.140000, 66.800000, 138.050000
-135.810000, 71.960000, 137.790000
-156.640000, 80.430000, 138.250000
-182.670000, 89.220000, 137.870000
-206.440000, 94.980000, 136.700000
-216.910000, 98.050000, 140.580000
-207.210000, 92.950000, 152.830000
-177.620000, 85.250000, 164.970000
-141.410000, 82.960000, 171.640000
-115.520000, 87.660000, 171.320000
-111.440000, 88.720000, 169.670000
-121.630000, 88.030000, 168.600000
-131.670000, 81.800000, 169.510000
-131.140000, 74.670000, 170.060000
-114.580000, 68.890000, 168.440000
-86.420000, 65.720000, 165.990000
-55.190000, 66.670000, 161.320000
-30.900000, 75.300000, 155.200000
-21.120000, 86.810000, 149.670000
-22.580000, 103.360000, 145.800000
-28.870000, 119.810000, 142.110000
-33.060000, 131.410000, 135.360000
-32.000000, 141.520000, 126.320000
-33.720000, 150.580000, 117.010000
-43.870000, 162.060000, 107.700000
-65.580000, 179.310000, 95.730000
-102.560000, 202.640000, 85.340000
-147.520000, 230.940000, 76.410000
-192.410000, 250.120000, 71.210000
-227.870000, 250.120000, 74.440000
-250.130000, 250.120000, 79.980000
-250.130000, 241.000000, 83.380000
-250.130000, 230.990000, 83.190000
-246.270000, 227.660000, 80.440000
-237.610000, 231.660000, 77.590000
-247.800000, 231.850000, 87.180000
-250.130000, 226.930000, 107.340000
-250.130000, 212.610000, 130.540000
-250.130000, 192.840000, 146.200000
-250.130000, 170.550000, 153.460000
-236.600000, 151.370000, 154.430000
-193.830000, 139.280000, 152.670000
-157.740000, 133.630000, 149.310000
-140.450000, 131.390000, 146.310000
-138.760000, 130.390000, 143.410000
-143.800000, 129.290000, 142.120000
-148.450000, 128.220000, 138.820000
-146.890000, 126.780000, 132.470000
-137.840000, 127.640000, 122.920000
-125.030000, 131.700000, 113.320000
-111.920000, 136.720000, 102.920000
-105.720000, 134.580000, 94.350000
-112.030000, 127.730000, 95.160000
-126.480000, 120.320000, 105.250000
-136.700000, 118.840000, 114.210000
-134.180000, 120.730000, 118.110000
-118.410000, 122.700000, 114.580000
-94.900000, 119.350000, 110.900000
-70.920000, 106.380000, 108.250000
-52.910000, 90.450000, 105.150000
-43.510000, 77.830000, 100.750000
-38.220000, 74.060000, 92.820000
-47.560000, 73.720000, 86.380000
-62.760000, 71.210000, 86.320000
-82.370000, 61.060000, 85.440000
-105.120000, 54.840000, 89.860000
-114.310000, 62.270000, 97.480000
-104.030000, 80.580000, 111.110000
-83.600000, 100.420000, 125.240000
-70.770000, 114.470000, 134.550000
-78.720000, 122.060000, 139.990000
-110.460000, 124.300000, 144.000000
-153.330000, 121.000000, 148.660000
-207.480000, 116.180000, 161.720000
-250.130000, 115.480000, 179.980000
-250.130000, 110.070000, 209.720000
-250.130000, 78.880000, 247.480000
-222.080000,-1.470000, 250.120000
-162.670000,-112.670000, 250.120000
-102.900000,-227.080000, 250.120000
-46.420000,-250.130000, 250.120000
 4.530000,-250.130000, 250.120000
 52.040000,-250.130000, 250.120000
 113.060000,-250.130000, 250.120000
 175.100000,-250.130000, 250.120000
 229.450000,-250.130000, 250.120000
 240.870000,-250.130000, 250.120000
 194.720000,-250.130000, 250.120000
 105.960000,-250.130000, 250.120000
 14.250000,-238.610000, 250.120000
-56.760000,-200.660000, 250.120000
-93.770000,-171.320000, 250.120000
-92.400000,-151.990000, 250.120000
-52.750000,-141.290000, 219.020000
 23.390000,-118.770000, 160.210000
 104.730000,-75.300000, 98.660000
 155.650000,-25.060000, 44.650000
 164.000000, 18.200000, 1.360000
 147.460000, 56.080000,-36.210000
 125.010000, 93.580000,-72.400000
 118.550000, 139.330000,-108.090000
 123.260000, 191.330000,-145.130000
 122.120000, 245.340000,-186.920000
 95.390000, 250.120000,-231.250000
 40.740000, 250.120000,-250.130000
-23.440000, 250.120000,-250.130000
-250.130000,-250.130000,-90.160000
 159.690000,-204.160000,-41.160000
 105.950000, 250.120000,-250.130000
-100.600000, 219.770000,-250.130000
-30.690000, 167.520000,-250.130000
 102.510000, 98.650000,-250.130000
 216.780000, 47.940000,-245.170000
 193.670000,-7.900000,-228.900000
 92.310000,-42.860000,-225.570000
-32.410000,-45.490000,-229.430000
-138.580000,-23.950000,-238.440000
-185.100000, 12.250000,-248.450000
-182.290000, 63.950000,-250.130000
-156.250000, 117.980000,-250.130000
-126.900000, 166.950000,-250.130000
-116.170000, 206.140000,-250.130000
-132.580000, 239.000000,-250.130000
-170.540000, 250.120000,-250.130000
-203.990000, 250.120000,-249.800000
-218.840000, 250.120000,-224.290000
-210.900000, 250.120000,-188.120000
-178.470000, 250.120000,-154.690000
-162.360000, 250.120000,-138.870000
-175.420000, 250.120000,-131.440000
-222.270000, 250.120000,-124.730000
-250.130000, 250.120000,-101.640000
-250.130000, 221.120000,-70.370000
-250.130000, 184.410000,-44.110000
-240.540000, 157.580000,-32.580000
-170.200000, 148.700000,-26.860000
-101.480000, 161.110000,-31.290000
-42.790000, 176.890000,-34.250000
-5.270000, 176.350000,-28.800000
 19.640000, 152.000000,-12.700000
 35.740000, 115.960000, 6.670000
 39.000000, 77.750000, 22.110000
 43.090000, 49.750000, 31.130000
 47.120000, 31.290000, 34.350000
 47.730000, 21.900000, 35.490000
 43.660000, 16.840000, 35.960000
 30.060000, 14.570000, 36.870000
 9.400000, 10.130000, 38.710000
-13.410000, 4.180000, 43.100000
-40.460000,-4.280000, 49.350000
-67.070000,-13.950000, 55.000000
-89.280000,-20.020000, 59.640000
-111.030000,-20.250000, 63.600000
-132.010000,-14.690000, 68.900000
-148.270000,-3.320000, 78.700000
-155.510000, 9.350000, 88.610000
-150.350000, 17.740000, 96.480000
-137.520000, 20.500000, 100.250000
-126.160000, 18.060000, 101.280000
-121.870000, 14.910000, 101.420000
-122.720000, 17.510000, 101.060000
-128.830000, 25.670000, 100.240000
-137.670000, 36.330000, 99.530000
-147.350000, 47.600000, 95.800000
-160.160000, 56.040000, 92.400000
-177.450000, 60.230000, 93.160000
-189.230000, 62.940000, 93.310000
-204.700000, 70.330000, 93.640000
-214.830000, 78.060000, 93.860000
-230.780000, 83.120000, 97.290000
-240.270000, 81.640000, 105.640000
-243.000000, 74.220000, 118.740000
-233.940000, 67.250000, 135.060000
-214.830000, 65.750000, 146.580000
-193.640000, 68.420000, 151.090000
-179.550000, 72.050000, 149.030000
-176.620000, 71.250000, 142.650000
-183.470000, 66.060000, 136.900000
-193.210000, 61.290000, 134.580000
-199.640000, 57.320000, 135.490000
-195.530000, 54.250000, 140.790000
-180.500000, 52.600000, 144.700000
-161.250000, 52.910000, 144.800000
-146.160000, 57.400000, 143.830000
-140.600000, 62.880000, 144.410000
-142.450000, 70.200000, 146.460000
-147.370000, 79.260000, 150.000000
-152.150000, 85.590000, 154.560000
-156.210000, 88.580000, 157.900000
-155.690000, 88.560000, 160.690000
-148.910000, 89.610000, 161.580000
-141.900000, 94.870000, 160.650000
-139.290000, 101.770000, 156.180000
-145.750000, 110.420000, 149.690000
-160.960000, 122.640000, 141.160000
-184.550000, 136.200000, 131.220000
-215.250000, 149.660000, 119.050000
-245.170000, 157.110000, 111.460000
-250.130000, 154.350000, 116.930000
-250.130000, 141.120000, 131.530000
-241.090000, 126.910000, 143.610000
-204.520000, 117.530000, 148.370000
-163.540000, 116.070000, 147.340000
-131.540000, 117.770000, 146.140000
-114.560000, 118.290000, 147.020000
-109.500000, 115.260000, 148.670000
-112.070000, 110.310000, 150.760000
-121.980000, 104.420000, 151.630000
-136.350000, 99.230000, 151.410000
-150.790000, 97.840000, 150.420000
-164.590000, 98.450000, 152.430000
-176.000000, 97.320000, 155.890000
-182.180000, 92.480000, 161.720000
-182.440000, 83.930000, 168.170000
-177.250000, 82.150000, 172.640000
-168.890000, 89.000000, 174.350000
-162.020000, 96.610000, 173.150000
-157.020000, 104.540000, 169.960000
-151.120000, 109.510000, 164.210000
-142.290000, 111.610000, 157.240000
-129.610000, 112.940000, 152.170000
-113.540000, 113.720000, 152.740000
-95.290000, 117.340000, 152.510000
-78.500000, 121.640000, 147.480000
-70.480000, 127.230000, 138.120000
-71.450000, 134.840000, 127.430000
-78.740000, 146.570000, 119.160000
-88.290000, 162.870000, 112.240000
-100.310000, 181.540000, 106.090000
-128.080000, 197.510000, 98.090000
-171.150000, 207.300000, 94.610000
-215.640000, 209.940000, 100.040000
-250.130000, 203.700000, 116.820000
-250.130000, 198.640000, 147.250000
-250.130000, 182.560000, 198.720000
-250.130000, 143.030000, 250.120000
-250.130000, 80.180000, 250.120000
-250.130000,-5.700000, 250.120000
-200.250000,-106.340000, 250.120000
-148.580000,-205.080000, 250.120000
-95.980000,-250.130000, 250.120000
-29.260000,-250.130000, 250.120000
 34.310000,-250.130000, 250.120000
 90.650000,-250.130000, 250.120000
 151.470000,-250.130000, 250.120000
 205.730000,-250.130000, 250.120000
 238.980000,-250.130000, 250.120000
 236.470000,-250.130000, 250.120000
 209.720000,-250.130000, 250.120000
 174.160000,-243.160000, 250.120000
 145.990000,-210.940000, 250.120000
 124.120000,-187.240000, 250.120000
 92.580000,-174.320000, 250.120000
 57.580000,-172.000000, 250.120000
 30.830000,-164.750000, 250.120000
 19.970000,-150.120000, 207.610000
 34.470000,-123.330000, 143.460000
 67.810000,-75.800000, 69.560000
 106.540000,-19.070000, 0.570000
 125.880000, 38.130000,-59.640000
 115.800000, 97.250000,-112.250000
 105.050000, 154.990000,-158.190000
