0.001942
0.014687
0.014915
0.014606
0.014850
0.015098
0.014872
0.014742
0.014641
0.015024
0.014879
0.014770
0.015155
0.015270
0.014015
0.014769
0.017203
0.012559
0.014864
0.014926
0.014706
0.014969
0.014724
0.015059
0.014406
0.015010
0.014877
0.014930
0.014780
0.014834
0.017765
0.011849
0.014832
0.014735
0.015524
0.014305
0.014898
0.016143
0.014778
0.013609
0.014805
0.015008
0.014754
0.014824
0.014811
0.014928
0.014942
0.014982
0.014575
0.014769
0.014802
0.014848
0.014845
0.014855
0.014935
0.014761
0.014663
0.014845
0.015172
0.015019
0.014529
0.014789
0.024561
0.005173
0.014768
0.014840
0.014875
0.014883
0.015051
0.014545
0.014783
0.014907
0.014911
0.014941
0.014732
0.014839
0.014944
0.014643
0.014731
0.014941
0.014911
0.014753
0.014961
0.015909
0.013790
0.014868
0.016029
0.013528
0.014926
0.014730
0.016162
0.013535
0.014694
0.015098
0.014677
0.015749
0.015017
0.013820
0.014688
0.019044
0.010915
0.014638
0.016375
0.066632
0.008092
0.000237
0.000115
0.002338
0.009989
0.014909
0.014871
0.014742
0.015027
0.014596
0.016394
0.013325
0.014981
0.014972
0.014711
0.014838
0.014876
0.014842
0.023107
0.012277
0.016050
0.008389
0.014220
0.015600
0.014142
0.016024
0.021201
0.007249
0.014864
0.014845
0.014771
0.014666
0.015055
0.015561
0.014080
0.015795
0.015129
0.016139
0.012312
0.014929
0.017989
0.011499
0.014922
0.017150
0.012499
0.014845
0.015005
0.014598
0.014816
0.015853
0.013876
0.014813
0.014864
0.014804
0.014770
0.015061
0.014635
0.014743
0.014814
0.014904
0.014898
0.014787
0.015130
0.014500
0.015005
0.014586
0.014861
0.014770
0.014886
0.014878
0.014865
0.016815
0.013274
0.014340
0.014692
0.015205
0.014602
0.014815
0.015262
0.014959
0.014347
0.014924
0.022486
0.008517
0.013245
0.015031
0.014680
0.015511
0.014241
0.014986
0.014776
0.014918
0.014648
0.014739
0.014993
0.017857
0.011844
0.014709
0.017651
0.012138
0.014762
0.014834
0.017769
0.011941
0.014963
0.014803
0.014862
0.014840
0.014863
0.014731
0.014806
0.014695
0.015284
0.014392
0.015072
0.014829
0.014953
0.014675
0.014846
0.015749
0.013842
0.014929
0.014821
0.015344
0.014735
0.014524
0.014707
0.014675
0.014932
0.014952
0.014837
0.015582
0.014200
0.014735
0.014671
0.015129
0.014570
0.014953
0.014831
0.014930
0.016918
0.012689
0.014881
0.014842
0.014953
0.014657
0.014902
0.015324
0.014560
0.014691
0.014837
0.016804
0.013001
0.014628
0.014807
0.015753
0.014019
0.015596
0.015049
0.013840
0.015132
0.014585
0.014909
0.014798
0.014846
0.014822
0.014888
0.015440
0.014155
0.014855
0.014879
0.016296
0.013484
0.014700
0.014774
0.014836
0.014984
0.014728
0.014923
0.015587
0.014184
0.014659
0.015156
0.014769
0.014517
0.015122
0.014803
0.014877
0.018237
0.011428
0.015308
0.016680
0.012452
0.015195
0.014560
0.014874
0.015316
0.014343
0.014928
0.014739
0.014833
0.014888
0.014883
0.014770
0.014813
0.014961
0.014738
0.014937
0.016520
0.015158
0.014327
0.013273
0.014840
0.014957
0.014751
0.014707
0.015397
0.014419
0.014803
0.014825
0.015520
0.014151
0.014761
0.015074
0.015015
0.014695
0.014592
0.014916
0.014705
0.014900
0.014887
0.014884
0.014779
0.015059
0.014764
0.014764
0.014929
0.014727
0.014811
0.014955
0.014889
0.014581
0.014963
0.016525
0.013201
0.014732
0.014867
0.014767
0.014899
0.014811
0.015512
0.014228
0.014872
0.014721
0.014885
0.014786
0.014730
0.015943
0.013787
0.014757
0.014954
0.015161
0.014651
0.014778
0.014652
0.014926
0.015103
0.014686
0.014733
0.014834
0.014806
0.018686
0.011109
0.014816
0.014773
0.014863
0.014829
0.014760
0.017410
0.012385
0.014866
0.015264
0.014345
0.017854
0.011962
0.017240
0.012287
0.014713
0.014957
0.014588
0.014816
0.014985
0.014749
0.014800
0.014916
0.015139
0.014573
0.014790
0.015453
0.021383
0.014111
0.008339
0.014934
0.017091
0.012441
0.014944
0.014818
0.015223
0.014345
0.015126
0.015110
0.014242
0.014848
0.014866
0.015006
0.014636
0.016194
0.013497
0.014768
0.014825
0.014724
0.017602
0.013357
0.013616
0.015183
0.014554
0.016202
0.016929
0.012664
0.015145
0.013079
0.017825
0.011919
0.014730
0.015344
0.014316
0.015154
0.014528
0.014815
0.014921
0.015877
0.013712
0.014824
0.016256
0.017535
0.011040
0.014465
0.014790
0.015504
0.014288
0.014780
0.014855
0.014806
0.015420
0.016026
0.012934
0.014802
0.014914
0.015809
0.014228
0.014489
0.015168
0.014351
0.014862
0.014822
0.015316
0.014349
0.014813
0.015212
0.014382
0.015144
0.014576
0.014925
0.014662
0.014787
0.015118
0.014931
0.014335
0.015069
0.014879
0.014705
0.014802
0.015482
0.014125
0.014921
0.014838
0.014817
0.014995
0.017413
0.012092
0.014827
0.014875
0.015216
0.014415
0.014813
0.014824
0.015623
0.014665
0.014224
0.014896
0.014780
0.014744
0.014918
0.014891
0.014783
0.014805
0.014888
0.014769
0.015351
0.014395
0.014599
0.014820
0.014808
0.014839
0.015035
0.014669
0.014920
0.014771
0.014753
0.014865
0.014967
0.014687
0.014811
0.017645
0.017800
0.009616
0.014989
0.014197
0.015077
0.014500
0.016025
0.013579
0.014773
0.015017
0.016383
0.013164
0.014823
0.014881
0.015168
0.014418
0.015580
0.014182
0.014662
0.015012
0.014793
0.014750
0.014866
0.014986
0.014681
0.014829
0.014955
0.014884
0.014641
0.014945
0.016791
0.013329
0.014360
0.015127
0.014549
0.014684
0.015368
0.016198
0.012983
0.014774
0.014918
0.014759
0.014841
0.015154
0.014720
0.015208
0.014382
0.014832
0.014679
0.014792
0.015621
0.014217
0.014670
0.014857
0.014958
0.014684
0.014872
0.014853
0.014814
0.014923
0.015242
0.014409
0.015457
0.014446
0.014641
0.015043
0.014493
0.014853
0.014814
0.017003
0.012749
0.014889
0.015126
0.014500
0.015276
0.016209
0.013337
0.014402
0.014996
0.014802
0.014824
0.014878
0.015169
0.014461
0.014908
0.014641
0.014872
0.014976
0.014808
0.014811
0.015397
0.014389
0.014846
0.014611
0.014970
0.014756
0.014747
0.014881
0.015342
0.014522
0.014746
0.014902
0.014881
0.014932
0.014567
0.014884
0.014892
0.014647
0.014938
0.014925
0.014871
0.014768
0.014768
0.015764
0.013877
0.015440
0.014282
0.014995
0.015780
0.013834
0.016989
0.014764
0.012664
0.015862
0.013920
0.015421
0.014808
0.014918
0.016291
0.012726
0.020094
0.016821
0.007783
0.014632
0.016044
0.018288
0.010109
0.014987
0.014699
0.014822
0.014762
0.014818
0.015593
0.014223
0.017114
0.012562
0.014887
0.015194
0.014389
0.014829
0.014705
0.015628
0.018692
0.011314
0.014954
0.013816
0.014797
0.014823
0.014803
0.014921
0.014783
0.014847
0.014902
0.014840
0.014825
0.014842
0.014757
0.020292
0.009959
0.014333
0.014733
0.015516
0.014427
0.014739
0.014726
0.014801
0.014894
0.014862
0.014725
0.014850
0.014758
0.015008
0.014910
0.014688
0.014886
0.015183
0.014314
0.014977
0.014864
0.014655
0.015033
0.014767
0.016848
0.012843
0.014698
0.015272
0.014730
0.014679
0.014679
0.015050
0.014829
0.014849
0.014775
0.014803
0.014828
0.014812
0.014756
0.014802
0.014959
0.014875
0.014802
0.014754
0.014930
0.017606
0.012177
0.014734
0.015347
0.014703
0.014517
0.014857
0.015688
0.014748
0.013826
0.014984
0.018569
0.011034
0.015717
0.014034
0.014884
0.014850
0.014636
0.014858
0.014947
0.014732
0.014789
0.014809
0.014923
0.014812
0.015516
0.014036
0.014725
0.061867
0.007733
0.000244
0.000123
0.004404
0.014766
0.014645
0.014809
0.014858
0.014855
0.016213
0.013585
0.014873
0.014761
0.015137
0.014557
0.015171
0.014299
0.015395
0.014415
0.014878
0.014903
0.016419
0.013326
0.014832
0.014628
0.015154
0.014556
0.014737
0.014711
0.014818
0.015274
0.014546
0.014826
0.014667
0.015002
0.014782
0.014819
0.014772
0.015473
0.014308
0.014714
0.014901
0.015819
0.013869
0.016347
0.013323
0.014770
0.016890
0.012749
0.014935
0.014799
0.014732
0.014709
0.015381
0.015239
0.014043
0.014642
0.014967
0.014838
0.015191
0.014409
0.018836
0.010868
0.014613
0.015792
0.014414
0.014483
0.014799
0.014834
0.014730
0.014840
0.014819
0.015225
0.016232
0.018478
0.009321
0.014864
0.014833
0.017146
0.012693
0.015826
0.016125
0.012316
0.014837
0.045502
0.003076
0.000245
0.017881
0.010034
0.012329
0.016091
0.016544
0.011672
0.016073
0.013760
0.017140
0.012376
0.016443
0.015226
0.012748
0.015066
0.014630
0.015039
0.014751
0.014822
0.015540
0.014137
0.014895
0.014730
0.014716
0.015660
0.014210
0.014889
0.014693
0.015035
0.014546
0.014972
0.014716
0.014873
0.014703
0.015038
0.014753
0.015012
0.014588
0.015068
0.014632
0.020331
0.009366
0.014698
0.014985
0.014854
0.014754
0.014864
0.014828
0.015469
0.014041
0.014969
0.014810
0.014925
0.014817
0.037497
0.003885
0.003037
0.014769
0.014955
0.014737
0.014749
0.015277
0.015751
0.014460
0.018907
0.010180
0.014447
0.014990
0.014682
0.015379
0.014465
0.014774
0.015773
0.013882
0.014901
0.015397
0.014324
0.015065
0.014392
0.014930
0.014913
0.014821
0.014792
0.014751
0.014895
0.014739
0.014871
0.014899
0.014760
0.014904
0.014981
0.014585
0.014845
0.014841
0.014879
0.014734
0.014925
0.014742
0.014924
0.014823
0.014746
0.015337
0.014316
0.014811
0.014988
0.015576
0.014230
0.014581
0.014836
0.014802
0.014849
0.014782
0.014902
0.016164
0.013370
0.014878
0.014988
0.014731
0.015522
0.014168
0.014837
0.015186
0.014485
0.014957
0.014662
0.014844
0.015868
0.013868
0.027681
0.003055
0.029571
0.012352
0.003250
0.012992
0.015022
0.015002
0.014642
0.016882
0.012795
0.014805
0.015419
0.014273
0.014704
0.014965
0.015494
0.027521
0.003011
0.013349
0.014841
0.014908
0.014761
0.014773
0.014781
0.014837
0.014924
0.014898
0.014911
0.017240
0.012500
0.014671
0.014774
0.015056
0.014627
0.015295
0.014436
0.014858
0.014909
0.015199
0.014421
0.014787
0.015007
0.014953
0.014697
0.014794
0.015432
0.016508
0.012638
0.062784
0.006198
0.000203
0.000095
0.004941
0.016936
0.031917
0.000246
0.010286
0.014657
0.014882
0.015190
0.014670
0.014661
0.014848
0.014794
0.014721
0.017968
0.012682
0.014046
0.014832
0.016529
0.014949
0.012912
0.014817
0.017756
0.011918
0.014861
0.014848
0.014825
0.015088
0.014579
0.015805
0.013903
0.014784
0.016266
0.014278
0.013951
0.014783
0.015497
0.014423
0.014724
0.014790
0.014940
0.016065
0.013563
0.014760
0.015606
0.014148
0.014662
0.015262
0.014645
0.014829
0.014849
0.014725
0.014842
0.014685
0.015039
0.014754
0.014815
0.014858
0.014985
0.019088
0.010344
0.015376
0.014273
0.015061
0.014857
0.014701
0.014961
0.014725
0.014880
0.014853
0.014772
0.015480
0.015343
0.040732
0.004126
0.000228
0.013030
0.014861
0.014923
0.014842
0.014856
0.014889
0.014821
0.014668
0.014920
0.016320
0.013249
0.015040
0.014799
0.014818
0.014864
0.014888
0.014676
0.014963
0.014844
0.015995
0.014170
0.014782
0.014355
0.016422
0.013259
0.016362
0.014452
0.013633
0.014782
0.019648
0.010149
0.014810
0.016411
0.013333
0.014709
0.014901
0.015264
0.014349
0.015357
0.014446
0.014844
0.014799
0.014766
0.014874
0.014789
0.014731
0.014832
0.015031
0.016242
0.013328
0.015419
0.014257
0.014817
0.014807
0.014896
0.014968
0.014594
0.014824
0.014826
0.014747
0.015768
0.013982
0.014807
0.014857
0.014925
0.015178
0.014366
0.014792
0.014926
0.014736
0.014867
0.015061
0.014582
0.015080
0.014641
0.015952
0.014255
0.014050
0.015063
0.014817
0.014845
0.014815
0.014747
0.014914
0.014869
0.015812
0.013879
0.015168
0.015576
0.016119
0.012271
0.014870
0.015783
0.013726
0.014949
0.015414
0.015671
0.013394
0.015348
0.014278
0.015789
0.014235
0.014537
0.015131
0.014341
0.014951
0.014862
0.014820
0.037330
0.002822
0.004134
0.015003
0.014852
0.014728
0.015017
0.014928
0.015624
0.013807
0.014735
0.015002
0.014841
0.014669
0.014761
0.015001
0.014758
0.014758
0.014836
0.025005
0.008885
0.010695
0.015208
0.014323
0.014856
0.017774
0.011925
0.014806
0.014820
0.014980
0.015667
0.013885
0.016338
0.013343
0.023224
0.006464
0.015174
0.015246
0.013998
0.015107
0.014570
0.015278
0.022956
0.008967
0.012217
0.014724
0.015745
0.014144
0.014702
0.015211
0.014390
0.015312
0.014369
0.014831
0.014740
0.014834
0.019788
0.009880
0.014849
0.016160
0.013612
0.014779
0.014748
0.014850
0.014815
0.014733
0.015042
0.014733
0.015037
0.014698
0.014690
0.014854
0.014795
0.016784
0.012797
0.015421
0.014361
0.014771
0.014873
0.015006
0.015074
0.014379
0.014722
0.015178
0.014671
0.015118
0.014468
0.014764
0.014917
0.014939
0.014730
0.014661
0.017074
0.013563
0.020414
0.008361
0.014750
0.027228
0.002988
0.014499
0.014708
0.014903
0.014743
0.014928
0.014723
0.019607
0.010101
0.014717
0.016056
0.014152
0.014397
0.014753
0.014892
0.014798
0.014829
0.014946
0.014747
0.014837
0.014885
0.014686
0.015063
0.014757
0.014689
0.014827
0.014985
0.014886
0.014867
0.014968
0.014465
0.015014
0.014725
0.014893
0.014703
0.015048
0.014749
0.015648
0.013992
0.014673
0.015155
0.014604
0.014935
0.014612
0.015035
0.014769
0.014774
0.014836
0.014733
0.014910
0.014891
0.014728
0.014743
0.014934
0.015096
0.014937
0.014485
0.015063
0.014656
0.014798
0.014780
0.014775
0.014890
0.014843
0.014839
0.014838
0.015611
0.014103
0.014745
0.014859
0.014730
0.015024
0.014818
0.014757
0.014839
0.014703
0.015058
0.014821
0.014710
0.015583
0.014169
0.015367
0.014423
0.014737
0.014770
0.014972
0.014810
0.014819
0.014780
0.014939
0.014769
0.014820
0.014901
0.015430
0.014166
0.014885
0.014740
0.014846
0.015177
0.014527
0.016297
0.013464
0.014815
0.014940
0.016559
0.012983
0.014955
0.014883
0.014751
0.014839
0.015349
0.014186
0.015047
0.014705
0.014864
0.014884
0.014756
0.014996
0.014813
0.014757
0.015481
0.014151
0.015181
0.014713
0.015982
0.013443
0.015325
0.014479
0.014860
0.014752
0.014759
0.015094
0.014694
0.018125
0.011395
0.015027
0.014799
0.014878
0.014814
0.014839
0.015959
0.030986
0.003009
0.010418
0.014484
0.017858
0.011551
0.014531
0.016352
0.015067
0.012987
0.015048
0.017003
0.012510
0.014665
0.014971
0.014966
0.020535
0.010594
0.013130
0.014807
0.014963
0.014869
0.015221
0.014537
0.014759
0.014735
0.014929
0.015188
0.014573
0.014985
0.014820
0.015009
0.014485
0.014794
0.015803
0.015355
0.013855
0.014366
0.014867
0.014896
0.014794
0.014727
0.014884
0.014904
0.014811
0.014773
0.015496
0.014238
0.014862
0.014808
0.014785
0.015180
0.014540
0.014719
0.015018
0.014707
0.014833
0.014778
0.014873
0.015079
0.014608
0.015447
0.016217
0.013554
0.014240
0.014767
0.014733
0.014993
0.014749
0.014842
0.019238
0.010592
0.014756
0.014772
0.014852
0.014887
0.016371
0.013584
0.014499
0.014871
0.015199
0.014490
0.014849
0.015334
0.014382
0.016021
0.013695
0.016194
0.013253
0.014824
0.014937
0.014988
0.014945
0.014597
0.020393
0.020918
0.003537
0.104689
0.000251
0.000174
0.000121
0.000114
0.000112
0.000114
0.012971
0.014701
0.094551
0.005975
0.000254
0.000128
0.000117
0.000116
0.003072
0.014526
0.014891
0.096285
0.007274
0.000253
0.000128
0.000117
0.000122
0.002315
0.011989
0.014658
0.097741
0.006292
0.000276
0.000132
0.000117
0.000116
0.002432
0.012077
0.014363
0.099982
0.002700
0.000255
0.000128
0.000120
0.000117
0.002072
0.013109
0.014969
0.102800
0.004383
0.000254
0.000128
0.000117
0.000114
0.000115
0.011020
0.014639
0.014901
0.015942
0.013592
0.014675
0.014827
0.014870
0.015577
0.014288
0.014747
0.014862
0.014791
0.015095
0.014597
0.014777
0.014863
0.014837
0.014858
0.014751
0.015236
0.014430
0.014887
0.014846
0.014735
0.015079
0.014574
0.015873
0.013783
0.014879
0.015911
0.013797
0.014843
0.014796
0.015822
0.013845
0.014876
0.015534
0.014199
0.014696
0.016259
0.013386
0.015751
0.013871
0.014814
0.014832
0.014841
0.014888
0.014742
0.014798
0.014985
0.014725
0.014833
0.015394
0.015024
0.014069
0.014822
0.014838
0.014865
0.015037
0.015091
0.014326
0.014719
0.018125
0.022154
0.013931
0.005229
0.016142
0.016347
0.017374
0.009308
0.015786
0.018545
0.010271
0.014831
0.014845
0.015066
0.014690
0.014822
0.015138
0.014338
0.015026
0.014725
0.014924
0.014837
0.014795
0.014750
0.014808
0.014798
0.014821
0.015006
0.014748
0.063175
0.006362
0.000280
0.000135
0.004523
0.015737
0.014118
0.015969
0.013642
0.014224
0.014847
0.014873
0.014866
0.015076
0.014566
0.014852
0.014922
0.014786
0.014779
0.014835
0.015617
0.014104
0.014796
0.014820
0.014842
0.014899
0.014714
0.014871
0.014813
0.014899
0.014833
0.017955
0.011648
0.014898
0.014804
0.014726
0.014847
0.015250
0.014319
0.015009
0.014825
0.014777
0.014889
0.014740
0.014811
0.014855
0.014819
0.014709
0.014934
0.015677
0.013979
0.014921
0.015167
0.023557
0.005956
0.014593
0.014778
0.014894
0.015024
0.014709
0.014824
0.014929
0.014763
0.014765
0.016060
0.015917
0.013179
0.014277
0.020967
0.008591
0.014795
0.014918
0.014837
0.014780
0.014692
0.014984
0.014894
0.014786
0.016758
0.012737
0.015519
0.014555
0.014486
0.015920
0.013731
0.014930
0.015798
0.013869
0.014628
0.015380
0.014398
0.014824
0.014821
0.014909
0.014818
0.014941
0.014599
0.014710
0.016787
0.013012
0.021593
0.008202
0.014741
0.014821
0.015157
0.014629
0.014557
0.015678
0.015179
0.013643
0.015699
0.014104
0.015135
0.014588
0.014770
0.015023
0.014650
0.015072
0.014612
0.014727
0.015054
0.014813
0.015508
0.014153
0.015259
0.016435
0.014833
0.012874
0.014828
0.014735
0.014943
0.014832
0.015461
0.014155
0.014838
0.015984
0.014155
0.014334
0.014779
0.015326
0.014519
0.014727
0.014863
0.014956
0.014827
0.014806
0.014837
0.014690
0.014991
0.016450
0.013261
0.016084
0.013639
0.014886
0.015089
0.014571
0.016279
0.013306
0.014746
0.014872
0.016837
0.012878
0.014867
0.014888
0.014709
0.014807
0.014974
0.014853
0.016931
0.012661
0.014803
0.014973
0.015336
0.014240
0.014759
0.015791
0.013876
0.015256
0.014502
0.014772
0.014923
0.014879
0.014772
0.014752
0.015040
0.014781
0.014755
0.014822
0.014765
0.015506
0.014244
0.014832
0.014859
0.014951
0.014833
0.014689
0.014868
0.014662
0.015078
0.014760
0.014869
0.015408
0.014284
0.014877
0.014901
0.014706
0.014949
0.014844
0.014722
0.014873
0.014776
0.014720
0.014945
0.014954
0.014889
0.020478
0.009155
0.014700
0.015202
0.014532
0.014807
0.014927
0.015222
0.014358
0.014872
0.016555
0.013129
0.014810
0.015084
0.014476
0.015395
0.014503
0.015100
0.015711
0.013708
0.016791
0.012867
0.017072
0.012413
0.014791
0.014807
0.014864
0.015549
0.016057
0.012944
0.014822
0.014789
0.015059
0.014765
0.015079
0.014608
0.014847
0.014670
0.014997
0.017042
0.012580
0.014827
0.014775
0.014797
0.015064
0.014779
0.014824
0.014854
0.014818
0.058320
0.000258
0.000133
0.002661
0.012792
0.014809
0.015597
0.014235
0.014611
0.014886
0.014813
0.014852
0.014870
0.014677
0.014906
0.014734
0.015011
0.014743
0.014830
0.015469
0.014225
0.014831
0.015396
0.014259
0.017373
0.012149
0.018160
0.012333
0.013957
0.015018
0.014857
0.018220
0.014964
0.011038
0.015002
0.015346
0.014901
0.014057
0.015050
0.014813
0.014787
0.014939
0.015462
0.014212
0.014718
0.014745
0.014809
0.017081
0.012418
0.014987
0.014835
0.015094
0.014476
0.016144
0.013535
0.014752
0.015049
0.014837
0.014831
0.014716
0.015336
0.014340
0.014831
0.014716
0.015025
0.014842
0.014848
0.014851
0.017749
0.011847
0.014913
0.014796
0.014775
0.014717
0.015063
0.014745
0.014765
0.014893
0.034136
0.005038
0.006561
0.013467
0.015312
0.014325
0.014950
0.014818
0.014737
0.015047
0.015069
0.014350
0.014838
0.014910
0.014833
0.014806
0.015743
0.013920
0.015004
0.014774
0.014725
0.015399
0.014165
0.014900
0.019269
0.013905
0.011232
0.014821
0.015127
0.014560
0.014800
0.017910
0.011902
0.016312
0.013500
0.015017
0.014390
0.014865
0.015068
0.014439
0.014891
0.014945
0.014829
0.014818
0.014755
0.016644
0.013119
0.014727
0.015771
0.014426
0.014589
0.014582
0.014696
0.015168
0.014629
0.014922
0.014589
0.014860
0.014868
0.014746
0.014993
0.015284
0.015049
0.014026
0.014769
0.015525
0.014213
0.014909
0.014781
0.014859
0.015021
0.014613
0.014799
0.016387
0.013155
0.014862
0.014736
0.015093
0.014508
0.015230
0.015197
0.014235
0.014794
0.014822
0.014879
0.014769
0.014712
0.014940
0.014836
0.014769
0.014878
0.015183
0.014450
0.014783
0.014792
0.014831
0.015282
0.015096
0.014194
0.014865
0.016081
0.013586
0.014833
0.016963
0.013645
0.013724
0.014854
0.018054
0.012591
0.013910
0.015026
0.015500
0.014245
0.014767
0.014836
0.014891
0.014579
0.015159
0.014408
0.015092
0.015562
0.014036
0.014643
0.015273
0.014591
0.015192
0.014410
0.014660
0.014975
0.014816
0.014834
0.014734
0.015107
0.014747
0.014719
0.014881
0.014648
0.014981
0.014900
0.014760
0.016032
0.013764
0.016586
0.012949
0.014789
0.015452
0.014290
0.014810
0.014830
0.015248
0.014361
0.017007
0.013475
0.014169
0.014812
0.014823
0.015905
0.013632
0.014726
0.015025
0.014806
0.014874
0.014730
0.014802
0.014850
0.014900
0.016418
0.013153
0.015044
0.014725
0.014746
0.015163
0.014553
0.015105
0.015108
0.014277
0.014854
0.014922
0.015685
0.013994
0.015447
0.014138
0.014947
0.014767
0.014878
0.014799
0.014890
0.014830
0.014898
0.014697
0.015983
0.013779
0.014627
0.014800
0.014873
0.015192
0.014721
0.014723
0.014845
0.014827
0.014866
0.014706
0.014987
0.014798
0.014718
0.014958
0.014893
0.015351
0.014349
0.014724
0.014870
0.017073
0.012540
0.014996
0.014985
0.014702
0.014783
0.014783
0.015644
0.014010
0.014975
0.014671
0.015889
0.013906
0.015192
0.014479
0.014817
0.014684
0.014915
0.014898
0.014933
0.015626
0.014027
0.014826
0.015271
0.014406
0.015840
0.013893
0.014753
0.014857
0.014686
0.015003
0.014771
0.014939
0.014787
0.015697
0.014100
0.014918
0.014917
0.014568
0.014874
0.014816
0.014841
0.014746
0.014735
0.015028
0.014855
0.014738
0.014830
0.014724
0.015462
0.014134
0.014846
0.015097
0.014777
0.014847
0.014747
0.014945
0.014802
0.014726
0.014790
0.014800
0.015678
0.014206
0.014888
0.014674
0.014923
0.016507
0.013183
0.014743
0.018216
0.011465
0.014738
0.014894
0.014818
0.014943
0.014690
0.017150
0.012619
0.015399
0.014301
0.015012
0.014627
0.014874
0.014731
0.014958
0.014771
0.014916
0.014766
0.014825
0.014811
0.015639
0.014068
0.014732
0.015023
0.014853
0.014644
0.014969
0.014839
0.014808
0.015134
0.015138
0.014259
0.014753
0.015008
0.014734
0.014827
0.014889
0.014686
0.014956
0.014853
0.016481
0.013256
0.014821
0.014858
0.014815
0.014781
0.014767
0.014889
0.014858
0.015000
0.014855
0.014808
0.014781
0.014710
0.014834
0.014847
0.014810
0.015518
0.015258
0.015289
0.013218
0.020558
0.009111
0.014835
0.014747
0.014886
0.015423
0.014192
0.018480
0.011493
0.014588
0.019334
0.010743
0.014479
0.014588
0.016911
0.012809
0.014934
0.014849
0.014808
0.014865
0.014735
0.016325
0.013733
0.014384
0.014770
0.014948
0.014749
0.014824
0.015036
0.014663
0.014812
0.014867
0.014757
0.014845
0.015188
0.014534
0.014822
0.014842
0.014742
0.014813
0.015420
0.014214
0.014800
0.016029
0.013714
0.014865
0.014793
0.014859
0.015617
0.014367
0.014377
0.015226
0.015141
0.014042
0.014996
0.015876
0.013685
0.014901
0.014845
0.014846
0.014728
0.015340
0.014412
0.015296
0.014369
0.014754
0.014869
0.014816
0.014821
0.014689
0.016862
0.012978
0.014836
0.014818
0.014747
0.014900
0.014849
0.014927
0.014588
0.015020
0.014820
0.014824
0.015253
0.014863
0.014326
0.014823
0.014766
0.014846
0.014756
0.014980
0.015913
0.013681
0.015317
0.014330
0.014704
0.015363
0.014296
0.015370
0.015437
0.013750
0.014720
0.014800
0.015126
0.014721
0.014829
0.014998
0.014631
0.015193
0.014566
0.015298
0.014303
0.014970
0.014582
0.015033
0.015186
0.015846
0.013522
0.016072
0.022632
0.005707
0.014717
0.015420
0.014285
0.014900
0.015044
0.014608
0.014808
0.014589
0.015101
0.014771
0.014821
0.014796
0.014837
0.014789
0.015039
0.014883
0.014954
0.014497
0.014852
0.015925
0.014673
0.013762
0.014728
0.015021
0.014821
0.014845
0.014933
0.014643
0.014734
0.014979
0.015157
0.014553
0.014814
0.014648
0.014988
0.015069
0.014533
0.014848
0.014842
0.016782
0.012892
0.014828
0.014898
0.014754
0.014826
0.014823
0.014859
0.015320
0.014296
0.022429
0.007287
0.014852
0.014877
0.022894
0.006739
0.027499
0.002857
0.014067
0.014872
0.014952
0.014784
0.014821
0.014962
0.015724
0.013799
0.015073
0.016910
0.012443
0.014757
0.014969
0.016253
0.013414
0.014818
0.016502
0.013138
0.014801
0.015264
0.014479
0.014843
0.014821
0.014712
0.014913
0.014799
0.014901
0.014766
0.015118
0.016086
0.014194
0.017753
0.011100
0.014687
0.016672
0.013004
0.015175
0.014369
0.014928
0.014931
0.014747
0.014924
0.014556
0.015012
0.014820
0.014999
0.015451
0.013911
0.015397
0.014366
0.014915
0.017502
0.012074
0.014766
0.015040
0.014724
0.014715
0.014876
0.016177
0.013544
0.016412
0.013235
0.014725
0.015015
0.014738
0.016075
0.013590
0.014928
0.015422
0.059582
0.006267
0.000273
0.000143
0.007328
0.014689
0.014856
0.014947
0.015268
0.014449
0.016200
0.013314
0.014919
0.015112
0.014491
0.015005
0.014687
0.014958
0.014750
0.014859
0.015351
0.014364
0.030585
0.004163
0.009820
0.014777
0.014841
0.014762
0.014919
0.014804
0.014852
0.014928
0.015360
0.014427
0.014547
0.014816
0.014817
0.015030
0.014749
0.014869
0.014833
0.017221
0.012585
0.014773
0.014847
0.014830
0.014786
0.014814
0.014695
0.014982
0.014875
0.014870
0.014819
0.014914
0.014824
0.015520
0.014089
0.014875
0.016619
0.013334
0.014575
0.014813
0.014685
0.014991
0.014759
0.015720
0.014735
0.014087
0.014721
0.015009
0.014827
0.014854
0.014720
0.015225
0.014468
0.014779
0.014913
0.014844
0.014725
0.014903
0.014755
0.015025
0.014942
0.014664
0.014690
0.017030
0.012762
0.017208
0.012457
0.014945
0.015146
0.015080
0.014625
0.014184
0.014965
0.019793
0.009797
0.015029
0.014860
0.015539
0.014072
0.014838
0.015601
0.014087
0.014842
0.014711
0.014952
0.030765
0.003670
0.028798
0.002871
0.007998
0.014908
0.014805
0.015236
0.014523
0.014862
0.014737
0.014852
0.014951
0.014721
0.014817
0.014843
0.014789
0.014971
0.014826
0.015542
0.014122
0.014766
0.014734
0.014783
0.015086
0.014627
0.015011
0.015244
0.014327
0.014896
0.015431
0.014089
0.014968
0.014807
0.014812
0.014987
0.015434
0.014229
0.018648
0.010996
0.014777
0.027288
0.002588
0.014626
0.014828
0.014940
0.014841
0.016632
0.013392
0.014472
0.014730
0.015146
0.014550
0.014975
0.015042
0.014576
0.014825
0.014780
0.015448
0.014222
0.014845
0.014879
0.014781
0.014818
0.014918
0.014755
0.014830
0.014857
0.014699
0.015034
0.014798
0.014674
0.015016
0.015651
0.013866
0.014874
0.031297
0.002853
0.010321
0.014890
0.014832
0.014866
0.014840
0.014761
0.014784
0.014970
0.014759
0.015534
0.014108
0.017358
0.012364
0.014913
0.014934
0.014652
0.015046
0.014489
0.016087
0.013736
0.014668
0.015030
0.015102
0.015382
0.013956
0.015056
0.014419
0.014910
0.015197
0.014384
0.014916
0.014917
0.014821
0.014814
0.014780
0.014740
0.016056
0.013649
0.014720
0.014955
0.014881
0.014882
0.016458
0.013333
0.015937
0.013492
0.014799
0.014826
0.014935
0.014837
0.016602
0.013036
0.014826
0.015593
0.014040
0.014825
0.014777
0.014991
0.014747
0.014811
0.014785
0.015484
0.014476
0.014507
0.014797
0.014879
0.014834
0.014819
0.014839
0.014865
0.014759
0.014781
0.014865
0.014632
0.015650
0.014778
0.029458
0.002785
0.066360
0.005806
0.000277
0.000250
0.000153
0.013049
0.014768
0.015565
0.025122
0.007576
0.012942
0.012916
0.015363
0.014715
0.014309
0.014902
0.015189
0.014928
0.014446
0.014769
0.014812
0.014872
0.014774
0.014868
0.014908
0.015286
0.014369
0.016940
0.013092
0.014353
0.016123
0.013569
0.014856
0.014862
0.014778
0.014869
0.014798
0.023052
0.006589
0.024570
0.006076
0.014499
0.014423
0.026072
0.004453
0.013704
0.014866
0.015539
0.014071
0.014800
0.014640
0.014813
0.017324
0.012562
0.015156
0.014440
0.014899
0.014720
0.014733
0.016363
0.013464
0.014856
0.014635
0.014994
0.014796
0.014875
0.014642
0.014953
0.014704
0.014804
0.015730
0.014521
0.014643
0.014591
0.014788
0.019306
0.010382
0.014882
0.014647
0.015004
0.015030
0.015440
0.014215
0.015036
0.014211
0.016390
0.013315
0.014899
0.014976
0.014902
0.014695
0.015253
0.015221
0.013994
0.014731
0.014892
0.014734
0.014971
0.015370
0.014312
0.015328
0.014224
0.019490
0.010172
0.014867
0.014695
0.014786
0.014839
0.014917
0.015070
0.014736
0.014596
0.014932
0.014846
0.029831
0.002908
0.011910
0.014703
0.014760
0.014837
0.014756
0.014960
0.014771
0.018438
0.011331
0.014816
0.014961
0.015026
0.014475
0.014675
0.014976
0.014830
0.017490
0.012232
0.014859
0.014846
0.023342
0.006360
0.014758
0.014805
0.014757
0.015074
0.014717
0.014753
0.014856
0.014812
0.014945
0.014696
0.014616
0.022009
0.007689
0.022858
0.006996
0.014860
0.014814
0.014761
0.014829
0.014855
0.016516
0.013094
0.022413
0.007330
0.014785
0.014886
0.014867
0.014709
0.029300
0.005976
0.009049
0.020827
0.009110
0.022525
0.007149
0.014768
0.018636
0.011141
0.014832
0.014866
0.014760
0.021009
0.030347
0.006176
0.002878
0.013653
0.014944
0.016718
0.028785
0.002858
0.010959
0.014831
0.014813
0.014814
0.015785
0.020782
0.013986
0.008742
0.014903
0.017711
0.011955
0.015325
0.014359
0.014778
0.014700
0.014900
0.019595
0.010260
0.017325
0.012738
0.018701
0.010395
0.014859
0.017928
0.011715
0.014868
0.014998
0.014739
0.015080
0.014785
0.014613
0.014720
0.014869
0.014905
0.014891
0.044058
0.003674
0.000278
0.011471
0.016606
0.014404
0.014871
0.013875
0.014681
0.014400
0.015970
0.013829
0.014776
0.014711
0.014945
0.014668
0.014811
0.016596
0.013180
0.016977
0.030153
0.002984
0.018732
0.015260
0.005013
0.014808
0.014855
0.016508
0.013338
0.015140
0.014453
0.015110
0.015224
0.019206
0.012459
0.012082
0.016451
0.013331
0.014888
0.014829
0.014750
0.015416
0.014300
0.014612
0.015586
0.014180
0.015351
0.014359
0.015133
0.014668
0.014744
0.014921
0.025496
0.013670
0.011090
0.009049
0.014858
0.014844
0.015200
0.014384
0.014897
0.014704
0.014906
0.014810
0.014906
0.014883
0.014800
0.014830
0.014759
0.014823
0.014877
0.015660
0.013970
0.016490
0.013264
0.014851
0.019007
0.012653
0.013589
0.013867
0.016166
0.013705
0.015103
0.014523
0.014833
0.015054
0.014659
0.014993
0.014501
0.014962
0.014819
0.014840
0.014929
0.014840
0.014831
0.014838
0.018191
0.012178
0.014066
0.015156
0.014877
0.018129
0.011220
0.014870
0.014904
0.031599
0.003116
0.014569
0.009814
0.014687
0.016396
0.014370
0.013965
0.014853
0.014784
0.014848
0.015639
0.014058
0.014893
0.014881
0.014995
0.014647
0.014920
0.015784
0.013731
0.014815
0.015431
0.014189
0.015165
0.014667
0.014794
0.014752
0.014702
0.016459
0.013386
0.014677
0.014882
0.014938
0.014846
0.014771
0.015487
0.027630
0.003456
0.012827
0.015243
0.014303
0.014912
0.014862
0.014847
0.015007
0.014582
0.014854
0.014804
0.014788
0.014788
0.015372
0.014522
0.015208
0.014442
0.014784
0.014960
0.014680
0.014916
0.014668
0.015894
0.013939
0.014857
0.015278
0.014377
0.015098
0.014422
0.014961
0.014784
0.014867
0.014934
0.014758
0.015742
0.014028
0.023966
0.006007
0.014302
0.015315
0.014507
0.014911
0.014746
0.014896
0.014783
0.014843
0.014646
0.015044
0.014995
0.014762
0.014747
0.016169
0.013601
0.014729
0.014861
0.014757
0.015127
0.014828
0.014796
0.014741
0.014872
0.014706
0.014899
0.014738
0.014854
0.014925
0.016079
0.013422
0.015243
0.014405
0.014923
0.014714
0.017228
0.013962
0.014386
0.022140
0.007276
0.026114
0.005580
0.012266
0.015373
0.013939
0.015513
0.014056
0.015017
0.014883
0.014727
0.014853
0.014814
0.014794
0.014785
0.014813
0.014872
0.014668
0.014861
0.015402
0.014486
0.014780
0.014882
0.014739
0.014800
0.015218
0.014417
0.015039
0.014865
0.014965
0.018049
0.011313
0.014760
0.014780
0.015537
0.014136
0.014911
0.018819
0.011421
0.014224
0.014864
0.016300
0.016758
0.011408
0.014739
0.014770
0.014987
0.014803
0.014871
0.014878
0.016148
0.015819
0.012425
0.014813
0.014943
0.016865
0.012773
0.014827
0.014746
0.014863
0.014868
0.014766
0.014845
0.014788
0.014887
0.014824
0.014575
0.015102
0.015158
0.014422
0.014831
0.014797
0.015639
0.014130
0.014811
0.014827
0.014918
0.014668
0.014779
0.015283
0.014391
0.014699
0.015020
0.014841
0.015108
0.014501
0.016344
0.015061
0.012918
0.014914
0.015293
0.014335
0.015078
0.014733
0.015142
0.014414
0.020109
0.009463
0.014846
0.014912
0.016208
0.016027
0.012345
0.017200
0.012395
0.014823
0.016700
0.013491
0.015090
0.014117
0.015670
0.014809
0.014005
0.015107
0.014520
0.014655
0.015305
0.014509
0.014870
0.014699
0.014927
0.014703
0.015951
0.013732
0.014966
0.014708
0.014762
0.016743
0.012979
0.014923
0.014847
0.014763
0.016525
0.012961
0.019841
0.009873
0.014943
0.014843
0.014822
0.014832
0.014786
0.017751
0.012193
0.014505
0.015265
0.018642
0.013528
0.012018
0.014747
0.014770
0.014861
0.014806
0.016052
0.013462
0.014954
0.014851
0.015176
0.014492
0.014890
0.014992
0.014344
0.014980
0.014753
0.014971
0.014903
0.014835
0.015731
0.013938
0.014923
0.015217
0.014292
0.023898
0.005774
0.014898
0.014846
0.014617
0.014900
0.014852
0.014823
0.014871
0.014768
0.014831
0.014831
0.015012
0.014761
0.014831
0.014892
0.014787
0.014673
0.016365
0.013481
0.016190
0.014602
0.013693
0.015851
0.013725
0.014816
0.016274
0.013423
0.014816
0.015134
0.014601
0.014812
0.014851
0.014770
0.014838
0.014802
0.014800
0.014903
0.020326
0.012606
0.013674
0.012751
0.014755
0.014810
0.014824
0.020791
0.009539
0.014194
0.014895
0.016270
0.013572
0.014571
0.014787
0.017199
0.012458
0.055843
0.006320
0.000286
0.000157
0.011562
0.016626
0.013104
0.014711
0.014928
0.014918
0.014875
0.014937
0.014622
0.014946
0.015377
0.014672
0.014422
0.014774
0.014910
0.014893
0.015039
0.014589
0.016461
0.013261
0.014761
0.014751
0.014818
0.015729
0.014173
0.015080
0.014560
0.014860
0.015034
0.014578
0.014804
0.015169
0.015225
0.014233
0.014822
0.014772
0.016566
0.014306
0.013931
0.014459
0.015391
0.014286
0.014871
0.015778
0.013988
0.014851
0.014878
0.014774
0.014868
0.014845
0.014807
0.016401
0.013669
0.014517
0.014904
0.014772
0.017143
0.012355
0.014903
0.014846
0.014880
0.014818
0.014922
0.015302
0.015311
0.013803
0.014936
0.015388
0.014613
0.014365
0.014972
0.014774
0.014697
0.014866
0.014983
0.014794
0.015144
0.015617
0.013779
0.014742
0.014944
0.015119
0.014620
0.032416
0.002635
0.009229
0.014921
0.015104
0.014671
0.014701
0.014920
0.015601
0.014016
0.015224
0.014312
0.014973
0.014660
0.015026
0.014960
0.014719
0.014663
0.015050
0.014673
0.014795
0.014964
0.015585
0.014162
0.014854
0.014938
0.014666
0.014826
0.014659
0.026718
0.003117
0.030028
0.003439
0.011057
0.014693
0.014978
0.014927
0.015230
0.014250
0.014865
0.014891
0.014811
0.017278
0.012320
0.014883
0.014800
0.014788
0.014759
0.014922
0.016245
0.013596
0.014724
0.014821
0.014873
0.014586
0.014860
0.014988
0.014825
0.014755
0.014954
0.014848
0.014901
0.014747
0.015310
0.014333
0.015162
0.014520
0.014746
0.015095
0.014674
0.014771
0.014922
0.014850
0.014784
0.014792
0.016724
0.012873
0.014947
0.014947
0.014789
0.015979
0.014259
0.014369
0.014650
0.014815
0.015037
0.014734
0.014734
0.014871
0.015772
0.014407
0.014295
0.015838
0.015197
0.013350
0.015056
0.014840
0.014819
0.014754
0.014866
0.014762
0.014828
0.017212
0.012447
0.015601
0.014166
0.014799
0.014826
0.014809
0.015343
0.014217
0.014750
0.014904
0.019360
0.010290
0.014911
0.014760
0.014875
0.016665
0.012902
0.014761
0.014811
0.015121
0.014706
0.015729
0.013984
0.015084
0.016503
0.012748
0.014756
0.014872
0.014902
0.014846
0.014833
0.014947
0.014707
0.015326
0.014249
0.015193
0.014444
0.014925
0.014786
0.014743
0.014921
0.014768
0.017385
0.012237
0.014689
0.014945
0.014916
0.014833
0.014798
0.018381
0.011882
0.015226
0.013946
0.016118
0.013459
0.014814
0.014917
0.014843
0.014874
0.015491
0.014368
0.014492
0.014858
0.014846
0.015298
0.016640
0.012460
0.014944
0.015872
0.016320
0.012200
0.015146
0.014532
0.060464
0.006851
0.000303
0.000154
0.006495
0.014755
0.015385
0.014182
0.015302
0.014419
0.014996
0.017248
0.012197
0.014890
0.014829
0.014777
0.016146
0.013407
0.016042
0.013701
0.014914
0.014950
0.015357
0.015954
0.012945
0.026582
0.003317
0.014456
0.015055
0.014732
0.014911
0.014833
0.014803
0.014768
0.014799
0.015658
0.013926
0.015011
0.014555
0.015104
0.014797
0.014848
0.014697
0.014870
0.014860
0.015555
0.014493
0.014425
0.016020
0.013641
0.014831
0.014765
0.014835
0.014696
0.015145
0.014823
0.022936
0.006576
0.014830
0.014997
0.014615
0.014789
0.014699
0.014857
0.015006
0.014968
0.015564
0.014305
0.014414
0.014852
0.014928
0.014831
0.014987
0.019653
0.009627
0.015055
0.014802
0.015129
0.014293
0.015004
0.014668
0.014948
0.014915
0.015203
0.014451
0.014805
0.014810
0.014775
0.015048
0.014603
0.014860
0.014895
0.014805
0.016722
0.012948
0.015666
0.013934
0.014805
0.014826
0.015261
0.014956
0.014760
0.014462
0.014884
0.014810
0.014747
0.014834
0.015188
0.014505
0.014919
0.015017
0.015449
0.014616
0.014261
0.015247
0.014305
0.014840
0.014835
0.015381
0.014370
0.016335
0.014150
0.013984
0.014738
0.015483
0.014190
0.014769
0.014883
0.015691
0.014244
0.016332
0.013115
0.014831
0.015416
0.014160
0.014830
0.014914
0.014732
0.014849
0.015095
0.014608
0.015080
0.014548
0.014694
0.014996
0.014958
0.014796
0.014878
0.014997
0.015977
0.013208
0.014978
0.014930
0.015165
0.014549
0.014815
0.017503
0.027599
0.002739
0.011155
0.017612
0.012079
0.015857
0.015113
0.013565
0.018280
0.011617
0.014874
0.014800
0.014795
0.015333
0.014163
0.015188
0.014642
0.014944
0.014807
0.014982
0.014742
0.016094
0.013514
0.014824
0.014674
0.023178
0.007569
0.013960
0.015710
0.013959
0.014836
0.015268
0.014219
0.016299
0.013599
0.014855
0.014816
0.015174
0.014508
0.014790
0.014788
0.014907
0.014654
0.014842
0.015000
0.014884
0.014872
0.014808
0.014780
0.014721
0.014868
0.015076
0.014727
0.014817
0.014651
0.027651
0.002883
0.014062
0.014899
0.014875
0.014672
0.015018
0.014828
0.014852
0.016173
0.013537
0.015083
0.014462
0.014701
0.014841
0.014980
0.014957
0.014868
0.014769
0.014779
0.016559
0.013034
0.014736
0.015594
0.014258
0.014881
0.014985
0.014778
0.014620
0.014944
0.014760
0.014850
0.014837
0.014905
0.014846
0.014813
0.014843
0.014884
0.014763
0.014768
0.014977
0.014723
0.014815
0.014858
0.015168
0.014347
0.015063
0.025247
0.004309
0.026195
0.003416
0.015070
0.015325
0.014242
0.014813
0.014896
0.014806
0.014793
0.014859
0.015932
0.013764
0.014888
0.014546
0.015081
0.014823
0.016315
0.013207
0.015989
0.013770
0.015137
0.014577
0.014921
0.014843
0.014671
0.014995
0.014724
0.015756
0.013968
0.014874
0.014867
0.014660
0.015109
0.014703
0.014702
0.015181
0.014568
0.014825
0.014827
0.014916
0.017774
0.011826
0.014947
0.014831
0.014981
0.014652
0.014678
0.015564
0.015049
0.014169
0.014737
0.014618
0.014776
0.015260
0.017093
0.012272
0.015185
0.014758
0.014576
0.014704
0.014898
0.014916
0.014879
0.014840
0.014779
0.014716
0.014898
0.014862
0.014910
0.014650
0.015002
0.014757
0.014855
0.015138
0.014797
0.014563
0.014868
0.014776
0.014991
0.014864
0.014642
0.014957
0.014865
0.014678
0.015056
0.015294
0.014344
0.015030
0.014684
0.014828
0.014744
0.014698
0.014894
0.015365
0.014463
0.014826
0.014860
0.015336
0.014348
0.014751
0.014835
0.014827
0.014922
0.015013
0.014519
0.014983
0.014830
0.014823
0.014737
0.017185
0.012668
0.014793
0.015220
0.014390
0.014801
0.014862
0.015682
0.013872
0.014813
0.014878
0.014821
0.014831
0.014818
0.014625
0.014983
0.014882
0.015072
0.014561
0.014831
0.015703
0.013951
0.014957
0.014717
0.014843
0.014829
0.014781
0.014686
0.015569
0.014288
0.018265
0.011171
0.015294
0.014587
0.015395
0.014211
0.014866
0.014776
0.014745
0.014975
0.014847
0.016965
0.012671
0.018016
0.011483
0.015101
0.014586
0.021220
0.011899
0.011769
0.014322
0.016376
0.013442
0.014753
0.014855
0.015120
0.014433
0.015062
0.014903
0.014738
0.015297
0.014285
0.014749
0.015488
0.014309
0.014583
0.015015
0.014845
0.014658
0.015009
0.014584
0.014986
0.015015
0.014608
0.014727
0.014996
0.014746
0.014854
0.016217
0.013494
0.016166
0.013380
0.014817
0.017319
0.012340
0.014776
0.014930
0.014823
0.014813
0.014798
0.014806
0.015331
0.014832
0.014372
0.014818
0.014837
0.014831
0.014956
0.014605
0.015087
0.014489
0.014975
0.014761
0.021195
0.008513
0.014766
0.014912
0.014797
0.014689
0.015293
0.015848
0.013514
0.014714
0.014933
0.014901
0.014751
0.014820
0.014753
0.014714
0.014856
0.016081
0.013780
0.014846
0.016517
0.013129
0.014987
0.015480
0.014413
0.014567
0.014723
0.014715
0.015001
0.015107
0.014325
0.014947
0.014864
0.014682
0.014899
0.015399
0.014276
0.014730
0.014812
0.015946
0.013905
0.014673
0.014775
0.014746
0.015051
0.014804
0.014767
0.014893
0.014740
0.016832
0.012862
0.014852
0.015231
0.014488
0.014830
0.014854
0.014841
0.015797
0.014327
0.014360
0.014767
0.014703
0.017860
0.012001
0.014738
0.014884
0.014832
0.014817
0.014772
0.014741
0.014833
0.014976
0.014800
0.015091
0.014602
0.014695
0.017873
0.012162
0.014518
0.015667
0.014140
0.015051
0.020037
0.010869
0.013327
0.014658
0.015130
0.014637
0.014781
0.015069
0.014757
0.014809
0.014921
0.016587
0.012981
0.014766
0.014827
0.014718
0.015056
0.014808
0.014750
0.017420
0.012297
0.014841
0.014773
0.014813
0.014766
0.014974
0.014813
0.014848
0.015118
0.014553
0.014874
0.014794
0.014708
0.015397
0.014318
0.014877
0.016934
0.012628
0.014971
0.014796
0.015869
0.013723
0.014853
0.015556
0.014119
0.014882
0.015679
0.013943
0.014794
0.015853
0.013780
0.014812
0.014917
0.017026
0.012664
0.015473
0.014214
0.015236
0.014466
0.014708
0.018849
0.010815
0.014928
0.014834
0.016698
0.013006
0.015917
0.013634
0.015023
0.014980
0.014508
0.014903
0.014739
0.014921
0.014897
0.014541
0.016147
0.013811
0.014695
0.014981
0.014735
0.014911
0.014825
0.014800
0.014913
0.015071
0.014686
0.014673
0.014852
0.014826
0.014856
0.014917
0.014829
0.015369
0.014529
0.014816
0.014535
0.014817
0.015069
0.014717
0.014801
0.014922
0.014608
0.014977
0.014890
0.017232
0.012266
0.015067
0.014678
0.015017
0.015048
0.014637
0.016126
0.055387
0.006177
0.000313
0.000165
0.012624
0.013063
0.014815
0.014817
0.014695
0.015623
0.014214
0.014685
0.015058
0.014727
0.014890
0.014758
0.015186
0.014331
0.015183
0.014738
0.015045
0.015191
0.014364
0.014757
0.014765
0.014827
0.014741
0.014939
0.014729
0.037153
0.003677
0.022305
0.000321
0.011923
0.013674
0.014824
0.014885
0.014810
0.014746
0.014833
0.014935
0.014867
0.014793
0.014926
0.015249
0.014340
0.014947
0.014690
0.014691
0.015029
0.015167
0.014536
0.014912
0.014618
0.014894
0.015738
0.013960
0.015627
0.014087
0.014832
0.015755
0.016620
0.011885
0.015048
0.014881
0.014716
0.014697
0.017256
0.014077
0.013217
0.014970
0.014857
0.014713
0.014869
0.014807
0.014945
0.014738
0.014910
0.016576
0.013057
0.014855
0.014894
0.014705
0.014862
0.015481
0.016322
0.014689
0.012908
0.022240
0.007340
0.014902
0.016242
0.013518
0.015134
0.014484
0.016493
0.013492
0.014808
0.014569
0.015094
0.014563
0.014739
0.014823
0.014905
0.014897
0.014853
0.015476
0.014095
0.015119
0.014596
0.014818
0.014697
0.015129
0.014805
0.014787
0.014851
0.014831
0.014863
0.014752
