0.000640
0.014946
0.015847
0.011606
0.015395
0.013988
0.015018
0.017208
0.036142
0.006018
0.003273
0.016116
0.010704
0.016565
0.017321
0.010377
0.015546
0.014157
0.018607
0.011585
0.017782
0.013921
0.013810
0.013580
0.014603
0.014748
0.014856
0.014754
0.017067
0.012635
0.014738
0.017051
0.016671
0.012502
0.013439
0.017241
0.012502
0.021722
0.008255
0.014130
0.015318
0.018774
0.012825
0.012719
0.015766
0.017543
0.022195
0.003578
0.018046
0.013938
0.014087
0.014837
0.016210
0.011948
0.015052
0.017071
0.015113
0.017156
0.018486
0.007858
0.013437
0.015201
0.014399
0.017100
0.012551
0.017945
0.015632
0.011680
0.019905
0.009730
0.017874
0.014263
0.021864
0.004527
0.019602
0.010059
0.017034
0.022432
0.005951
0.014700
0.020449
0.008321
0.066458
0.000488
0.000175
0.008157
0.000194
0.041094
0.000236
0.016031
0.004657
0.020138
0.005376
0.020550
0.009267
0.015366
0.015098
0.016696
0.020141
0.009533
0.022748
0.004094
0.035939
0.000229
0.024303
0.004138
0.011931
0.016026
0.011456
0.014945
0.014821
0.017970
0.012013
0.014361
0.014798
0.014999
0.016001
0.013601
0.019764
0.009873
0.015001
0.017522
0.012550
0.019748
0.012271
0.014749
0.018111
0.014882
0.009417
0.014209
0.014718
0.016111
0.021981
0.006706
0.018351
0.012886
0.013845
0.013925
0.014917
0.017328
0.012554
0.019033
0.010452
0.014904
0.015213
0.014312
0.017398
0.019539
0.016195
0.012347
0.009097
0.014775
0.014666
0.014713
0.019478
0.010178
0.014917
0.016260
0.017898
0.014638
0.011317
0.016177
0.012657
0.017227
0.013416
0.014617
0.017586
0.012122
0.020283
0.013385
0.010028
0.023474
0.007209
0.015054
0.013672
0.014825
0.015705
0.014792
0.015905
0.013333
0.018478
0.015082
0.010381
0.017182
0.028213
0.000239
0.013855
0.017214
0.012343
0.015439
0.018355
0.011247
0.019161
0.012255
0.012559
0.017676
0.011988
0.014687
0.015361
0.014419
0.016087
0.016100
0.015539
0.013992
0.014129
0.021026
0.007071
0.015805
0.046065
0.028916
0.000233
0.000112
0.000103
0.036921
0.000233
0.008950
0.011241
0.014797
0.014670
0.018112
0.011759
0.027963
0.012984
0.003380
0.031405
0.005962
0.006930
0.015025
0.014526
0.015058
0.015437
0.017076
0.012813
0.025315
0.003391
0.021934
0.008194
0.014716
0.017071
0.019451
0.008324
0.014810
0.015391
0.013660
0.018049
0.011596
0.015223
0.014502
0.020785
0.011772
0.012526
0.018838
0.010210
0.015542
0.014060
0.019111
0.013455
0.014960
0.011792
0.016426
0.015098
0.013631
0.017424
0.013749
0.013415
0.029522
0.003972
0.012142
0.012929
0.016350
0.016616
0.012109
0.014491
0.014514
0.015009
0.014756
0.014904
0.015395
0.017366
0.015505
0.012094
0.014566
0.017767
0.011165
0.014843
0.015476
0.014394
0.017119
0.015488
0.013637
0.013384
0.016541
0.014796
0.012460
0.017067
0.012543
0.018704
0.012287
0.015187
0.013985
0.014049
0.028963
0.004472
0.021348
0.007729
0.014775
0.011519
0.016167
0.013743
0.021568
0.008402
0.021720
0.013194
0.032794
0.000232
0.005790
0.015482
0.031156
0.003005
0.010983
0.013966
0.014567
0.017100
0.015458
0.018639
0.009153
0.015318
0.013692
0.014864
0.015032
0.014182
0.014744
0.015754
0.014186
0.014784
0.017996
0.012480
0.015679
0.013579
0.014240
0.014862
0.015924
0.013977
0.014552
0.016494
0.013104
0.015096
0.014717
0.015953
0.018614
0.009704
0.018211
0.011623
0.014937
0.015585
0.014811
0.017392
0.028865
0.000238
0.013135
0.014330
0.015207
0.021496
0.010413
0.014404
0.013217
0.019650
0.013655
0.010029
0.014749
0.032904
0.008013
0.006103
0.013135
0.016760
0.015535
0.012515
0.013754
0.015504
0.015978
0.016693
0.012487
0.014134
0.014996
0.014376
0.014579
0.015308
0.018760
0.011500
0.018994
0.010458
0.020030
0.012140
0.012125
0.020373
0.021066
0.005390
0.013331
0.015762
0.067301
0.000228
0.000115
0.000107
0.004066
0.020356
0.011522
0.013899
0.015872
0.014715
0.012596
0.015877
0.017595
0.014133
0.011928
0.016189
0.018973
0.009143
0.014805
0.015434
0.017193
0.012645
0.014923
0.014973
0.013997
0.019907
0.013813
0.013255
0.018727
0.013076
0.012199
0.023049
0.042501
0.005781
0.000237
0.003644
0.011749
0.015265
0.019403
0.013833
0.011898
0.014221
0.014657
0.019856
0.010059
0.014333
0.016304
0.020987
0.009833
0.040045
0.006640
0.000250
0.010308
0.015957
0.014054
0.014643
0.014224
0.015975
0.015160
0.013460
0.022107
0.007690
0.037449
0.027860
0.000244
0.000117
0.028728
0.000237
0.010039
0.016054
0.012399
0.018534
0.011943
0.016068
0.016315
0.012248
0.015373
0.041295
0.004280
0.000246
0.013727
0.013881
0.014444
0.015325
0.015787
0.013402
0.014723
0.014840
0.015226
0.017035
0.014469
0.013312
0.015096
0.013868
0.020220
0.012946
0.011324
0.014687
0.016783
0.012973
0.016564
0.016884
0.013436
0.012531
0.019809
0.023810
0.007102
0.011371
0.014510
0.021613
0.005616
0.016757
0.014135
0.017568
0.011917
0.013804
0.014595
0.019718
0.010173
0.018760
0.011252
0.023331
0.006122
0.014915
0.016013
0.015075
0.027896
0.003372
0.012669
0.014462
0.017194
0.014609
0.011943
0.014987
0.014559
0.016444
0.014727
0.014411
0.014077
0.014752
0.014767
0.014812
0.017824
0.015128
0.011498
0.015959
0.016964
0.011713
0.018148
0.015647
0.015460
0.016368
0.011432
0.014728
0.024028
0.002920
0.014571
0.015461
0.015128
0.016818
0.012390
0.014765
0.016275
0.019420
0.008568
0.015152
0.014394
0.014786
0.016076
0.014037
0.015177
0.014205
0.015217
0.014224
0.015030
0.024516
0.017041
0.004279
0.013383
0.017372
0.012269
0.014789
0.015830
0.013950
0.015026
0.014595
0.017147
0.014404
0.012740
0.015052
0.015187
0.014258
0.015065
0.022459
0.007183
0.017502
0.012471
0.015918
0.013340
0.014866
0.016766
0.012834
0.021688
0.007885
0.015166
0.014763
0.018780
0.012417
0.013569
0.015011
0.015414
0.014323
0.014948
0.013994
0.017777
0.012896
0.014871
0.013920
0.014701
0.016492
0.014682
0.013651
0.016996
0.022913
0.005670
0.014849
0.014269
0.021037
0.008170
0.015457
0.014115
0.021136
0.008387
0.029754
0.007654
0.006955
0.016034
0.013606
0.018068
0.015495
0.019133
0.008466
0.014399
0.016263
0.012193
0.014573
0.016964
0.013796
0.050428
0.007691
0.000207
0.004175
0.010926
0.019380
0.009881
0.032928
0.012588
0.008191
0.013426
0.008574
0.013365
0.016143
0.013651
0.014715
0.014761
0.016334
0.013439
0.015904
0.015758
0.015189
0.013658
0.017409
0.013313
0.014809
0.013780
0.019046
0.009795
0.014612
0.025887
0.004838
0.014826
0.014063
0.025724
0.005960
0.017299
0.011175
0.015181
0.016509
0.012181
0.019952
0.009284
0.014715
0.014971
0.014832
0.015184
0.014509
0.014848
0.015029
0.021507
0.011259
0.011513
0.018311
0.013288
0.013288
0.014965
0.014339
0.017717
0.012609
0.019333
0.009545
0.015203
0.014883
0.018648
0.012436
0.014043
0.016219
0.014117
0.013295
0.014765
0.014938
0.015340
0.014319
0.015792
0.014203
0.016001
0.013949
0.014312
0.016333
0.014944
0.013520
0.015889
0.014732
0.022910
0.008958
0.011382
0.028386
0.003211
0.017372
0.010939
0.014154
0.018617
0.015415
0.010192
0.014827
0.016369
0.014421
0.014229
0.015493
0.013771
0.022088
0.009587
0.023085
0.033569
0.000171
0.014365
0.003029
0.013171
0.015088
0.018474
0.012311
0.016472
0.028542
0.003925
0.015673
0.013389
0.009479
0.020365
0.011135
0.021848
0.007436
0.013193
0.018462
0.015532
0.029580
0.008829
0.006677
0.013039
0.012120
0.014618
0.014735
0.015992
0.013654
0.016379
0.013400
0.015033
0.016032
0.014012
0.022052
0.014944
0.047484
0.006149
0.000240
0.000121
0.013178
0.016224
0.025094
0.005703
0.011315
0.014913
0.014865
0.015731
0.014116
0.014649
0.016072
0.016000
0.013379
0.019037
0.017966
0.028208
0.057311
0.006228
0.000239
0.000123
0.000113
0.003837
0.014203
0.017620
0.012220
0.014728
0.042432
0.000243
0.003256
0.013623
0.016529
0.012983
0.014806
0.020190
0.009560
0.014916
0.015688
0.018036
0.016179
0.010331
0.013961
0.015349
0.032991
0.000237
0.010804
0.015425
0.014147
0.016705
0.014505
0.013411
0.018566
0.010963
0.014973
0.017217
0.016808
0.012729
0.019181
0.034638
0.009082
0.008385
0.003007
0.021358
0.005813
0.014724
0.023798
0.006494
0.014220
0.015012
0.014504
0.017467
0.012784
0.015315
0.072766
0.010087
0.000242
0.000119
0.000111
0.005018
0.015839
0.015898
0.018073
0.055466
0.000243
0.000125
0.000113
0.016828
0.011321
0.014229
0.021183
0.022550
0.016069
0.012335
0.005859
0.014720
0.011710
0.013957
0.016768
0.012920
0.021222
0.010896
0.014878
0.012801
0.016186
0.013623
0.021064
0.008153
0.022407
0.007261
0.015172
0.019264
0.012708
0.014815
0.018323
0.014605
0.010701
0.013311
0.014884
0.062918
0.011299
0.000243
0.000124
0.007476
0.014622
0.007191
0.019392
0.009756
0.015926
0.014687
0.015922
0.013134
0.015175
0.014120
0.015706
0.013965
0.016480
0.013356
0.017004
0.013288
0.014516
0.016863
0.012338
0.017656
0.026368
0.006866
0.009790
0.013680
0.014948
0.021591
0.007720
0.022926
0.007383
0.014362
0.017503
0.012381
0.017992
0.014202
0.015567
0.011354
0.016123
0.018138
0.010541
0.016096
0.013628
0.016163
0.013162
0.014877
0.014680
0.015068
0.018295
0.011699
0.014979
0.014222
0.018222
0.012700
0.013537
0.015638
0.014257
0.014814
0.017131
0.014767
0.012822
0.014415
0.017164
0.013491
0.013894
0.015090
0.015061
0.015178
0.015983
0.012883
0.014870
0.016980
0.012566
0.014934
0.014865
0.015274
0.019299
0.013075
0.013058
0.013445
0.016624
0.015254
0.015116
0.012912
0.014767
0.014890
0.014444
0.014635
0.016685
0.014560
0.014693
0.016614
0.043510
0.000241
0.024138
0.004654
0.006691
0.006580
0.016738
0.013784
0.013901
0.016402
0.015991
0.019659
0.010235
0.012939
0.016320
0.015953
0.012011
0.016922
0.011931
0.016132
0.013505
0.017023
0.021936
0.005793
0.017741
0.014100
0.012477
0.015677
0.014900
0.014189
0.014855
0.016211
0.015099
0.013959
0.015139
0.016188
0.016540
0.010284
0.014832
0.015459
0.014501
0.015178
0.014415
0.014925
0.014715
0.034686
0.003230
0.007131
0.015387
0.014106
0.020931
0.014310
0.009948
0.014188
0.014433
0.018720
0.010993
0.015976
0.013677
0.014902
0.015540
0.014611
0.015610
0.014843
0.014199
0.018731
0.010400
0.014799
0.014980
0.016574
0.038785
0.003533
0.003020
0.014197
0.014115
0.013699
0.015589
0.013893
0.014941
0.015377
0.019421
0.017005
0.007488
0.014908
0.021637
0.008132
0.014339
0.026413
0.005431
0.013347
0.014445
0.014880
0.024763
0.006070
0.015583
0.013210
0.020111
0.011955
0.015012
0.011776
0.020812
0.010198
0.013703
0.014766
0.017102
0.016274
0.012500
0.013601
0.014594
0.015517
0.014186
0.014775
0.014830
0.015229
0.017656
0.014336
0.012857
0.014429
0.016872
0.012588
0.016048
0.014819
0.014289
0.019996
0.010076
0.015320
0.014791
0.014014
0.014164
0.014763
0.015622
0.017785
0.011375
0.015200
0.014373
0.015402
0.015239
0.014003
0.015297
0.014200
0.014917
0.014417
0.015450
0.014839
0.019469
0.009671
0.014726
0.016837
0.012816
0.015133
0.015363
0.015501
0.015287
0.013604
0.014899
0.014410
0.017536
0.013890
0.015511
0.018743
0.008693
0.014889
0.015618
0.016307
0.012938
0.016045
0.028773
0.000258
0.013490
0.015260
0.016985
0.012196
0.015870
0.034049
0.006318
0.005529
0.012657
0.015257
0.014547
0.014574
0.014743
0.015776
0.013877
0.015290
0.014362
0.017383
0.015816
0.015250
0.011659
0.014395
0.018500
0.010708
0.020384
0.011879
0.012842
0.015580
0.014078
0.014816
0.016118
0.027936
0.004546
0.010477
0.016222
0.013278
0.015048
0.014505
0.033099
0.004617
0.017523
0.005286
0.013482
0.016159
0.014216
0.018057
0.011323
0.014442
0.017565
0.013721
0.013192
0.015681
0.013937
0.019375
0.011173
0.015766
0.013217
0.014952
0.017194
0.012738
0.014133
0.015459
0.015093
0.014101
0.028332
0.003415
0.013435
0.015282
0.014039
0.022247
0.007995
0.024254
0.007514
0.018613
0.008437
0.014602
0.015429
0.014347
0.015260
0.015302
0.013951
0.015700
0.024486
0.004205
0.015251
0.014775
0.017738
0.012294
0.017637
0.011781
0.015959
0.037364
0.010641
0.004243
0.005908
0.014538
0.016994
0.021588
0.006664
0.017059
0.011542
0.014952
0.017947
0.011872
0.015086
0.015447
0.018481
0.009897
0.016575
0.013165
0.015028
0.015694
0.013830
0.015139
0.017651
0.012577
0.018575
0.010466
0.015174
0.016416
0.012922
0.016224
0.013657
0.016837
0.014396
0.012626
0.021185
0.008927
0.015116
0.016329
0.019487
0.017836
0.006040
0.017962
0.011726
0.014625
0.014093
0.017619
0.017300
0.010716
0.015069
0.013410
0.015150
0.015766
0.018007
0.011376
0.014203
0.016924
0.015053
0.012005
0.015220
0.028282
0.005010
0.031295
0.012405
0.006641
0.005091
0.018561
0.011090
0.015202
0.014826
0.014744
0.015212
0.015518
0.013730
0.016982
0.013491
0.015684
0.013386
0.014520
0.017547
0.012487
0.014948
0.014755
0.014941
0.017510
0.012740
0.014517
0.030220
0.000255
0.013438
0.016973
0.020129
0.007348
0.016647
0.013194
0.016207
0.014610
0.019664
0.009622
0.014529
0.015757
0.023500
0.023037
0.030897
0.011992
0.000275
0.004366
0.016424
0.007732
0.018411
0.020637
0.016615
0.051144
0.000249
0.000126
0.000118
0.012369
0.013156
0.033089
0.007463
0.009134
0.010332
0.014335
0.015342
0.015577
0.014323
0.013846
0.018516
0.013163
0.017178
0.010533
0.105319
0.000248
0.000125
0.000115
0.000112
0.000110
0.000111
0.016600
0.110344
0.007502
0.000247
0.000125
0.000115
0.000112
0.000110
0.000237
0.011002
0.017178
0.113470
0.000256
0.000127
0.000129
0.000114
0.000109
0.000112
0.002691
0.016673
0.099939
0.011400
0.000247
0.000126
0.000115
0.000112
0.000112
0.004144
0.016280
0.124936
0.007071
0.000253
0.000128
0.000116
0.000114
0.000111
0.000113
0.002706
0.050787
0.104856
0.000245
0.000127
0.000117
0.000113
0.000111
0.000121
0.000110
0.000139
0.015329
0.016813
0.004734
0.010063
0.015671
0.014952
0.014380
0.014578
0.015075
0.014600
0.014770
0.014604
0.014844
0.022458
0.007424
0.014770
0.014854
0.015246
0.014428
0.017730
0.013850
0.013495
0.015260
0.013913
0.015224
0.018287
0.014180
0.011509
0.017318
0.014497
0.013756
0.013957
0.014838
0.067496
0.008718
0.000256
0.000127
0.000119
0.013426
0.015845
0.012804
0.014768
0.015294
0.014848
0.014607
0.014495
0.020521
0.020120
0.007732
0.011373
0.017432
0.015243
0.013412
0.012779
0.014836
0.015391
0.014352
0.014658
0.015583
0.020675
0.008488
0.015223
0.014270
0.015100
0.014571
0.014732
0.016201
0.018846
0.010671
0.013630
0.017344
0.014002
0.013189
0.015104
0.014470
0.015041
0.015995
0.017261
0.014049
0.012543
0.016263
0.013847
0.014112
0.015905
0.016102
0.012564
0.015162
0.015665
0.013559
0.014878
0.019058
0.012071
0.013664
0.015041
0.014042
0.017709
0.011869
0.020987
0.008602
0.015195
0.014405
0.014843
0.014755
0.015034
0.017474
0.015658
0.011888
0.014883
0.014397
0.015759
0.014548
0.013848
0.017639
0.012558
0.015512
0.013775
0.014844
0.014968
0.017169
0.013067
0.015432
0.013744
0.014723
0.019366
0.011097
0.022792
0.007900
0.014345
0.014867
0.013597
0.015675
0.013880
0.016387
0.013397
0.016307
0.013343
0.016550
0.013124
0.015127
0.014455
0.016034
0.015074
0.014108
0.014696
0.014050
0.016032
0.015246
0.013090
0.015373
0.017586
0.011906
0.015001
0.015296
0.018409
0.011029
0.015185
0.015718
0.012957
0.015922
0.013795
0.014733
0.014939
0.015293
0.014140
0.015678
0.015528
0.016978
0.011250
0.015696
0.014646
0.014290
0.018099
0.011496
0.016633
0.013821
0.015596
0.014481
0.013805
0.015183
0.015889
0.017504
0.022328
0.010367
0.007514
0.015478
0.014593
0.014620
0.014622
0.017226
0.012332
0.014851
0.015886
0.013981
0.014706
0.026608
0.004220
0.015600
0.014731
0.012980
0.022928
0.006786
0.019694
0.010757
0.016693
0.012969
0.016664
0.012190
0.028285
0.007703
0.008965
0.014209
0.017080
0.012799
0.016278
0.014033
0.028868
0.003144
0.011931
0.017047
0.012361
0.016310
0.013880
0.018471
0.010821
0.016301
0.023502
0.006194
0.016821
0.020046
0.008868
0.016850
0.014127
0.010925
0.015590
0.015092
0.013874
0.015363
0.014259
0.019402
0.010536
0.014917
0.014764
0.015015
0.014358
0.015064
0.014718
0.016127
0.014205
0.021995
0.008064
0.013902
0.014971
0.015890
0.014047
0.015871
0.021210
0.019735
0.002935
0.014042
0.017830
0.014212
0.033623
0.006997
0.003527
0.013036
0.021217
0.022685
0.003384
0.012157
0.014572
0.015194
0.021371
0.008095
0.016713
0.022333
0.005327
0.016301
0.018956
0.009491
0.019103
0.013494
0.011567
0.014955
0.017531
0.012905
0.016611
0.015159
0.014215
0.012618
0.014697
0.014753
0.015905
0.013785
0.015702
0.014135
0.016217
0.013391
0.014769
0.016269
0.013406
0.015644
0.016478
0.013021
0.014282
0.014938
0.015069
0.014537
0.016428
0.014070
0.016947
0.013952
0.014439
0.013299
0.015163
0.015735
0.013581
0.017681
0.012028
0.021318
0.011040
0.011794
0.015751
0.047866
0.000257
0.000132
0.030306
0.000258
0.062405
0.000258
0.000179
0.000124
0.062680
0.000265
0.000132
0.000121
0.055034
0.000267
0.000145
0.000122
0.060120
0.000265
0.000130
0.000122
0.045915
0.000371
0.000236
0.046468
0.000262
0.000134
0.049463
0.000257
0.000127
0.000122
0.069783
0.000272
0.000143
0.000119
0.000118
0.075783
0.000256
0.000129
0.000119
0.000116
0.062221
0.000253
0.000138
0.000125
0.102003
0.000256
0.000130
0.000119
0.000116
0.000116
0.072302
0.000264
0.000133
0.000122
0.000119
0.000118
0.112074
0.000253
0.000131
0.000121
0.000118
0.000115
0.000117
0.090359
0.000267
0.000144
0.000123
0.000117
0.000117
0.079817
0.000275
0.000135
0.000122
0.000119
0.000118
0.042213
0.000257
0.000132
0.011539
0.060339
0.000268
0.000133
0.000123
0.056910
0.000259
0.000137
0.000123
0.041586
0.000261
0.029834
0.000258
0.024504
0.000254
0.023430
0.000269
0.032631
0.000263
0.022771
0.014988
0.010622
0.012372
0.007841
0.018081
0.010076
0.017592
0.013412
0.017509
0.010924
0.015130
0.014541
0.014774
0.014977
0.050161
0.060040
0.000328
0.000137
0.000120
0.000117
0.000117
0.008208
0.014170
0.015824
0.015318
0.013270
0.015627
0.015194
0.013816
0.014961
0.015218
0.018342
0.010671
0.016366
0.013314
0.015823
0.014087
0.014635
0.015045
0.015129
0.014294
0.015059
0.014717
0.014701
0.014703
0.016333
0.014059
0.014562
0.015188
0.015259
0.013651
0.015024
0.015940
0.013525
0.014967
0.014860
0.015122
0.014417
0.017250
0.014035
0.014371
0.033086
0.008804
0.021868
0.000262
0.009154
0.017937
0.011635
0.014868
0.014703
0.018403
0.011165
0.019187
0.011168
0.014946
0.014233
0.014792
0.016820
0.013672
0.014751
0.013825
0.020025
0.043478
0.006189
0.000259
0.005323
0.013982
0.017775
0.011805
0.014748
0.014719
0.019388
0.013501
0.011914
0.014940
0.014642
0.014951
0.014866
0.015562
0.015457
0.014125
0.014008
0.015098
0.016553
0.019259
0.024582
0.000218
0.014117
0.013981
0.018126
0.012971
0.014350
0.021676
0.007458
0.014545
0.015053
0.014785
0.014452
0.014847
0.016923
0.014424
0.015146
0.012857
0.016699
0.013420
0.015428
0.014509
0.014689
0.014434
0.017873
0.012033
0.019200
0.015722
0.011369
0.022457
0.008242
0.012697
0.014580
0.014595
0.014426
0.014871
0.019172
0.010868
0.019237
0.009796
0.014962
0.017538
0.013278
0.014436
0.014941
0.014626
0.014169
0.017539
0.015630
0.013492
0.016604
0.013281
0.013790
0.017213
0.017287
0.011390
0.012149
0.020418
0.011134
0.014916
0.016734
0.014958
0.012884
0.013111
0.026922
0.002979
0.019206
0.010009
0.017170
0.014892
0.012561
0.015050
0.014627
0.014753
0.016048
0.016755
0.012099
0.014548
0.015632
0.014815
0.014353
0.016958
0.012402
0.017464
0.014241
0.023644
0.023464
0.000278
0.009985
0.015054
0.015379
0.015462
0.014245
0.014020
0.015966
0.013834
0.015208
0.015313
0.013941
0.017941
0.137676
0.000264
0.000136
0.000124
0.000120
0.000118
0.000115
0.000118
0.000118
0.008258
0.015591
0.012325
0.015502
0.014252
0.014852
0.014847
0.017759
0.014440
0.014436
0.013174
0.016132
0.013254
0.014854
0.014860
0.016719
0.015058
0.019747
0.008174
0.016577
0.015471
0.012001
0.015237
0.014917
0.014267
0.015541
0.014325
0.014877
0.017235
0.012641
0.014543
0.017274
0.012582
0.015184
0.014556
0.017679
0.013519
0.013521
0.017101
0.012140
0.017460
0.012759
0.015234
0.014349
0.014418
0.016233
0.027142
0.004837
0.010995
0.015017
0.017758
0.014942
0.011799
0.014872
0.015026
0.014788
0.014517
0.014877
0.019997
0.009757
0.014919
0.014714
0.017762
0.011958
0.014811
0.015551
0.014083
0.014906
0.015313
0.014317
0.017812
0.011928
0.014828
0.014764
0.014859
0.016222
0.013261
0.020984
0.011763
0.017016
0.009745
0.014959
0.015013
0.014476
0.015669
0.014367
0.014610
0.015005
0.015914
0.016086
0.019127
0.008032
0.014695
0.015949
0.013564
0.017281
0.013068
0.015028
0.014836
0.014126
0.016016
0.013779
0.014938
0.022820
0.009612
0.016330
0.011470
0.017177
0.011425
0.034047
0.036772
0.000261
0.000136
0.004132
0.015306
0.016267
0.020822
0.006150
0.021669
0.007738
0.014969
0.014444
0.015111
0.015175
0.014416
0.014891
0.015391
0.017645
0.013390
0.015732
0.012982
0.019578
0.013354
0.012061
0.013362
0.016867
0.013118
0.014382
0.015589
0.017118
0.013760
0.014240
0.014037
0.014652
0.015703
0.016810
0.017949
0.010473
0.013709
0.014519
0.015406
0.013640
0.015298
0.015510
0.013725
0.017598
0.016238
0.010556
0.027909
0.025557
0.002970
0.004790
0.013448
0.014650
0.014566
0.015875
0.016714
0.013680
0.013182
0.015399
0.014408
0.014903
0.014595
0.017836
0.011840
0.015267
0.014699
0.014507
0.016490
0.013156
0.016728
0.012880
0.014822
0.017211
0.015917
0.011381
0.015972
0.014531
0.015689
0.013956
0.014430
0.015676
0.016341
0.012465
0.024168
0.006425
0.013547
0.014845
0.014885
0.014763
0.014694
0.020762
0.009221
0.015454
0.014013
0.015219
0.014316
0.015457
0.014364
0.014862
0.019794
0.009791
0.014878
0.014772
0.014919
0.017678
0.019181
0.009210
0.013204
0.015588
0.014236
0.016611
0.014878
0.014604
0.016979
0.010965
0.015002
0.014690
0.014843
0.014595
0.014921
0.014980
0.015744
0.014359
0.014414
0.014708
0.015567
0.014171
0.016824
0.013441
0.014463
0.016916
0.017073
0.010210
0.020374
0.018274
0.007890
0.015395
0.016281
0.013934
0.014051
0.016539
0.011415
0.014354
0.015774
0.015657
0.013278
0.066636
0.000215
0.000106
0.000099
0.009160
0.012748
0.015831
0.013502
0.015181
0.014500
0.015906
0.014354
0.014111
0.015050
0.019425
0.010115
0.015975
0.013754
0.016340
0.014803
0.013769
0.019446
0.018010
0.009654
0.011780
0.017582
0.012094
0.017749
0.011745
0.018291
0.013690
0.012654
0.014933
0.014832
0.019564
0.010030
0.016185
0.013819
0.015059
0.015485
0.014957
0.013997
0.015883
0.013868
0.016621
0.012720
0.014639
0.015665
0.014052
0.015196
0.017775
0.012026
0.015160
0.014000
0.014820
0.016213
0.014119
0.014839
0.014410
0.020972
0.008917
0.026011
0.005629
0.017352
0.009929
0.018695
0.013087
0.053566
0.007646
0.000263
0.000145
0.010828
0.017090
0.012185
0.015143
0.015105
0.015000
0.014803
0.014343
0.014850
0.014856
0.015703
0.014414
0.014435
0.017373
0.012209
0.015332
0.018128
0.011135
0.019782
0.011263
0.016172
0.017610
0.012938
0.011818
0.014412
0.022031
0.016933
0.006165
0.018630
0.010214
0.019726
0.010485
0.015856
0.013532
0.016828
0.013028
0.014751
0.014822
0.016584
0.015101
0.012781
0.015222
0.016652
0.014421
0.015173
0.012864
0.014654
0.015626
0.014170
0.016387
0.013905
0.014426
0.017009
0.012259
0.015739
0.014044
0.014785
0.014710
0.015055
0.015748
0.014174
0.014377
0.023625
0.009064
0.028514
0.007524
0.006426
0.023718
0.007138
0.012903
0.019813
0.009815
0.016493
0.013333
0.024998
0.005091
0.014320
0.017034
0.016612
0.011186
0.015200
0.015160
0.019750
0.009951
0.017369
0.011124
0.015206
0.019583
0.015887
0.008890
0.018675
0.012818
0.013045
0.014597
0.017796
0.012099
0.015620
0.014192
0.014631
0.014739
0.014934
0.016785
0.012766
0.015207
0.015478
0.014570
0.016385
0.013953
0.013506
0.014884
0.015613
0.014133
0.014991
0.015202
0.014354
0.015403
0.014021
0.014914
0.017362
0.014119
0.013684
0.029480
0.003417
0.011093
0.014854
0.015892
0.020882
0.007662
0.016090
0.015081
0.015513
0.012720
0.014790
0.018052
0.011623
0.015232
0.015150
0.014033
0.016921
0.012820
0.014857
0.014938
0.017884
0.012105
0.014490
0.016828
0.015053
0.013758
0.013711
0.015196
0.014456
0.014785
0.014933
0.016246
0.013309
0.014834
0.016905
0.013545
0.014463
0.021082
0.008466
0.016671
0.012752
0.017921
0.013519
0.013249
0.031522
0.003992
0.008769
0.017671
0.017245
0.009988
0.014501
0.016803
0.015980
0.011495
0.015111
0.015607
0.014170
0.016656
0.012925
0.018648
0.011584
0.014453
0.016433
0.014501
0.013422
0.016230
0.013301
0.014717
0.018537
0.014277
0.014103
0.014608
0.012758
0.015193
0.022395
0.010847
0.011640
0.014260
0.014688
0.016013
0.013513
0.014763
0.017471
0.012615
0.014606
0.014809
0.014782
0.017631
0.011980
0.016844
0.034801
0.004124
0.003828
0.015038
0.021760
0.010750
0.011537
0.014855
0.014860
0.016952
0.012732
0.015516
0.018097
0.010917
0.015878
0.013716
0.015006
0.016243
0.013515
0.015211
0.014289
0.017467
0.012426
0.015092
0.014568
0.014503
0.014744
0.016312
0.013501
0.017836
0.011864
0.014821
0.014993
0.014645
0.019241
0.021938
0.004679
0.014504
0.014018
0.019582
0.009854
0.015369
0.014737
0.016595
0.014383
0.013295
0.016387
0.021053
0.009216
0.013719
0.021739
0.006946
0.016051
0.013209
0.017394
0.012906
0.018375
0.010697
0.017581
0.012238
0.015387
0.014875
0.014134
0.015059
0.015472
0.015292
0.013592
0.015364
0.019592
0.018624
0.007911
0.012725
0.014534
0.015152
0.014529
0.015676
0.014261
0.014793
0.014857
0.032126
0.008494
0.007439
0.015692
0.010403
0.014752
0.015132
0.018364
0.011293
0.017950
0.011490
0.014917
0.015978
0.013950
0.014461
0.015394
0.016459
0.012635
0.064109
0.013125
0.000262
0.000140
0.000131
0.013621
0.028627
0.004512
0.009936
0.013813
0.014867
0.014662
0.015100
0.014867
0.016068
0.013650
0.014882
0.015704
0.022412
0.006802
0.018804
0.023736
0.003318
0.013020
0.014569
0.016162
0.016303
0.012804
0.045069
0.014258
0.000296
0.004129
0.058632
0.007036
0.000280
0.000145
0.005242
0.012636
0.018898
0.012600
0.013718
0.015432
0.014038
0.014893
0.014503
0.014721
0.015339
0.017751
0.011788
0.014573
0.014922
0.014642
0.018728
0.011458
0.020289
0.008834
0.015152
0.015324
0.014208
0.030407
0.007602
0.012297
0.009515
0.016324
0.012997
0.015900
0.014288
0.014011
0.017732
0.017212
0.011485
0.013048
0.014841
0.014740
0.014952
0.017017
0.012555
0.024086
0.009347
0.011231
0.014854
0.014835
0.022550
0.014626
0.007728
0.014343
0.016054
0.014737
0.017950
0.010751
0.018860
0.010787
0.015178
0.014649
0.015032
0.017575
0.013216
0.013383
0.014763
0.014793
0.015152
0.014699
0.015894
0.013663
0.015017
0.015006
0.017251
0.012166
0.014796
0.015554
0.014064
0.018663
0.020189
0.005916
0.014733
0.015316
0.015402
0.016125
0.012486
0.014838
0.015804
0.015372
0.014054
0.014685
0.014456
0.015821
0.013869
0.019166
0.010268
0.014933
0.027832
0.003811
0.013011
0.035861
0.002828
0.006044
0.040564
0.003128
0.003409
0.011949
0.015013
0.015149
0.014251
0.014843
0.016225
0.015303
0.013315
0.014405
0.015101
0.014707
0.015524
0.015617
0.014577
0.013649
0.014963
0.015051
0.014510
0.014782
0.015540
0.014799
0.018815
0.010557
0.016415
0.012865
0.017443
0.012545
0.014825
0.014425
0.015051
0.016519
0.022150
0.012992
0.010484
0.013115
0.013834
0.014820
0.063500
0.006932
0.000278
0.000144
0.003347
0.015487
0.014152
0.014812
0.015830
0.015381
0.014390
0.015972
0.012657
0.014937
0.015183
0.015323
0.013849
0.015020
0.016853
0.012736
0.017846
0.012822
0.015736
0.012918
0.015178
0.014443
0.015322
0.015722
0.016117
0.012396
0.017672
0.016644
0.010091
0.017662
0.012010
0.014841
0.015054
0.014949
0.014561
0.014760
0.014852
0.014775
0.015040
0.022004
0.009548
0.012566
0.015535
0.014332
0.015487
0.016423
0.017686
0.009927
0.014570
0.014770
0.014751
0.015739
0.014797
0.019340
0.009538
0.014917
0.016595
0.013004
0.014577
0.014880
0.016519
0.013306
0.014992
0.014873
0.026168
0.004957
0.013906
0.014577
0.018459
0.010684
0.016753
0.013147
0.016061
0.014083
0.014360
0.014996
0.014743
0.020246
0.028943
0.000279
0.010888
0.014458
0.020449
0.009443
0.013736
0.014864
0.014652
0.014838
0.016281
0.014486
0.015284
0.013590
0.016640
0.012755
0.015225
0.014385
0.015092
0.014914
0.016886
0.012374
0.015417
0.015637
0.016431
0.012596
0.014107
0.015651
0.014240
0.014924
0.014681
0.019274
0.014023
0.011448
0.015237
0.014004
0.016581
0.013981
0.014030
0.015212
0.014689
0.014571
0.014890
0.015336
0.014406
0.015187
0.016729
0.012892
0.014793
0.014682
0.036162
0.012518
0.000277
0.013516
0.024146
0.008440
0.008850
0.015858
0.015726
0.017068
0.013570
0.011631
0.015671
0.014989
0.016432
0.015199
0.021403
0.005210
0.017836
0.015861
0.028223
0.015042
0.000280
0.015559
0.015146
0.011194
0.037344
0.044408
0.000271
0.000146
0.022304
0.000286
0.013689
0.007290
0.016456
0.012799
0.008001
0.018119
0.016564
0.011396
0.013271
0.014549
0.019863
0.015237
0.021122
0.011450
0.010661
0.019471
0.006651
0.014293
0.014629
0.023695
0.006797
0.017598
0.017962
0.008248
0.014792
0.017763
0.011822
0.014922
0.019606
0.010538
0.015369
0.014305
0.014249
0.015246
0.014713
0.015754
0.032970
0.008942
0.007551
0.008852
0.014909
0.014632
0.016821
0.013412
0.017037
0.032830
0.006792
0.008180
0.009117
0.014684
0.014976
0.014414
0.014976
0.015762
0.013587
0.017947
0.012146
0.014676
0.014753
0.019036
0.014167
0.011335
0.016082
0.013496
0.014984
0.014859
0.014938
0.016077
0.013929
0.014533
0.015945
0.013925
0.014639
0.015332
0.014158
0.016536
0.015671
0.016451
0.021937
0.009589
0.013617
0.035470
0.005742
0.003649
0.017855
0.009632
0.013492
0.015208
0.032924
0.000274
0.027800
0.004206
0.007194
0.014768
0.016894
0.012815
0.015404
0.015590
0.016070
0.011923
0.015224
0.016647
0.018263
0.012113
0.012209
0.015450
0.014984
0.014216
0.015874
0.013744
0.017910
0.012355
0.016006
0.013927
0.016029
0.013463
0.014652
0.014520
0.014786
0.014783
0.014930
0.027675
0.006290
0.012933
0.012298
0.014755
0.017305
0.013502
0.014037
0.014536
0.017597
0.012197
0.015778
0.013994
0.015741
0.016762
0.012771
0.014307
0.014483
0.015226
0.014714
0.015725
0.014024
0.016730
0.012475
0.014815
0.015041
0.014981
0.014950
0.014589
0.015091
0.014599
0.015242
0.014366
0.015267
0.014831
0.016883
0.013782
0.013808
0.016636
0.014211
0.015852
0.013350
0.019477
0.009383
0.020336
0.025900
0.003447
0.009513
0.021821
0.008070
0.014861
0.017230
0.013097
0.014521
0.014831
0.017481
0.011444
0.017051
0.012955
0.014635
0.014627
0.015389
0.016137
0.015916
0.017885
0.037392
0.000275
0.003716
0.023228
0.007414
0.011132
0.015446
0.015049
0.014577
0.015744
0.013357
0.015864
0.013825
0.016021
0.014779
0.013728
0.014818
0.017381
0.024844
0.007396
0.009757
0.014823
0.016004
0.015488
0.013036
0.014627
0.015056
0.017330
0.016947
0.020495
0.015384
0.004411
0.014817
0.015077
0.014267
0.017389
0.013335
0.013825
0.016485
0.015353
0.012575
0.014538
0.014958
0.015735
0.014701
0.013996
0.019709
0.010435
0.015203
0.014488
0.014201
0.017349
0.012458
0.017110
0.012630
0.014926
0.014772
0.015776
0.015125
0.014505
0.014332
0.026800
0.004860
0.012317
0.020580
0.012488
0.013921
0.013720
0.013774
0.014984
0.015165
0.015636
0.026406
0.006908
0.013418
0.011111
0.017235
0.013712
0.013692
0.014707
0.015108
0.014727
0.016234
0.014439
0.021324
0.007067
0.014774
0.015649
0.014388
0.014682
0.014713
0.015636
0.015966
0.012884
0.014918
0.015106
0.015123
0.014284
0.016151
0.013464
0.018099
0.012374
0.014612
0.014189
0.016655
0.013084
0.015109
0.014942
0.019294
0.009879
0.016554
0.013813
0.014374
0.015532
0.014005
0.014798
0.014808
0.015427
0.014580
0.014480
0.019339
0.010341
0.014864
0.019847
0.009863
0.014768
0.016433
0.014581
0.014175
0.014078
0.018982
0.010539
0.015265
0.014782
0.015281
0.014434
0.022390
0.007501
0.015985
0.014930
0.012932
0.015158
0.016164
0.013801
0.014400
0.014723
0.014911
0.015607
0.014050
0.019112
0.013130
0.021126
0.022963
0.003381
0.009251
0.014943
0.015032
0.017345
0.012760
0.014038
0.014959
0.015294
0.015330
0.013981
0.021300
0.014832
0.015730
0.007278
0.014822
0.016771
0.022712
0.009778
0.010349
0.017504
0.022642
0.006488
0.012675
0.014605
0.018575
0.011539
0.014565
0.014903
0.017671
0.011798
0.014683
0.016598
0.013090
0.015712
0.015770
0.014636
0.025563
0.005688
0.011748
0.014826
0.016950
0.012903
0.017347
0.012180
0.017259
0.012423
0.015495
0.014834
0.014554
0.014950
0.014512
0.014723
0.017712
0.011845
0.015117
0.019547
0.009668
0.017018
0.012694
0.016047
0.026922
0.005496
0.011893
0.013796
0.024281
0.008242
0.012173
0.014887
0.015348
0.020427
0.010906
0.017271
0.010304
0.018459
0.011179
0.014898
0.016432
0.020262
0.007835
0.015166
0.014441
0.014916
0.014875
0.024054
0.008309
0.017392
0.009673
0.015022
0.014621
0.019998
0.010118
0.014809
0.014750
0.015228
0.013919
0.017243
0.012599
0.014862
0.015276
0.021430
0.007783
0.014854
0.015211
0.015002
0.014348
0.014790
0.015238
0.016903
0.012393
0.014839
0.014821
0.015350
0.015094
0.018244
0.010524
0.014985
0.015539
0.014802
0.014659
0.021381
0.009311
0.013227
0.014904
