-235.560000, 63.760000, 60.740000
-230.520000, 60.580000, 62.900000
-221.140000, 57.740000, 64.730000
-207.450000, 53.560000, 65.380000
-189.530000, 47.480000, 65.450000
-170.120000, 39.540000, 64.240000
-150.970000, 34.280000, 63.040000
-136.800000, 30.600000, 61.620000
-127.940000, 27.670000, 61.490000
-121.690000, 26.380000, 63.030000
-116.650000, 25.820000, 65.860000
-112.130000, 25.930000, 69.220000
-107.780000, 27.540000, 71.120000
-106.100000, 31.720000, 71.320000
-110.440000, 38.220000, 70.120000
-121.570000, 45.900000, 68.790000
-137.190000, 52.910000, 67.130000
-153.670000, 57.450000, 66.320000
-165.730000, 61.080000, 67.120000
-173.900000, 63.120000, 70.530000
-177.900000, 63.200000, 77.050000
-179.580000, 61.810000, 85.470000
-179.510000, 59.680000, 93.240000
-175.930000, 59.060000, 97.400000
-170.400000, 59.700000, 98.480000
-166.340000, 61.230000, 99.120000
-167.090000, 61.800000, 100.380000
-170.490000, 60.620000, 102.550000
-171.870000, 56.710000, 103.620000
-169.290000, 51.560000, 105.860000
-161.770000, 46.580000, 105.720000
-158.320000, 42.430000, 105.770000
-158.190000, 39.060000, 105.930000
-152.960000, 40.260000, 107.070000
-140.460000, 45.900000, 111.090000
-124.050000, 52.380000, 113.380000
-108.000000, 59.710000, 114.680000
-96.380000, 70.870000, 116.620000
-93.680000, 84.720000, 121.700000
-93.100000, 89.150000, 127.950000
-86.110000, 87.830000, 132.350000
-69.480000, 79.710000, 134.370000
-50.650000, 75.200000, 134.700000
-36.330000, 77.320000, 136.750000
-31.250000, 82.530000, 140.220000
-38.280000, 85.640000, 145.450000
-49.510000, 82.440000, 151.950000
-62.020000, 78.860000, 158.960000
-74.370000, 74.090000, 166.510000
-78.860000, 74.000000, 173.960000
-73.680000, 75.290000, 182.030000
-64.200000, 75.520000, 191.150000
-52.040000, 74.580000, 203.190000
-43.650000, 73.190000, 217.440000
-36.700000, 72.450000, 230.200000
-29.620000, 73.220000, 239.700000
-22.350000, 72.010000, 247.000000
-7.710000, 71.000000, 250.120000
 9.820000, 66.640000, 250.120000
 29.230000, 61.160000, 250.120000
 36.870000, 50.930000, 250.120000
 41.670000, 42.730000, 250.120000
 52.830000, 42.380000, 250.120000
 66.890000, 43.120000, 250.120000
 89.280000, 42.700000, 250.120000
 106.800000, 39.040000, 250.120000
 118.160000, 34.250000, 250.120000
 113.360000, 34.670000, 250.120000
 108.150000, 44.110000, 250.120000
 109.500000, 54.870000, 250.120000
 120.010000, 61.490000, 238.620000
 128.240000, 69.100000, 224.400000
 129.220000, 78.660000, 206.580000
 126.800000, 93.970000, 189.090000
 126.510000, 118.800000, 171.640000
 118.790000, 144.120000, 155.900000
 105.780000, 167.000000, 140.640000
 92.480000, 196.510000, 123.990000
 80.640000, 226.900000, 108.520000
 67.070000, 250.120000, 93.870000
 43.520000, 250.120000, 82.330000
 12.610000, 250.120000, 69.740000
-171.900000, 130.860000, 120.590000
-250.130000,-250.130000, 250.120000
 99.120000,-21.630000, 72.200000
 152.710000, 236.220000,-24.670000
 226.440000, 248.070000,-77.960000
 238.470000, 163.870000,-96.760000
 208.500000, 61.620000,-112.590000
 120.630000,-18.390000,-107.000000
 9.750000,-41.140000,-100.030000
-77.920000,-29.320000,-103.800000
-132.100000,-21.630000,-114.330000
-148.740000,-17.030000,-137.160000
-125.050000,-3.460000,-170.680000
-83.320000, 17.930000,-211.310000
-47.090000, 41.250000,-250.130000
-25.820000, 61.070000,-250.130000
-21.710000, 74.570000,-250.130000
-32.290000, 81.950000,-250.130000
-33.330000, 84.890000,-250.130000
-19.130000, 79.790000,-250.130000
-12.150000, 56.130000,-250.130000
-32.190000, 37.800000,-250.130000
-85.480000, 36.780000,-250.130000
-160.030000, 51.340000,-250.130000
-231.060000, 74.610000,-250.130000
-250.130000, 100.960000,-250.130000
-250.130000, 123.830000,-250.130000
-250.130000, 140.510000,-250.130000
-250.130000, 149.180000,-250.130000
-250.130000, 156.790000,-250.130000
-250.130000, 167.700000,-250.130000
-250.130000, 191.400000,-250.130000
-250.130000, 229.990000,-250.130000
-250.130000, 250.120000,-250.130000
-250.130000, 250.120000,-250.130000
-187.720000, 250.120000,-250.130000
-97.790000, 250.120000,-250.130000
-22.750000, 222.740000,-224.110000
 17.990000, 156.450000,-175.410000
 24.830000, 103.170000,-113.230000
 17.120000, 70.050000,-52.220000
 8.100000, 44.430000,-6.640000
-0.740000, 16.050000, 19.830000
-14.460000,-12.910000, 32.420000
-34.530000,-34.870000, 38.990000
-63.390000,-46.570000, 43.830000
-96.540000,-50.480000, 47.610000
-131.000000,-51.580000, 50.190000
-163.510000,-52.430000, 50.600000
-191.490000,-55.870000, 48.770000
-214.590000,-64.410000, 45.520000
-229.410000,-78.480000, 41.330000
-235.190000,-96.830000, 37.040000
-231.690000,-116.890000, 31.470000
-221.870000,-134.950000, 25.220000
-207.460000,-149.920000, 19.860000
-190.850000,-162.020000, 14.470000
-170.900000,-174.090000, 9.540000
-146.280000,-187.800000, 6.390000
-118.620000,-197.120000, 6.600000
-92.800000,-198.830000, 11.220000
-69.710000,-193.180000, 18.900000
-50.480000,-182.980000, 29.460000
-37.830000,-170.580000, 40.320000
-30.490000,-157.270000, 51.390000
-28.870000,-144.770000, 59.960000
-30.830000,-133.670000, 67.260000
-38.930000,-124.410000, 72.780000
-51.910000,-118.610000, 77.670000
-66.500000,-115.840000, 81.560000
-78.860000,-114.950000, 84.480000
-87.350000,-115.190000, 87.650000
-92.100000,-114.440000, 91.230000
-93.000000,-110.530000, 95.420000
-92.120000,-103.210000, 101.030000
-89.540000,-91.610000, 109.430000
-85.740000,-77.870000, 119.490000
-81.540000,-64.340000, 131.000000
-78.270000,-54.470000, 141.330000
-77.020000,-48.790000, 149.230000
-78.220000,-45.620000, 155.920000
-80.600000,-42.550000, 161.800000
-82.900000,-39.410000, 166.470000
-82.610000,-33.160000, 169.640000
-79.660000,-25.190000, 170.950000
-75.670000,-14.580000, 170.640000
-72.670000,-2.480000, 169.010000
-72.770000, 9.580000, 166.300000
-75.980000, 20.680000, 162.820000
-82.430000, 30.190000, 157.560000
-93.520000, 38.250000, 151.060000
-108.320000, 45.570000, 144.360000
-126.420000, 52.460000, 137.830000
-145.680000, 57.890000, 131.090000
-162.550000, 59.930000, 125.730000
-176.570000, 59.160000, 121.040000
-187.550000, 56.830000, 116.510000
-196.030000, 54.160000, 112.580000
-202.700000, 51.470000, 109.370000
-207.540000, 49.600000, 105.930000
-210.240000, 48.830000, 105.740000
-211.110000, 48.060000, 105.850000
-210.110000, 47.050000, 105.680000
-206.120000, 44.130000, 105.850000
-198.820000, 39.640000, 105.700000
-188.610000, 33.900000, 105.780000
-178.400000, 29.540000, 105.610000
-171.960000, 30.190000, 103.800000
-170.670000, 34.690000, 103.030000
-172.610000, 42.360000, 103.470000
-176.610000, 49.410000, 105.770000
-180.970000, 53.270000, 106.000000
-185.050000, 53.560000, 105.710000
-190.300000, 50.710000, 103.090000
-197.560000, 45.930000, 100.820000
-206.420000, 41.110000, 98.290000
-215.750000, 37.930000, 96.300000
-223.120000, 35.580000, 96.510000
-225.930000, 33.110000, 98.030000
-222.480000, 29.700000, 99.850000
-214.390000, 26.030000, 100.160000
-205.140000, 22.930000, 100.440000
-197.510000, 21.550000, 100.130000
-192.220000, 22.190000, 99.070000
-187.250000, 23.450000, 97.940000
-181.000000, 24.490000, 95.670000
-173.320000, 24.570000, 91.960000
-166.580000, 25.450000, 87.510000
-161.760000, 26.490000, 83.640000
-159.700000, 28.190000, 80.450000
-159.870000, 29.530000, 77.490000
-161.740000, 30.830000, 75.410000
-163.930000, 31.960000, 74.430000
-166.550000, 32.430000, 74.450000
-169.560000, 31.970000, 75.310000
-172.120000, 32.360000, 76.240000
-171.540000, 33.220000, 77.200000
-166.840000, 33.930000, 79.000000
-158.790000, 34.410000, 82.080000
-149.050000, 33.410000, 86.310000
-137.830000, 30.030000, 92.170000
-124.850000, 27.410000, 99.250000
-111.700000, 26.410000, 106.690000
-104.500000, 26.970000, 119.170000
-103.660000, 29.220000, 133.640000
-96.680000, 33.580000, 146.060000
-79.670000, 35.480000, 157.710000
-66.450000, 32.740000, 173.140000
-66.610000, 31.580000, 189.910000
-70.930000, 31.900000, 204.900000
-67.250000, 28.420000, 219.370000
-52.960000, 25.020000, 231.280000
-34.930000, 25.530000, 242.830000
-19.520000, 32.890000, 250.120000
-10.720000, 41.400000, 250.120000
-6.790000, 44.290000, 250.120000
-7.040000, 39.780000, 250.120000
-8.140000, 33.660000, 250.120000
-7.290000, 29.410000, 250.120000
-4.060000, 27.200000, 250.120000
 7.220000, 23.630000, 250.120000
 23.240000, 19.270000, 250.120000
 40.300000, 17.750000, 250.120000
 51.330000, 19.390000, 250.120000
 51.410000, 21.320000, 250.120000
 41.330000, 17.000000, 250.120000
 33.470000, 10.470000, 250.120000
 33.080000, 8.380000, 250.120000
 39.270000, 10.180000, 250.120000
 42.830000, 9.170000, 250.120000
 42.150000, 6.250000, 250.120000
 46.740000, 3.540000, 250.120000
 63.170000, 5.700000, 250.120000
 87.250000, 10.780000, 247.760000
 117.080000, 16.770000, 231.740000
 143.400000, 20.080000, 217.930000
 157.090000, 30.120000, 206.970000
 155.260000, 58.720000, 196.020000
 146.610000, 100.810000, 183.740000
 134.350000, 144.680000, 167.520000
 123.610000, 183.470000, 146.740000
 116.360000, 231.960000, 121.500000
 104.370000, 250.120000, 96.860000
 88.870000, 250.120000, 94.920000
 250.120000,-248.340000, 120.090000
 39.860000,-26.770000, 125.980000
-28.090000, 148.040000, 65.150000
-20.870000, 128.870000, 48.220000
 15.260000, 82.550000, 27.790000
 38.060000, 34.030000, 6.250000
 19.060000, 9.750000,-5.810000
-18.580000, 12.690000,-18.950000
-53.170000, 27.540000,-39.740000
-66.590000, 30.060000,-66.930000
-51.800000, 29.800000,-98.570000
-31.580000, 31.730000,-133.240000
-19.720000, 39.070000,-169.400000
-14.740000, 50.180000,-206.120000
-9.050000, 66.060000,-241.500000
-3.040000, 84.260000,-250.130000
 10.040000, 103.700000,-250.130000
 30.980000, 121.840000,-250.130000
 54.260000, 136.020000,-250.130000
 70.330000, 140.900000,-250.130000
 78.310000, 137.380000,-250.130000
 59.300000, 125.180000,-250.130000
 16.060000, 104.900000,-250.130000
-45.410000, 82.780000,-250.130000
-113.250000, 68.900000,-250.130000
-137.630000, 69.470000,-250.130000
-68.610000, 87.440000,-250.130000
 62.570000, 94.020000,-250.130000
 162.030000, 69.310000,-250.130000
 190.010000, 42.160000,-250.130000
 154.470000, 26.330000,-250.130000
 90.050000, 26.650000,-250.130000
 36.580000, 25.370000,-250.130000
-11.430000, 8.220000,-250.130000
-60.200000,-26.270000,-250.130000
-106.080000,-63.090000,-250.130000
-138.870000,-82.790000,-228.820000
-155.320000,-85.170000,-201.630000
-168.930000,-77.100000,-172.930000
-184.110000,-62.950000,-143.250000
-200.490000,-45.520000,-114.230000
-220.810000,-29.830000,-87.420000
-236.920000,-13.230000,-63.840000
-249.810000, 3.050000,-42.110000
-250.130000, 20.160000,-22.000000
-250.130000, 32.460000,-2.760000
-250.130000, 36.380000, 14.600000
-250.130000, 31.290000, 27.650000
-250.130000, 18.780000, 36.550000
-250.130000, 2.790000, 39.120000
-250.130000,-12.960000, 37.650000
-250.130000,-29.320000, 33.930000
-250.130000,-46.320000, 30.750000
-250.130000,-63.400000, 28.320000
-250.130000,-80.600000, 26.680000
-250.130000,-98.690000, 26.250000
-241.320000,-117.070000, 26.590000
-229.000000,-134.810000, 27.750000
-215.770000,-151.010000, 29.170000
-199.520000,-165.830000, 32.440000
-180.310000,-178.200000, 34.980000
-156.430000,-186.340000, 38.290000
-130.350000,-190.050000, 42.030000
-107.640000,-187.490000, 46.080000
-87.980000,-177.770000, 51.060000
-74.190000,-161.900000, 56.480000
-68.120000,-144.210000, 61.150000
-68.000000,-128.040000, 66.220000
-72.060000,-115.710000, 71.160000
-76.700000,-107.870000, 79.060000
-81.610000,-102.630000, 89.090000
-85.910000,-97.530000, 99.730000
-90.610000,-92.350000, 109.220000
-95.720000,-87.660000, 115.770000
-100.310000,-83.190000, 119.480000
-102.330000,-79.350000, 121.190000
-100.540000,-74.610000, 121.580000
-95.130000,-69.060000, 120.690000
-86.700000,-62.290000, 118.200000
-77.590000,-53.560000, 115.250000
-69.870000,-42.320000, 111.190000
-65.510000,-30.480000, 106.250000
-65.160000,-18.770000, 105.420000
-69.640000,-7.480000, 103.280000
-77.800000, 3.940000, 101.430000
-88.230000, 13.380000, 100.300000
-100.410000, 20.570000, 100.980000
-113.260000, 26.550000, 101.580000
-126.130000, 31.810000, 101.880000
-138.290000, 36.800000, 103.890000
-148.510000, 41.570000, 106.070000
-156.780000, 46.120000, 107.140000
-162.170000, 50.740000, 109.730000
-164.400000, 54.060000, 111.350000
-163.970000, 54.480000, 109.850000
-163.030000, 54.060000, 107.490000
-162.480000, 52.840000, 105.670000
-163.960000, 50.530000, 105.920000
-165.670000, 47.120000, 109.350000
-165.670000, 42.620000, 112.710000
-165.000000, 40.850000, 118.510000
-164.410000, 44.000000, 126.180000
-165.770000, 51.280000, 135.460000
-169.180000, 60.050000, 144.880000
-173.660000, 67.100000, 152.510000
-178.400000, 70.170000, 157.480000
-182.370000, 69.520000, 160.190000
-184.240000, 64.830000, 159.960000
-183.570000, 59.970000, 157.230000
-180.360000, 55.930000, 151.190000
-176.350000, 54.980000, 142.870000
-171.360000, 56.350000, 133.800000
-166.890000, 60.570000, 124.590000
-163.290000, 66.530000, 116.280000
-162.060000, 72.740000, 109.970000
-163.520000, 77.620000, 105.370000
-168.480000, 79.360000, 101.930000
-175.380000, 78.850000, 98.170000
-182.110000, 75.580000, 94.620000
-187.020000, 71.280000, 90.660000
-188.940000, 66.610000, 85.420000
-188.060000, 62.090000, 78.930000
-186.580000, 60.480000, 70.330000
-186.820000, 63.160000, 60.000000
-190.080000, 67.600000, 48.090000
-194.470000, 69.480000, 37.020000
-198.460000, 68.070000, 28.730000
-201.820000, 65.570000, 23.120000
-206.670000, 62.190000, 20.620000
-212.270000, 58.450000, 20.280000
-217.270000, 53.870000, 20.580000
-220.560000, 49.010000, 21.060000
-223.210000, 44.830000, 21.750000
-226.690000, 42.870000, 23.500000
-231.470000, 42.870000, 26.520000
-235.670000, 44.190000, 29.530000
-238.630000, 43.880000, 32.140000
-236.090000, 40.900000, 32.320000
-226.860000, 34.410000, 31.610000
-210.850000, 25.260000, 31.380000
-192.900000, 15.290000, 35.000000
-177.450000, 8.870000, 44.030000
-163.950000, 7.390000, 57.190000
-147.380000, 9.350000, 73.440000
-124.800000, 11.840000, 91.080000
-94.550000, 14.190000, 107.390000
-60.830000, 16.640000, 122.030000
-28.770000, 20.020000, 133.290000
-11.290000, 25.090000, 141.650000
-14.720000, 27.990000, 147.910000
-27.380000, 24.000000, 156.090000
-36.680000, 13.250000, 167.290000
-33.920000, 3.920000, 179.260000
-25.770000, 1.080000, 190.500000
-15.650000, 5.030000, 202.640000
-13.960000, 5.730000, 220.540000
-15.270000, 8.390000, 238.930000
 1.930000, 17.870000, 250.120000
 38.400000, 34.380000, 250.120000
 62.680000, 47.700000, 250.120000
 61.970000, 61.120000, 250.120000
 48.280000, 73.840000, 250.120000
 43.330000, 77.830000, 250.120000
 54.600000, 78.310000, 250.120000
 73.230000, 77.270000, 250.120000
 86.970000, 73.980000, 250.120000
 92.900000, 49.770000, 250.120000
 92.120000, 28.000000, 250.120000
 89.510000, 20.930000, 250.120000
 96.670000, 24.680000, 250.120000
 112.680000, 43.370000, 250.120000
 136.830000, 63.740000, 250.120000
 148.130000, 78.520000, 250.120000
 145.460000, 105.290000, 250.120000
 149.190000, 142.640000, 250.120000
 132.210000, 173.320000, 250.120000
 104.130000, 192.980000, 250.120000
 64.710000, 215.080000, 243.390000
 35.970000, 240.780000, 229.420000
 15.920000, 250.120000, 208.740000
 12.610000, 250.120000, 177.020000
 8.220000, 250.120000, 162.640000
-246.210000,-250.130000, 250.120000
-19.510000, 125.000000, 160.420000
 114.190000, 201.870000, 30.260000
 194.610000, 84.910000, 5.170000
 171.160000, 46.450000,-23.610000
 79.700000,-11.220000,-22.190000
-18.120000,-47.440000,-10.900000
-87.010000,-42.540000,-15.870000
-126.450000,-39.150000,-35.040000
-132.250000,-33.970000,-65.240000
-119.490000,-22.580000,-100.290000
-98.680000,-3.420000,-141.530000
-71.420000, 20.090000,-184.630000
-46.400000, 43.670000,-225.090000
-28.670000, 65.090000,-250.130000
-22.160000, 85.350000,-250.130000
-23.190000, 100.320000,-250.130000
-29.700000, 111.540000,-250.130000
-35.250000, 120.950000,-250.130000
-34.120000, 130.750000,-250.130000
-31.320000, 138.440000,-250.130000
-33.480000, 136.350000,-250.130000
-52.900000, 129.680000,-250.130000
-96.510000, 125.720000,-250.130000
-157.350000, 127.190000,-250.130000
-224.880000, 131.580000,-250.130000
-250.130000, 141.520000,-250.130000
-250.130000, 160.050000,-250.130000
-250.130000, 182.360000,-250.130000
-250.130000, 206.600000,-250.130000
-250.130000, 230.740000,-250.130000
-250.130000, 250.120000,-250.130000
-250.130000, 250.120000,-236.920000
-250.130000, 250.120000,-193.220000
-250.130000, 250.120000,-168.020000
-139.700000, 250.120000,-149.140000
-64.870000, 250.120000,-129.800000
-31.550000, 217.250000,-102.770000
-21.360000, 159.940000,-71.240000
-23.520000, 111.380000,-37.560000
-34.190000, 77.290000,-4.340000
-47.890000, 58.380000, 25.660000
-50.020000, 50.360000, 50.000000
-36.510000, 44.530000, 62.520000
-17.660000, 38.880000, 65.180000
-13.130000, 32.960000, 59.380000
-33.510000, 22.860000, 50.750000
-72.880000, 1.090000, 40.170000
-118.100000,-30.540000, 30.020000
-164.190000,-68.660000, 23.600000
-206.550000,-107.640000, 21.740000
-234.710000,-143.310000, 22.610000
-244.970000,-169.930000, 19.610000
-250.130000,-191.790000, 11.910000
-250.130000,-216.180000, 5.030000
-241.930000,-233.810000, 2.350000
-218.470000,-241.340000, 2.080000
-185.160000,-238.850000, 3.660000
-144.630000,-229.700000, 4.590000
-103.000000,-216.510000, 3.060000
-64.160000,-202.110000, 0.080000
-33.020000,-188.570000,-1.880000
-10.580000,-176.880000,-1.610000
 4.000000,-168.590000,-0.870000
 13.780000,-162.010000, 0.560000
 20.310000,-154.610000, 3.610000
 23.860000,-145.800000, 8.690000
 21.930000,-133.170000, 15.000000
 13.550000,-117.960000, 23.120000
-1.370000,-101.480000, 34.160000
-22.700000,-86.090000, 48.590000
-48.320000,-73.840000, 63.380000
-72.160000,-66.700000, 77.280000
-93.450000,-67.780000, 89.420000
-110.150000,-71.480000, 99.340000
-123.420000,-74.160000, 106.600000
-133.530000,-72.610000, 113.870000
-135.390000,-65.820000, 117.110000
-128.770000,-57.290000, 118.260000
-113.880000,-48.580000, 119.060000
-96.290000,-38.830000, 121.480000
-82.620000,-27.160000, 125.450000
-77.190000,-14.640000, 130.580000
-80.700000,-3.830000, 136.140000
-90.510000, 3.550000, 142.190000
-103.240000, 6.110000, 149.410000
-116.110000, 6.930000, 156.860000
-127.520000, 7.720000, 164.350000
-136.240000, 10.790000, 170.420000
-141.650000, 16.590000, 174.760000
-143.250000, 24.290000, 178.060000
-143.800000, 31.910000, 181.490000
-143.580000, 39.230000, 184.660000
-143.550000, 46.260000, 188.020000
-145.930000, 51.580000, 191.770000
-151.000000, 54.800000, 195.900000
-156.630000, 56.750000, 199.670000
-162.100000, 57.110000, 202.870000
-166.500000, 57.220000, 205.830000
-167.050000, 58.760000, 209.050000
-165.350000, 60.450000, 210.670000
-161.960000, 61.660000, 208.290000
-158.550000, 61.290000, 201.660000
-152.530000, 61.030000, 191.640000
-143.640000, 60.250000, 179.220000
-134.050000, 59.230000, 164.480000
-126.150000, 61.290000, 149.710000
-123.290000, 68.640000, 138.170000
-127.000000, 80.640000, 131.450000
-135.080000, 94.060000, 128.590000
-145.980000, 102.330000, 126.680000
-157.050000, 105.470000, 123.870000
-168.390000, 103.290000, 119.470000
-179.430000, 98.060000, 113.220000
-188.750000, 89.480000, 107.220000
-194.350000, 84.770000, 102.640000
-195.170000, 80.560000, 98.480000
-191.930000, 80.750000, 95.380000
-183.610000, 82.900000, 90.960000
-171.640000, 88.830000, 85.370000
-161.800000, 91.440000, 77.230000
-156.590000, 96.610000, 68.670000
-157.730000, 99.640000, 61.240000
-162.220000, 100.660000, 55.830000
-167.740000, 99.400000, 51.580000
-172.150000, 95.060000, 46.860000
-175.320000, 88.820000, 42.580000
-177.480000, 83.800000, 38.000000
-179.540000, 78.740000, 33.930000
-181.160000, 75.960000, 31.020000
-180.910000, 74.560000, 29.740000
-179.060000, 72.960000, 29.800000
-177.270000, 69.200000, 30.950000
-177.320000, 63.480000, 33.630000
-179.380000, 60.100000, 34.580000
-183.480000, 57.840000, 34.510000
-186.870000, 56.000000, 34.700000
-184.340000, 52.080000, 35.770000
-172.770000, 46.010000, 40.090000
-162.940000, 35.510000, 49.420000
-164.020000, 22.490000, 64.250000
-168.330000, 8.380000, 83.390000
-161.940000,-5.210000, 105.530000
-131.140000,-15.290000, 125.760000
-77.410000,-18.540000, 145.950000
-18.610000,-14.550000, 166.050000
 21.400000,-8.870000, 185.580000
 36.030000,-3.860000, 204.050000
 35.260000,-2.540000, 221.740000
 27.290000,-6.540000, 238.310000
 25.290000,-8.090000, 250.120000
 34.590000,-4.650000, 250.120000
 54.110000, 1.640000, 250.120000
 62.750000,-3.600000, 250.120000
 49.240000,-8.110000, 250.120000
 45.450000, 2.930000, 250.120000
 60.700000, 17.290000, 250.120000
 75.990000, 26.230000, 250.120000
 87.090000, 32.810000, 250.120000
 93.930000, 44.250000, 250.120000
 98.380000, 58.510000, 250.120000
 104.530000, 72.760000, 250.120000
 113.170000, 81.730000, 250.120000
 114.160000, 83.770000, 250.120000
 111.060000, 89.320000, 250.120000
 108.230000, 103.530000, 250.120000
 105.290000, 121.390000, 250.120000
 101.650000, 130.350000, 250.120000
 93.030000, 134.490000, 250.120000
 76.100000, 140.690000, 250.120000
 58.940000, 153.260000, 250.120000
 46.320000, 164.000000, 245.940000
 33.120000, 180.050000, 232.540000
 14.980000, 195.640000, 215.110000
-3.460000, 207.250000, 193.580000
-14.780000, 219.530000, 171.500000
 65.660000, 223.350000, 111.700000
 250.120000,-250.130000, 89.220000
-92.570000, 96.290000, 97.580000
-11.070000, 154.350000, 55.130000
 15.900000, 19.290000, 39.580000
 59.670000,-25.550000, 23.630000
 19.010000,-16.220000, 0.110000
-47.630000,-2.290000,-17.890000
-58.890000, 16.350000,-36.020000
-59.620000, 30.420000,-57.140000
-69.460000, 39.190000,-87.570000
-66.730000, 45.220000,-115.100000
-62.590000, 46.990000,-139.000000
-62.430000, 49.830000,-164.740000
-62.770000, 58.030000,-192.900000
-56.480000, 71.880000,-221.450000
-46.320000, 90.230000,-250.130000
-40.960000, 109.160000,-250.130000
-41.240000, 128.800000,-250.130000
-38.530000, 148.190000,-250.130000
-15.430000, 170.780000,-250.130000
 12.690000, 190.840000,-250.130000
 20.290000, 199.680000,-250.130000
-5.830000, 193.100000,-250.130000
-69.120000, 170.800000,-250.130000
-156.490000, 143.810000,-250.130000
-250.130000, 122.450000,-250.130000
-250.130000, 118.770000,-250.130000
-250.130000, 128.450000,-250.130000
-250.130000, 151.560000,-250.130000
-250.130000, 179.000000,-250.130000
-250.130000, 201.380000,-250.130000
-250.130000, 223.600000,-248.220000
-250.130000, 246.220000,-217.040000
-169.950000, 250.120000,-198.380000
-12.640000, 250.120000,-188.400000
 99.480000, 250.120000,-181.570000
 151.830000, 239.520000,-173.030000
 155.260000, 197.140000,-159.390000
 131.290000, 149.190000,-139.730000
 90.480000, 101.330000,-113.990000
 38.990000, 60.770000,-84.680000
-11.590000, 26.580000,-56.540000
-51.800000,-4.480000,-34.350000
-78.180000,-30.070000,-17.810000
-93.670000,-47.190000,-5.480000
-102.670000,-56.270000, 4.510000
-110.190000,-60.780000, 12.700000
-117.760000,-64.520000, 18.940000
-127.570000,-69.670000, 22.930000
-139.530000,-76.830000, 24.930000
-151.640000,-87.640000, 26.240000
-161.940000,-102.300000, 26.920000
-170.380000,-119.530000, 28.960000
-176.130000,-135.640000, 31.940000
-179.090000,-149.090000, 36.270000
-177.710000,-160.120000, 42.060000
-171.860000,-168.600000, 48.790000
-160.600000,-174.340000, 56.370000
-146.100000,-177.880000, 63.830000
-128.270000,-179.420000, 70.690000
-110.100000,-178.620000, 76.200000
-92.270000,-175.360000, 80.590000
-74.720000,-170.240000, 84.870000
-59.180000,-163.280000, 89.190000
-46.800000,-154.920000, 93.920000
-38.380000,-145.370000, 98.800000
-36.260000,-135.010000, 104.800000
-39.930000,-126.450000, 110.230000
-46.920000,-120.030000, 117.580000
-54.380000,-114.730000, 125.430000
-61.460000,-108.840000, 134.430000
-69.120000,-102.120000, 144.960000
-76.800000,-94.570000, 154.690000
-81.090000,-88.580000, 163.030000
-81.110000,-83.630000, 170.000000
-76.280000,-77.700000, 175.960000
-67.410000,-67.960000, 181.350000
-58.950000,-54.290000, 185.930000
-49.410000,-37.290000, 186.910000
-37.460000,-20.540000, 183.850000
-25.210000,-3.090000, 178.390000
-15.930000, 15.630000, 171.300000
-12.470000, 35.230000, 165.590000
-17.810000, 53.360000, 159.970000
-29.560000, 68.640000, 154.760000
-45.960000, 79.620000, 147.930000
-63.560000, 86.760000, 140.700000
-81.860000, 88.720000, 132.900000
-101.260000, 88.670000, 125.080000
-121.840000, 93.220000, 118.370000
-142.100000, 96.620000, 112.580000
-161.470000, 100.120000, 108.720000
-177.580000, 103.450000, 105.060000
-189.390000, 106.220000, 100.480000
-196.980000, 108.790000, 96.800000
-201.330000, 111.740000, 94.090000
-204.520000, 115.010000, 93.230000
-209.420000, 118.430000, 94.900000
-216.510000, 121.350000, 97.570000
-225.090000, 121.550000, 102.220000
-232.110000, 116.150000, 106.430000
-232.900000, 104.620000, 109.000000
-226.940000, 88.260000, 110.680000
-216.040000, 80.830000, 111.710000
-202.780000, 79.030000, 112.800000
-193.800000, 81.460000, 111.710000
-185.430000, 84.180000, 108.710000
-176.180000, 86.080000, 105.370000
-166.160000, 84.410000, 104.960000
-156.380000, 79.690000, 101.150000
-149.060000, 73.770000, 98.050000
-147.520000, 69.230000, 95.420000
-149.200000, 65.940000, 93.530000
-150.840000, 62.940000, 91.350000
-148.760000, 61.320000, 89.580000
-144.350000, 59.810000, 88.030000
-139.090000, 58.620000, 86.510000
-135.120000, 58.000000, 85.000000
-133.060000, 57.210000, 82.880000
-134.330000, 56.160000, 78.630000
-137.570000, 55.790000, 72.950000
-140.740000, 57.030000, 66.550000
-142.740000, 59.320000, 60.210000
-144.160000, 62.070000, 53.750000
-144.400000, 64.930000, 47.290000
-143.670000, 67.160000, 41.090000
-144.100000, 68.930000, 35.340000
-146.820000, 70.610000, 29.330000
-152.600000, 72.060000, 23.920000
-160.290000, 72.480000, 18.550000
-167.410000, 71.510000, 14.770000
-172.390000, 69.720000, 13.410000
-174.040000, 67.030000, 14.980000
-172.800000, 63.810000, 18.740000
-171.090000, 60.470000, 22.560000
-170.980000, 57.380000, 24.980000
-172.800000, 53.360000, 26.770000
-182.250000, 48.880000, 31.190000
-190.950000, 43.070000, 42.570000
-190.370000, 34.770000, 65.450000
-174.480000, 23.830000, 98.300000
-141.550000, 16.980000, 130.350000
-100.100000, 17.450000, 155.810000
-63.060000, 22.570000, 174.750000
-38.690000, 26.850000, 191.910000
-30.300000, 28.290000, 212.510000
-26.960000, 28.370000, 233.120000
-29.060000, 27.810000, 250.120000
-36.400000, 24.970000, 250.120000
-45.140000, 19.280000, 250.120000
-40.960000, 20.240000, 250.120000
-20.810000, 26.620000, 250.120000
 5.440000, 30.580000, 250.120000
 26.130000, 33.430000, 250.120000
 39.230000, 40.850000, 250.120000
 43.700000, 48.060000, 250.120000
 46.960000, 53.370000, 250.120000
 52.290000, 59.480000, 250.120000
 57.410000, 68.070000, 250.120000
 60.800000, 85.310000, 250.120000
 68.600000, 111.600000, 250.120000
 76.280000, 125.700000, 250.120000
 70.740000, 126.960000, 250.120000
 57.470000, 117.670000, 250.120000
 51.340000, 108.520000, 250.120000
 59.660000, 106.080000, 250.120000
 69.260000, 100.500000, 250.120000
 80.830000, 94.410000, 237.920000
 81.640000, 88.740000, 219.000000
 78.690000, 111.530000, 198.850000
 68.110000, 151.160000, 177.800000
 51.690000, 190.020000, 155.250000
 40.090000, 224.920000, 131.560000
 34.930000, 250.120000, 107.860000
 15.960000, 250.120000, 100.850000
 250.120000,-250.130000, 57.520000
-167.530000, 52.880000, 143.780000
-19.250000, 124.410000, 110.710000
 32.280000,-26.220000, 83.250000
 17.660000,-34.410000, 41.420000
-17.590000,-8.740000, 29.510000
-50.900000,-2.670000, 23.670000
-46.660000,-0.340000, 0.730000
-21.350000, 18.800000,-38.060000
-6.570000, 29.690000,-74.640000
-4.970000, 29.350000,-103.350000
-14.120000, 28.530000,-131.170000
-33.960000, 31.680000,-161.360000
-54.940000, 42.210000,-190.960000
-69.970000, 59.610000,-217.460000
-83.000000, 82.450000,-241.150000
-89.860000, 106.190000,-250.130000
-89.990000, 131.510000,-250.130000
-87.410000, 150.950000,-250.130000
-85.240000, 163.350000,-250.130000
-85.130000, 169.860000,-250.130000
-90.110000, 173.220000,-250.130000
-109.930000, 173.690000,-250.130000
-140.830000, 170.480000,-250.130000
-184.640000, 169.300000,-250.130000
-237.180000, 175.660000,-250.130000
-250.130000, 191.580000,-250.130000
-250.130000, 211.140000,-250.130000
-250.130000, 228.590000,-250.130000
-250.130000, 237.600000,-250.130000
-217.610000, 238.790000,-250.130000
-145.490000, 236.350000,-250.130000
-78.770000, 225.960000,-250.130000
-27.120000, 214.810000,-250.130000
 2.920000, 195.750000,-250.130000
 23.540000, 167.260000,-250.130000
 32.900000, 149.810000,-250.130000
 32.880000, 148.190000,-205.200000
 28.140000, 147.610000,-133.630000
 21.880000, 131.120000,-75.510000
 16.500000, 98.170000,-37.130000
 8.710000, 55.770000,-16.020000
-4.870000, 11.350000,-5.380000
-24.490000,-27.830000, 0.530000
-51.710000,-57.340000, 6.220000
-80.790000,-76.770000, 13.120000
-106.870000,-87.780000, 21.150000
-126.430000,-92.090000, 29.350000
-139.100000,-94.970000, 37.330000
-145.380000,-101.330000, 45.720000
-148.800000,-113.030000, 54.120000
-150.230000,-128.150000, 63.000000
-149.800000,-145.100000, 72.000000
-146.800000,-162.580000, 80.640000
-139.830000,-178.190000, 88.610000
-130.560000,-190.190000, 95.740000
-119.640000,-196.790000, 101.600000
-105.770000,-199.410000, 106.270000
-87.380000,-199.290000, 111.440000
-66.690000,-193.540000, 118.380000
-53.840000,-180.090000, 128.580000
-51.430000,-163.220000, 142.620000
-52.020000,-156.700000, 156.040000
-40.710000,-155.480000, 167.450000
-28.050000,-148.370000, 176.080000
-27.670000,-127.950000, 180.840000
-37.900000,-92.180000, 178.500000
-51.480000,-49.410000, 169.320000
-66.080000,-11.630000, 153.530000
-83.210000, 10.660000, 134.480000
-103.510000, 17.240000, 117.960000
-126.580000, 13.150000, 105.500000
-152.050000, 4.110000, 103.230000
-178.130000,-6.190000, 102.120000
-200.660000,-15.090000, 105.920000
-217.000000,-23.120000, 106.970000
-223.190000,-29.060000, 109.170000
-219.230000,-31.760000, 110.120000
-207.350000,-31.010000, 108.060000
-192.700000,-27.620000, 105.600000
-177.070000,-21.810000, 102.830000
-162.540000,-14.560000, 95.980000
-150.040000,-5.450000, 90.390000
-142.270000, 1.920000, 87.960000
-139.490000, 7.560000, 88.340000
-140.640000, 11.990000, 90.740000
-146.160000, 14.320000, 94.080000
-154.800000, 14.520000, 97.710000
-165.000000, 13.660000, 100.530000
-174.110000, 12.300000, 102.250000
-181.900000, 11.340000, 103.920000
-187.200000, 11.900000, 105.820000
-189.660000, 13.440000, 104.550000
-189.580000, 15.530000, 101.610000
-186.480000, 17.400000, 97.910000
-181.670000, 18.690000, 94.530000
-175.030000, 19.310000, 91.400000
-167.780000, 19.740000, 89.370000
-160.460000, 20.740000, 88.710000
-153.610000, 21.660000, 89.640000
-147.230000, 21.470000, 90.940000
-141.060000, 20.700000, 92.700000
-133.220000, 17.730000, 94.300000
-125.400000, 13.100000, 95.590000
-118.880000, 9.850000, 96.180000
-115.060000, 9.960000, 97.450000
-114.770000, 14.900000, 99.570000
-116.990000, 23.110000, 103.340000
-119.830000, 30.310000, 106.040000
-123.060000, 35.330000, 105.820000
-127.240000, 36.650000, 105.700000
-133.030000, 35.970000, 103.100000
-138.900000, 34.250000, 101.190000
-143.680000, 32.060000, 96.990000
-145.940000, 29.840000, 91.940000
-145.820000, 29.120000, 86.060000
-144.480000, 31.450000, 80.670000
-144.040000, 35.930000, 77.310000
-143.550000, 40.620000, 75.480000
-144.460000, 44.020000, 74.880000
-147.790000, 44.690000, 74.360000
-152.800000, 44.330000, 74.300000
-158.610000, 43.130000, 72.840000
-163.880000, 42.190000, 69.080000
-167.870000, 42.560000, 63.000000
-171.230000, 43.580000, 54.880000
-171.940000, 44.020000, 45.090000
-170.050000, 43.870000, 35.870000
-165.740000, 43.250000, 27.900000
-160.480000, 43.360000, 21.530000
-157.580000, 44.180000, 16.290000
-160.450000, 43.380000, 12.030000
-161.670000, 43.910000, 10.080000
-157.590000, 46.810000, 9.110000
-152.000000, 48.680000, 10.450000
-148.760000, 47.800000, 14.740000
-149.120000, 46.030000, 21.320000
-152.270000, 45.430000, 28.700000
-157.930000, 47.000000, 35.540000
-164.640000, 47.950000, 40.390000
-169.770000, 46.270000, 41.660000
-173.690000, 42.550000, 39.670000
-178.340000, 39.350000, 35.000000
-183.870000, 36.250000, 29.340000
-187.420000, 33.190000, 24.410000
-185.250000, 29.670000, 20.870000
-177.900000, 26.250000, 19.050000
-169.510000, 24.110000, 21.770000
-162.830000, 22.780000, 30.270000
-157.440000, 20.990000, 43.340000
-148.990000, 16.570000, 58.080000
-136.160000, 8.520000, 70.940000
-118.290000, 0.510000, 80.130000
-100.240000,-7.110000, 85.310000
-86.670000,-15.570000, 87.750000
-75.000000,-25.700000, 88.960000
-57.890000,-30.760000, 91.430000
-37.320000,-34.800000, 96.810000
-16.600000,-41.270000, 105.370000
-3.400000,-47.540000, 118.090000
-3.490000,-44.190000, 136.920000
-12.300000,-32.760000, 159.450000
-19.200000,-17.850000, 182.580000
-20.200000,-4.830000, 202.170000
-19.480000, 1.230000, 219.770000
-19.000000, 4.540000, 239.840000
-17.160000, 15.400000, 250.120000
-1.830000, 35.240000, 250.120000
 24.840000, 51.010000, 250.120000
 60.450000, 65.130000, 250.120000
 86.930000, 76.300000, 250.120000
 89.110000, 89.440000, 250.120000
 84.020000, 102.220000, 250.120000
 87.320000, 114.760000, 250.120000
 99.790000, 119.350000, 250.120000
 109.070000, 126.890000, 250.120000
 104.390000, 146.610000, 250.120000
 101.610000, 160.200000, 250.120000
 98.290000, 170.100000, 250.120000
 92.320000, 163.010000, 250.120000
 91.920000, 157.250000, 250.120000
 88.690000, 169.220000, 250.120000
 82.060000, 191.900000, 250.120000
 74.360000, 203.400000, 250.120000
 75.870000, 203.450000, 250.120000
 82.450000, 217.450000, 234.610000
 68.760000, 250.120000, 203.030000
 51.230000, 250.120000, 175.010000
 55.320000, 250.120000, 147.110000
 51.350000, 250.120000, 121.160000
 250.120000, 14.060000, 44.660000
 2.950000,-145.830000, 130.090000
 4.020000, 170.440000, 100.010000
-37.380000, 44.590000, 50.130000
 9.760000,-23.800000, 31.120000
 32.780000,-31.800000, 19.060000
 1.960000,-28.260000, 14.680000
-51.610000,-16.850000,-5.080000
-77.250000,-0.800000,-34.250000
-77.920000, 8.470000,-68.010000
-70.720000, 11.030000,-102.620000
-67.740000, 12.990000,-135.980000
-72.580000, 15.540000,-170.210000
-83.700000, 21.680000,-206.170000
-95.970000, 34.140000,-242.850000
-103.350000, 52.870000,-250.130000
-106.180000, 73.800000,-250.130000
-100.960000, 94.800000,-250.130000
-88.430000, 114.720000,-250.130000
-77.520000, 129.030000,-250.130000
-71.930000, 137.820000,-250.130000
-79.190000, 141.320000,-250.130000
-98.840000, 138.370000,-250.130000
-130.350000, 133.700000,-250.130000
-175.810000, 130.440000,-250.130000
-237.580000, 124.920000,-250.130000
-250.130000, 120.460000,-250.130000
-250.130000, 124.550000,-250.130000
-250.130000, 135.930000,-250.130000
-250.130000, 158.180000,-250.130000
-250.130000, 192.280000,-250.130000
-211.190000, 234.620000,-250.130000
-167.380000, 250.120000,-250.130000
-135.380000, 250.120000,-250.130000
-110.490000, 250.120000,-250.130000
-82.200000, 250.120000,-250.130000
-45.120000, 236.600000,-250.130000
-10.450000, 191.380000,-223.690000
 22.580000, 153.170000,-160.330000
 54.030000, 122.290000,-101.300000
 81.250000, 92.850000,-58.500000
 96.450000, 60.280000,-33.580000
 95.580000, 24.370000,-20.060000
 76.430000,-10.090000,-12.170000
 41.350000,-39.540000,-7.280000
-5.360000,-64.250000,-3.640000
-58.480000,-83.840000,-1.380000
-111.890000,-99.550000, 0.820000
-158.220000,-111.260000, 3.000000
-191.910000,-122.100000, 5.630000
-209.270000,-134.950000, 9.320000
-211.510000,-150.630000, 15.280000
-204.830000,-167.880000, 23.360000
-194.400000,-185.230000, 33.030000
-182.180000,-202.570000, 44.250000
-168.020000,-218.990000, 56.040000
-151.140000,-230.690000, 68.090000
-135.790000,-231.100000, 83.250000
-128.850000,-219.000000, 104.400000
-132.900000,-204.200000, 125.770000
-143.310000,-188.120000, 146.000000
-152.920000,-175.870000, 161.190000
-160.460000,-167.070000, 170.890000
-160.750000,-168.350000, 174.940000
-151.720000,-174.280000, 176.800000
-135.240000,-171.830000, 179.450000
-122.120000,-159.230000, 180.590000
-112.600000,-141.430000, 180.440000
-102.920000,-124.720000, 177.070000
-92.530000,-110.800000, 171.640000
-83.800000,-98.730000, 166.090000
-77.740000,-90.320000, 161.340000
-73.560000,-87.630000, 158.160000
-70.350000,-85.640000, 155.820000
-68.460000,-79.070000, 153.710000
-69.420000,-71.290000, 151.340000
-68.140000,-63.680000, 147.870000
-65.800000,-55.800000, 144.070000
-64.670000,-43.750000, 142.000000
-67.930000,-27.930000, 141.130000
-76.730000,-11.000000, 140.410000
-87.630000, 4.460000, 137.470000
-98.080000, 15.250000, 132.670000
-106.780000, 22.640000, 126.880000
-116.270000, 28.640000, 122.220000
-126.160000, 33.850000, 118.320000
-135.910000, 39.060000, 115.050000
-143.380000, 43.670000, 111.670000
-148.030000, 47.710000, 108.220000
-149.160000, 51.930000, 104.920000
-147.960000, 55.860000, 98.950000
-146.360000, 60.380000, 94.760000
-144.900000, 65.070000, 90.800000
-144.850000, 69.610000, 86.830000
-146.370000, 72.830000, 83.030000
-149.700000, 74.890000, 79.510000
-154.610000, 75.220000, 76.730000
-160.590000, 74.920000, 75.290000
-162.720000, 73.990000, 73.320000
-160.610000, 73.880000, 69.850000
-159.040000, 75.280000, 67.010000
-162.620000, 78.510000, 66.440000
-169.100000, 80.730000, 69.720000
-175.580000, 79.120000, 74.610000
-177.880000, 71.900000, 79.700000
-174.480000, 60.340000, 83.500000
-167.740000, 48.330000, 84.940000
-162.480000, 37.590000, 83.540000
-160.960000, 30.330000, 79.290000
-160.700000, 25.730000, 73.870000
-156.990000, 23.960000, 68.870000
-150.170000, 24.960000, 64.400000
-141.060000, 27.790000, 60.350000
-134.410000, 31.700000, 57.030000
-134.610000, 35.130000, 54.520000
-142.110000, 37.600000, 54.300000
-152.620000, 38.510000, 54.410000
-162.650000, 37.040000, 54.370000
-170.030000, 34.260000, 52.410000
-175.390000, 32.480000, 48.510000
-180.470000, 31.960000, 42.690000
-184.230000, 32.040000, 36.430000
-185.820000, 32.320000, 30.380000
-185.140000, 31.410000, 25.080000
-183.260000, 28.810000, 21.180000
-181.500000, 26.320000, 18.350000
-182.900000, 24.610000, 16.280000
-186.740000, 23.500000, 15.510000
-191.110000, 23.450000, 14.730000
-193.190000, 23.280000, 14.120000
-193.420000, 22.300000, 13.580000
-193.510000, 21.350000, 13.630000
-193.540000, 19.790000, 13.870000
-193.630000, 17.610000, 14.130000
-194.380000, 14.700000, 14.870000
-196.730000, 12.530000, 16.630000
-200.000000, 11.410000, 19.000000
-203.960000, 11.660000, 22.540000
-207.280000, 11.190000, 26.250000
-207.270000, 8.740000, 29.790000
-203.900000, 4.620000, 33.930000
-196.930000, 0.140000, 37.410000
-188.920000,-2.720000, 40.290000
-181.820000,-3.610000, 42.380000
-175.080000,-3.290000, 44.920000
-166.410000,-4.520000, 48.870000
-154.290000,-7.830000, 53.780000
-140.450000,-12.550000, 59.750000
-126.960000,-17.200000, 65.280000
-115.740000,-19.730000, 68.620000
-106.950000,-19.540000, 69.410000
-98.190000,-18.670000, 68.030000
-88.030000,-15.960000, 67.340000
-78.110000,-14.540000, 69.890000
-67.480000,-14.150000, 75.760000
-54.990000,-13.880000, 85.320000
-40.080000,-12.190000, 95.510000
-26.610000,-9.710000, 104.140000
-22.700000,-6.530000, 111.740000
-42.410000,-10.410000, 125.300000
-69.070000,-16.320000, 142.410000
-76.070000,-19.960000, 159.860000
-58.260000,-18.500000, 179.430000
-31.250000,-9.220000, 199.900000
-14.110000, 1.690000, 218.940000
-12.120000, 4.610000, 237.360000
-9.600000,-0.650000, 250.120000
 1.250000,-14.060000, 250.120000
 24.910000,-26.040000, 250.120000
 53.430000,-21.180000, 250.120000
 71.800000, 2.490000, 250.120000
 70.630000, 10.730000, 250.120000
 66.960000, 5.930000, 250.120000
 72.410000, 14.040000, 250.120000
 90.860000, 38.060000, 250.120000
 106.000000, 50.690000, 250.120000
 112.620000, 56.660000, 250.120000
 126.350000, 68.640000, 250.120000
 135.770000, 84.710000, 250.120000
 128.800000, 98.670000, 250.120000
 113.850000, 110.840000, 250.120000
 107.140000, 123.740000, 250.120000
 109.980000, 138.670000, 250.120000
 102.530000, 153.030000, 250.120000
 88.410000, 168.790000, 250.120000
 74.320000, 183.790000, 250.120000
 71.450000, 192.650000, 250.120000
 78.830000, 210.320000, 247.290000
 76.110000, 246.720000, 223.000000
 64.290000, 250.120000, 198.300000
 51.510000, 250.120000, 174.940000
 36.250000, 250.120000, 152.320000
 159.670000, 46.860000, 18.430000
 250.120000,-154.280000, 102.000000
-50.320000, 47.440000, 112.970000
-68.760000, 110.430000, 53.240000
-18.440000, 86.160000, 42.670000
 14.320000,-1.190000, 31.180000
 7.360000,-36.450000, 14.120000
-45.190000,-44.290000, 1.300000
-69.960000,-15.960000,-23.120000
-61.290000, 10.290000,-54.730000
-52.490000, 17.370000,-87.060000
-41.820000, 23.280000,-117.000000
-35.070000, 29.090000,-146.230000
-41.300000, 33.540000,-177.650000
-52.310000, 44.070000,-210.410000
-63.480000, 61.150000,-243.320000
-64.390000, 82.070000,-250.130000
-60.060000, 103.220000,-250.130000
-54.990000, 116.370000,-250.130000
-55.700000, 122.200000,-250.130000
-64.910000, 127.450000,-250.130000
-79.770000, 134.050000,-250.130000
-106.480000, 140.160000,-250.130000
-145.720000, 144.460000,-250.130000
-194.320000, 140.460000,-250.130000
-229.970000, 132.740000,-250.130000
-237.270000, 127.040000,-250.130000
-228.700000, 135.490000,-250.130000
-229.700000, 160.150000,-250.130000
-235.400000, 187.800000,-250.130000
-220.410000, 211.930000,-250.130000
-186.160000, 231.690000,-250.130000
-144.820000, 250.120000,-250.130000
-119.900000, 250.120000,-250.130000
-110.410000, 250.120000,-250.130000
-101.350000, 240.890000,-250.130000
-93.000000, 201.430000,-250.130000
-86.510000, 163.430000,-235.710000
-74.620000, 129.540000,-170.100000
-49.510000, 96.340000,-110.430000
-15.330000, 63.430000,-66.770000
 15.170000, 30.140000,-38.960000
 28.540000,-1.560000,-22.610000
 20.000000,-29.780000,-13.620000
-8.240000,-51.770000,-8.430000
-51.730000,-68.980000,-4.810000
-105.520000,-82.880000,-2.690000
-163.120000,-95.890000,-0.270000
-216.630000,-110.030000, 3.430000
-250.130000,-127.360000, 7.530000
-250.130000,-149.240000, 13.110000
-250.130000,-173.500000, 21.270000
-250.130000,-197.170000, 29.930000
-227.740000,-219.060000, 40.090000
-195.900000,-237.030000, 51.860000
-160.060000,-250.130000, 63.700000
-122.010000,-250.130000, 75.300000
-84.350000,-250.130000, 85.850000
-48.450000,-250.130000, 94.890000
-18.290000,-238.610000, 104.670000
 2.870000,-220.580000, 112.760000
 12.220000,-198.590000, 120.510000
 8.830000,-176.740000, 127.580000
-0.740000,-164.100000, 132.270000
-7.590000,-160.220000, 134.890000
-14.470000,-154.040000, 137.900000
-29.100000,-140.260000, 142.030000
-50.220000,-120.790000, 148.430000
-71.560000,-103.860000, 153.230000
-87.270000,-95.060000, 157.380000
-96.270000,-89.830000, 160.220000
-101.230000,-86.700000, 163.000000
-102.960000,-82.250000, 165.400000
-98.580000,-76.120000, 166.370000
-87.120000,-69.380000, 166.530000
-72.320000,-61.060000, 168.330000
-60.270000,-48.880000, 171.810000
-53.490000,-33.770000, 176.550000
-51.240000,-16.230000, 180.150000
-52.190000, 0.190000, 181.480000
-54.640000, 12.540000, 180.190000
-57.980000, 21.240000, 178.230000
-62.090000, 27.640000, 176.320000
-68.140000, 34.370000, 174.450000
-75.430000, 42.680000, 172.200000
-82.540000, 51.730000, 169.420000
-88.850000, 60.760000, 166.740000
-95.250000, 68.630000, 164.360000
-101.950000, 76.590000, 161.590000
-109.290000, 85.100000, 159.160000
-117.740000, 93.500000, 156.460000
-126.320000, 100.140000, 153.770000
-134.750000, 106.900000, 150.060000
-142.380000, 112.900000, 145.450000
-149.080000, 118.410000, 140.060000
-155.270000, 124.080000, 133.820000
-163.660000, 129.280000, 127.970000
-174.650000, 133.280000, 122.510000
-187.450000, 134.380000, 117.660000
-199.880000, 130.920000, 114.060000
-208.240000, 123.580000, 110.860000
-212.110000, 114.290000, 107.380000
-210.810000, 105.550000, 105.540000
-206.540000, 98.720000, 105.510000
-200.020000, 93.640000, 105.210000
-193.070000, 83.510000, 106.410000
-185.090000, 67.860000, 112.790000
-172.300000, 58.330000, 115.420000
-160.670000, 53.780000, 113.450000
-150.730000, 53.740000, 106.470000
-143.380000, 54.770000, 97.180000
-137.980000, 56.020000, 88.000000
-133.540000, 57.720000, 78.350000
-130.650000, 61.060000, 70.530000
-129.720000, 64.760000, 64.320000
-130.900000, 66.360000, 60.480000
-134.310000, 65.770000, 58.590000
-139.320000, 63.680000, 59.080000
-144.810000, 61.000000, 59.620000
-149.420000, 58.560000, 59.890000
-152.220000, 57.560000, 59.310000
-155.340000, 57.990000, 56.900000
-159.100000, 60.190000, 52.530000
-164.600000, 63.280000, 47.510000
-169.540000, 65.270000, 42.220000
-174.050000, 65.320000, 37.230000
-178.160000, 63.850000, 32.970000
-182.540000, 62.890000, 30.100000
-188.720000, 62.480000, 28.080000
-196.460000, 63.110000, 27.420000
-203.360000, 62.910000, 27.190000
-207.220000, 61.900000, 27.210000
-207.920000, 59.330000, 27.550000
-206.370000, 56.410000, 27.690000
-204.370000, 54.610000, 29.090000
-203.250000, 52.980000, 31.560000
-202.350000, 51.440000, 35.280000
-201.350000, 49.400000, 39.100000
-198.610000, 47.190000, 43.310000
-192.900000, 43.740000, 49.270000
-183.800000, 39.700000, 57.830000
-172.080000, 34.750000, 67.470000
-157.860000, 32.440000, 75.940000
-144.250000, 33.330000, 82.430000
-133.560000, 35.830000, 89.470000
-125.700000, 36.960000, 98.500000
-117.150000, 33.900000, 111.030000
-107.160000, 25.830000, 124.000000
-93.000000, 18.580000, 136.870000
-77.480000, 16.680000, 147.920000
-69.400000, 16.510000, 157.000000
-68.070000, 15.200000, 167.610000
-62.570000, 14.800000, 177.790000
-47.030000, 14.640000, 185.250000
-22.700000, 18.450000, 192.000000
-2.800000, 26.090000, 201.730000
-6.250000, 28.440000, 218.350000
-27.920000, 23.000000, 238.480000
-43.150000, 16.830000, 250.120000
-41.240000, 15.480000, 250.120000
-25.150000, 19.510000, 250.120000
 0.540000, 29.520000, 250.120000
 24.810000, 38.280000, 250.120000
 37.960000, 41.140000, 250.120000
 44.810000, 44.380000, 250.120000
 45.680000, 48.380000, 250.120000
 51.240000, 52.160000, 250.120000
 66.580000, 53.510000, 250.120000
 78.400000, 51.450000, 250.120000
 90.480000, 53.800000, 250.120000
 102.170000, 60.800000, 250.120000
 112.650000, 67.630000, 250.120000
 120.160000, 75.260000, 250.120000
 125.270000, 77.240000, 250.120000
 118.210000, 72.290000, 250.120000
 115.200000, 78.430000, 250.120000
 107.710000, 95.090000, 250.120000
 99.490000, 111.500000, 250.120000
 91.190000, 129.930000, 227.340000
 85.280000, 158.340000, 199.410000
 80.150000, 196.890000, 168.920000
 74.360000, 245.310000, 136.620000
 68.930000, 250.120000, 103.230000
 57.600000, 250.120000, 74.170000
 221.410000, 250.120000,-40.290000
 250.120000,-250.130000, 85.410000
-39.130000, 39.120000, 68.760000
-60.680000, 84.110000, 15.830000
 45.500000, 20.160000,-8.940000
 75.540000,-17.870000,-45.800000
 92.470000,-21.370000,-63.180000
 59.060000,-19.990000,-73.610000
 1.830000,-18.430000,-88.930000
-38.200000,-1.090000,-116.510000
-64.280000, 10.580000,-142.160000
-86.850000, 12.480000,-164.500000
-100.030000, 16.090000,-188.590000
-102.480000, 28.530000,-218.760000
-98.110000, 48.530000,-250.130000
-93.870000, 73.460000,-250.130000
-95.950000, 98.760000,-250.130000
-108.270000, 124.060000,-250.130000
-131.960000, 139.930000,-250.130000
-157.670000, 147.380000,-250.130000
-179.390000, 152.570000,-250.130000
-219.980000, 153.870000,-250.130000
-250.130000, 159.910000,-250.130000
-250.130000, 170.580000,-250.130000
-250.130000, 186.170000,-250.130000
-250.130000, 203.940000,-250.130000
-250.130000, 215.250000,-250.130000
-250.130000, 223.510000,-250.130000
-250.130000, 230.210000,-250.130000
-250.130000, 246.100000,-224.920000
-250.130000, 250.120000,-197.830000
-124.670000, 250.120000,-176.700000
-17.030000, 250.120000,-163.160000
 47.560000, 250.120000,-157.190000
 75.770000, 250.120000,-155.510000
 68.250000, 250.120000,-150.870000
 38.960000, 192.200000,-137.700000
 1.600000, 120.180000,-112.540000
-33.830000, 56.990000,-80.860000
-59.300000, 6.540000,-50.200000
-72.980000,-31.560000,-27.390000
-78.250000,-59.560000,-13.610000
-80.410000,-74.710000,-7.740000
-84.160000,-78.380000,-6.860000
-93.050000,-74.700000,-7.990000
-108.310000,-68.830000,-8.900000
-126.240000,-65.600000,-9.140000
-143.660000,-68.340000,-7.850000
-158.400000,-78.200000,-5.940000
-169.880000,-95.350000,-3.780000
-179.120000,-116.800000,-0.450000
-185.540000,-138.830000, 3.320000
-187.580000,-159.480000, 8.140000
-183.400000,-176.380000, 14.350000
-169.690000,-190.220000, 22.160000
-148.160000,-199.630000, 31.000000
-119.580000,-204.320000, 42.260000
-87.350000,-204.050000, 54.290000
-56.990000,-199.170000, 67.170000
-27.940000,-190.660000, 80.200000
-3.810000,-179.010000, 93.370000
 11.670000,-164.730000, 106.670000
 18.460000,-150.780000, 117.160000
 16.670000,-137.500000, 127.850000
 10.580000,-126.480000, 137.000000
 4.510000,-118.480000, 145.020000
 0.060000,-112.150000, 152.880000
-2.510000,-104.270000, 157.930000
-3.840000,-92.780000, 161.900000
-4.870000,-76.510000, 165.160000
-8.220000,-56.830000, 167.370000
-13.630000,-35.840000, 168.510000
-20.050000,-14.660000, 168.640000
-26.550000, 4.450000, 167.970000
-32.650000, 19.220000, 165.540000
-39.250000, 29.730000, 162.410000
-47.850000, 38.270000, 158.340000
-60.680000, 44.770000, 153.960000
-77.350000, 51.040000, 149.450000
-96.740000, 56.870000, 144.160000
-116.250000, 62.450000, 139.050000
-133.800000, 66.810000, 134.070000
-148.060000, 69.920000, 130.210000
-157.710000, 72.380000, 126.090000
-163.550000, 74.640000, 123.150000
-167.550000, 77.190000, 121.340000
-170.880000, 81.820000, 120.870000
-175.200000, 88.730000, 121.340000
-179.570000, 92.700000, 120.900000
-183.420000, 93.000000, 119.460000
-183.790000, 87.630000, 116.260000
-180.450000, 74.030000, 113.570000
-178.560000, 54.700000, 113.510000
-183.650000, 41.030000, 115.720000
-189.610000, 39.320000, 121.770000
-189.610000, 43.650000, 129.110000
-178.780000, 46.760000, 134.250000
-159.620000, 48.250000, 135.560000
-141.160000, 49.150000, 133.830000
-127.250000, 50.580000, 130.430000
-118.310000, 54.330000, 126.200000
-114.120000, 57.900000, 122.000000
-113.830000, 62.180000, 119.060000
-117.380000, 66.420000, 117.270000
-124.260000, 71.020000, 116.320000
-133.920000, 74.640000, 115.660000
-145.380000, 76.440000, 114.220000
-155.700000, 76.150000, 112.580000
-162.070000, 74.770000, 111.000000
-164.420000, 73.070000, 108.320000
-164.810000, 72.640000, 108.230000
-164.910000, 72.870000, 105.670000
-166.700000, 73.660000, 101.840000
-168.900000, 73.290000, 98.250000
-169.760000, 71.560000, 93.550000
-167.540000, 69.910000, 88.930000
-163.400000, 68.290000, 83.950000
-159.170000, 66.510000, 79.750000
-156.130000, 65.330000, 76.390000
-152.420000, 65.470000, 73.990000
-146.950000, 65.090000, 71.640000
-138.190000, 61.900000, 69.470000
-126.790000, 55.570000, 65.890000
-115.210000, 49.600000, 62.460000
-107.450000, 46.250000, 60.890000
-106.270000, 45.930000, 61.190000
-113.330000, 48.610000, 63.460000
-127.080000, 53.120000, 67.480000
-146.000000, 59.740000, 72.570000
-167.660000, 65.740000, 77.770000
-185.900000, 70.430000, 81.340000
-193.800000, 74.710000, 83.490000
-188.220000, 79.830000, 85.570000
-173.920000, 83.500000, 88.710000
-159.290000, 84.610000, 92.580000
-149.560000, 84.990000, 99.020000
-143.480000, 84.260000, 107.170000
-133.250000, 78.670000, 116.290000
-109.380000, 63.450000, 124.250000
-70.750000, 45.180000, 129.930000
-23.370000, 35.940000, 134.900000
 16.470000, 37.330000, 140.420000
 42.220000, 47.280000, 147.180000
 53.490000, 57.230000, 153.870000
 48.070000, 63.850000, 160.190000
 30.320000, 65.440000, 169.810000
 2.220000, 62.930000, 183.760000
-23.720000, 59.930000, 197.660000
-39.220000, 62.010000, 208.800000
-35.830000, 72.020000, 217.110000
-24.540000, 84.800000, 223.470000
-13.900000, 94.680000, 230.230000
-8.150000, 100.100000, 238.820000
-5.370000, 105.350000, 250.120000
-5.350000, 113.870000, 250.120000
-2.890000, 123.560000, 250.120000
 6.740000, 128.670000, 250.120000
 15.040000, 130.610000, 250.120000
 30.740000, 132.180000, 250.120000
 52.610000, 132.800000, 250.120000
 82.920000, 140.870000, 250.120000
 103.960000, 148.740000, 250.120000
 97.150000, 151.040000, 250.120000
 72.960000, 143.640000, 250.120000
 64.470000, 135.160000, 250.120000
 79.310000, 131.520000, 250.120000
 91.030000, 129.500000, 250.120000
 88.060000, 131.280000, 244.710000
 79.900000, 141.210000, 224.510000
 81.540000, 162.500000, 206.900000
 95.640000, 190.150000, 186.740000
 103.320000, 214.460000, 166.000000
 92.920000, 237.250000, 144.460000
 66.480000, 250.120000, 126.220000
 48.960000, 250.120000, 109.590000
 17.120000, 250.120000, 107.970000
 250.120000,-250.130000, 115.450000
-103.180000,-157.690000, 147.810000
-3.970000, 136.060000, 58.470000
 29.290000, 72.130000, 22.260000
 38.360000,-14.700000,-10.130000
 52.840000,-62.320000,-25.350000
 58.870000,-63.320000,-29.850000
 1.700000,-60.330000,-46.220000
-49.960000,-49.250000,-75.660000
-81.610000,-40.860000,-99.580000
-95.470000,-36.160000,-123.830000
-96.380000,-31.220000,-153.700000
-84.300000,-21.540000,-190.120000
-63.380000,-4.310000,-229.460000
-39.530000, 20.510000,-250.130000
-20.060000, 47.460000,-250.130000
-12.640000, 69.060000,-250.130000
-22.660000, 79.640000,-250.130000
-47.100000, 83.350000,-250.130000
-75.290000, 82.790000,-250.130000
-90.380000, 83.150000,-250.130000
-102.930000, 83.120000,-250.130000
-124.130000, 80.910000,-250.130000
-157.160000, 79.660000,-250.130000
-207.030000, 72.410000,-250.130000
-250.130000, 66.220000,-250.130000
-250.130000, 68.000000,-250.130000
-250.130000, 74.680000,-250.130000
-250.130000, 84.050000,-250.130000
-250.130000, 100.690000,-250.130000
-250.130000, 128.990000,-250.130000
-250.130000, 160.940000,-250.130000
-248.060000, 190.150000,-250.130000
-165.480000, 206.640000,-250.130000
-88.650000, 203.580000,-250.130000
-25.440000, 185.810000,-250.130000
 14.840000, 164.610000,-247.540000
 33.020000, 149.060000,-201.510000
 34.680000, 136.450000,-151.270000
 25.290000, 119.490000,-106.450000
 13.700000, 92.090000,-71.930000
 4.860000, 53.250000,-48.090000
-6.340000, 11.430000,-31.610000
-27.740000,-26.140000,-19.870000
-59.960000,-54.740000,-11.160000
-99.710000,-72.360000,-3.100000
-137.200000,-79.700000, 4.910000
-166.030000,-82.320000, 13.400000
-183.670000,-84.410000, 24.090000
-191.770000,-92.550000, 38.370000
-189.670000,-106.980000, 55.010000
-181.650000,-126.240000, 70.930000
-171.630000,-148.740000, 84.860000
-161.640000,-170.380000, 96.960000
-150.290000,-188.450000, 106.590000
-136.090000,-201.040000, 113.770000
-120.810000,-207.740000, 117.980000
-105.400000,-207.330000, 120.090000
-90.810000,-201.620000, 121.220000
-77.830000,-191.050000, 122.450000
-68.380000,-176.820000, 122.970000
-63.220000,-161.380000, 123.960000
-61.780000,-146.280000, 124.080000
-67.160000,-133.020000, 123.370000
-79.140000,-124.530000, 120.640000
-94.030000,-124.710000, 116.040000
-103.980000,-132.080000, 111.360000
-109.050000,-139.890000, 106.060000
-114.390000,-139.050000, 105.740000
-121.260000,-126.270000, 106.090000
-129.880000,-106.870000, 111.390000
-139.550000,-85.320000, 119.120000
-149.410000,-65.310000, 129.480000
-158.810000,-50.920000, 142.280000
-161.210000,-42.820000, 157.310000
-158.720000,-38.320000, 174.300000
-154.960000,-35.390000, 191.580000
-150.770000,-32.360000, 206.090000
-144.870000,-27.730000, 216.450000
-134.940000,-21.700000, 222.770000
-124.000000,-15.270000, 227.000000
-111.430000,-7.270000, 229.030000
-98.280000, 1.450000, 230.060000
-86.090000, 12.120000, 229.160000
-76.460000, 24.030000, 225.640000
-69.570000, 37.230000, 219.610000
-66.660000, 50.290000, 212.220000
-67.710000, 61.740000, 204.220000
-71.540000, 71.250000, 195.240000
-78.090000, 77.230000, 186.320000
-87.770000, 80.870000, 178.020000
-100.830000, 84.320000, 170.020000
-116.020000, 87.610000, 161.930000
-132.590000, 88.760000, 152.640000
-146.780000, 88.620000, 142.560000
-157.540000, 89.190000, 132.330000
-163.380000, 89.550000, 122.830000
-165.870000, 94.500000, 115.560000
-170.750000, 103.030000, 110.120000
-177.900000, 115.610000, 107.100000
-188.760000, 127.990000, 105.670000
-202.290000, 136.800000, 105.750000
-215.900000, 137.460000, 105.800000
-220.860000, 127.510000, 102.830000
-217.040000, 108.440000, 100.870000
-206.090000, 86.200000, 96.400000
-189.490000, 64.830000, 91.110000
-171.210000, 51.530000, 85.200000
-154.770000, 46.930000, 78.320000
-142.930000, 49.290000, 71.710000
-136.280000, 56.120000, 67.360000
-130.510000, 63.290000, 64.230000
-122.900000, 66.870000, 61.780000
-118.750000, 66.870000, 60.220000
-122.710000, 64.120000, 60.290000
-131.540000, 59.960000, 60.450000
-139.480000, 55.750000, 60.500000
-142.930000, 52.650000, 60.480000
-141.620000, 51.130000, 60.540000
-136.460000, 51.270000, 59.400000
-131.000000, 53.160000, 58.460000
-129.050000, 56.060000, 58.230000
-131.670000, 58.350000, 59.220000
-137.970000, 60.260000, 61.410000
-145.990000, 60.350000, 63.290000
-153.730000, 59.580000, 63.700000
-159.240000, 58.960000, 62.250000
-163.240000, 59.040000, 58.990000
-166.530000, 59.510000, 55.810000
-170.540000, 59.410000, 54.440000
-174.160000, 59.010000, 54.980000
-175.660000, 57.020000, 55.680000
-173.450000, 55.030000, 56.380000
-170.960000, 53.920000, 57.250000
-171.060000, 53.990000, 59.380000
-175.450000, 55.330000, 62.080000
-181.640000, 57.730000, 66.050000
-185.990000, 58.260000, 70.420000
-188.860000, 55.700000, 74.880000
-188.780000, 51.700000, 78.790000
-183.780000, 47.190000, 81.120000
-174.270000, 43.860000, 82.460000
-162.070000, 42.780000, 83.780000
-149.530000, 42.390000, 86.770000
-134.540000, 40.910000, 91.470000
-120.980000, 35.020000, 99.770000
-116.750000, 24.100000, 110.490000
-121.310000, 13.990000, 122.490000
-125.800000, 7.640000, 134.320000
-125.370000, 4.790000, 146.950000
-111.770000, 4.590000, 161.710000
-85.050000, 5.840000, 178.000000
-57.030000, 4.800000, 194.380000
-39.640000, 2.990000, 210.120000
-31.630000, 1.110000, 225.580000
-26.960000,-1.120000, 239.610000
-10.410000,-1.620000, 249.450000
 17.320000, 0.410000, 250.120000
 42.390000, 3.460000, 250.120000
 57.130000, 9.560000, 250.120000
 65.610000, 21.470000, 250.120000
 71.050000, 31.610000, 250.120000
 71.290000, 39.250000, 250.120000
 75.290000, 46.860000, 250.120000
 89.190000, 58.670000, 250.120000
 103.580000, 72.840000, 250.120000
 111.950000, 87.240000, 250.120000
 113.560000, 103.600000, 250.120000
 117.850000, 115.870000, 250.120000
 119.120000, 122.800000, 250.120000
 113.640000, 130.070000, 250.120000
 111.810000, 144.900000, 250.120000
 98.670000, 157.620000, 250.120000
 82.070000, 165.290000, 250.120000
 76.320000, 171.540000, 250.120000
 80.160000, 169.060000, 250.120000
 85.960000, 163.530000, 247.510000
 90.560000, 170.100000, 229.000000
 88.000000, 193.250000, 204.460000
 77.540000, 216.670000, 177.930000
 63.430000, 236.200000, 151.670000
 50.920000, 250.120000, 125.350000
 37.220000, 241.760000, 98.510000
 203.270000,-250.130000, 44.270000
-172.670000,-115.880000, 111.890000
 125.800000, 117.290000, 50.830000
 157.480000, 80.010000, 56.860000
 195.130000, 68.270000, 41.700000
 100.610000, 33.740000,-6.820000
 7.550000,-1.990000,-33.470000
-51.310000,-11.820000,-50.830000
-73.380000,-8.510000,-75.350000
-76.030000,-1.840000,-103.940000
-67.100000, 2.270000,-132.770000
-58.090000, 3.350000,-160.250000
-58.160000, 5.500000,-191.760000
-62.010000, 14.340000,-225.260000
-62.030000, 28.440000,-250.130000
-59.430000, 43.620000,-250.130000
-52.720000, 58.820000,-250.130000
-48.290000, 68.830000,-250.130000
-54.160000, 70.300000,-250.130000
-75.770000, 69.200000,-250.130000
-110.480000, 71.800000,-250.130000
-150.510000, 82.670000,-250.130000
-192.020000, 101.220000,-250.130000
-226.420000, 125.210000,-250.130000
-250.130000, 152.320000,-250.130000
-250.130000, 180.380000,-250.130000
-250.130000, 204.290000,-250.130000
-250.130000, 218.360000,-250.130000
-250.130000, 224.310000,-250.130000
-250.130000, 233.340000,-250.130000
-250.130000, 242.770000,-250.130000
-218.160000, 244.100000,-250.130000
-137.090000, 231.610000,-250.130000
-68.780000, 201.300000,-250.130000
-36.430000, 175.810000,-250.130000
-37.240000, 158.400000,-222.190000
-38.790000, 145.040000,-141.030000
-23.840000, 125.800000,-69.610000
 8.540000, 102.670000,-19.350000
 47.100000, 74.800000, 13.310000
 73.820000, 40.610000, 32.270000
 80.170000, 4.770000, 40.900000
 61.220000,-29.950000, 44.550000
 19.100000,-60.210000, 44.740000
-39.380000,-84.600000, 43.800000
-107.450000,-103.000000, 42.910000
-173.470000,-114.380000, 42.770000
-224.620000,-119.840000, 43.340000
-250.130000,-124.800000, 45.250000
-250.130000,-132.840000, 48.560000
-250.050000,-145.230000, 55.110000
-226.370000,-160.540000, 64.160000
-199.300000,-177.020000, 75.060000
-172.780000,-192.210000, 87.200000
-146.590000,-203.770000, 98.550000
-120.790000,-211.160000, 107.320000
-96.730000,-213.210000, 116.580000
-74.150000,-208.650000, 123.870000
-54.680000,-199.030000, 129.440000
-39.510000,-184.640000, 134.410000
-28.880000,-168.540000, 139.910000
-25.190000,-149.900000, 145.410000
-26.760000,-131.990000, 150.690000
-33.810000,-123.450000, 153.940000
-36.980000,-122.500000, 155.930000
-38.740000,-121.020000, 156.480000
-43.640000,-111.670000, 157.230000
-55.960000,-94.380000, 158.220000
-73.010000,-73.120000, 158.480000
-88.940000,-54.890000, 158.800000
-101.640000,-42.580000, 158.350000
-107.760000,-36.930000, 158.240000
-110.760000,-36.090000, 158.520000
-111.770000,-36.120000, 158.830000
-110.790000,-35.360000, 158.000000
-107.600000,-32.000000, 156.410000
-102.460000,-24.570000, 154.870000
-97.210000,-13.400000, 153.750000
-93.820000, 2.770000, 153.050000
-92.250000, 19.660000, 151.370000
-91.540000, 34.700000, 148.250000
-89.600000, 45.670000, 144.690000
-86.450000, 52.870000, 142.120000
-83.930000, 61.100000, 142.910000
-83.920000, 71.660000, 145.050000
-88.380000, 81.290000, 145.430000
-94.760000, 89.790000, 142.540000
-102.840000, 96.030000, 137.560000
-111.050000, 101.210000, 130.660000
-118.640000, 105.240000, 123.010000
-125.360000, 108.110000, 114.260000
-131.410000, 110.480000, 104.960000
-138.410000, 112.140000, 97.030000
-147.940000, 113.770000, 88.870000
-161.120000, 115.440000, 80.750000
-179.030000, 117.170000, 73.410000
-199.280000, 120.260000, 68.980000
-219.860000, 121.790000, 66.750000
-239.090000, 118.710000, 65.490000
-250.130000, 112.330000, 67.040000
-250.130000, 102.610000, 70.250000
-250.130000, 89.580000, 73.560000
-250.130000, 78.650000, 77.000000
-250.130000, 68.000000, 80.110000
-237.020000, 60.380000, 82.850000
-218.400000, 55.100000, 84.930000
-199.590000, 51.930000, 86.620000
-180.830000, 49.280000, 89.480000
-164.450000, 46.760000, 93.410000
-151.100000, 43.010000, 97.370000
-140.510000, 37.870000, 99.670000
-131.000000, 30.950000, 99.330000
-123.910000, 24.450000, 97.110000
-118.650000, 21.680000, 93.090000
-114.330000, 23.220000, 88.520000
-110.420000, 28.190000, 82.380000
-107.670000, 35.160000, 76.030000
-108.880000, 41.540000, 70.740000
-114.720000, 45.990000, 68.840000
-123.800000, 48.510000, 68.080000
-132.120000, 49.570000, 67.080000
-139.050000, 50.300000, 64.620000
-144.900000, 51.790000, 60.960000
-150.940000, 52.670000, 56.540000
-155.660000, 52.960000, 51.510000
-158.060000, 53.480000, 47.250000
-161.050000, 54.720000, 42.820000
-165.410000, 56.290000, 39.350000
-171.100000, 58.510000, 36.210000
-178.090000, 60.350000, 32.250000
-184.930000, 61.480000, 27.970000
-190.090000, 61.930000, 23.040000
-194.380000, 62.090000, 17.790000
-199.680000, 61.630000, 13.690000
-205.740000, 60.760000, 10.920000
-212.000000, 58.960000, 9.510000
-215.980000, 54.980000, 9.550000
-215.580000, 50.870000, 10.380000
-213.670000, 48.150000, 10.500000
-212.590000, 46.660000, 10.970000
-213.880000, 45.660000, 12.250000
-215.960000, 43.590000, 15.350000
-215.750000, 39.410000, 20.410000
-211.990000, 33.180000, 28.900000
-202.080000, 26.400000, 41.450000
-186.730000, 19.920000, 59.220000
-172.090000, 13.500000, 80.740000
-160.400000, 7.710000, 103.210000
-145.100000, 1.620000, 122.050000
-124.160000,-3.890000, 133.890000
-105.270000,-8.770000, 143.550000
-100.540000,-7.850000, 154.630000
-110.980000, 6.030000, 169.280000
-118.580000, 22.730000, 183.140000
-111.000000, 37.630000, 194.340000
-101.640000, 49.800000, 208.170000
-103.480000, 60.800000, 225.730000
-107.640000, 63.460000, 245.210000
-106.970000, 56.120000, 250.120000
-99.680000, 46.630000, 250.120000
-85.040000, 44.110000, 250.120000
-74.190000, 43.250000, 250.120000
-67.220000, 41.870000, 250.120000
-56.930000, 37.460000, 250.120000
-38.510000, 29.740000, 250.120000
-18.960000, 22.420000, 250.120000
-5.750000, 13.480000, 250.120000
 5.790000, 1.420000, 250.120000
 18.690000,-16.330000, 250.120000
 34.860000,-36.580000, 250.120000
 60.160000,-48.310000, 250.120000
 81.640000,-51.970000, 250.120000
 91.810000,-51.450000, 250.120000
 97.770000,-47.790000, 250.120000
 105.190000,-42.350000, 250.120000
 111.080000,-32.640000, 250.120000
 116.060000,-7.590000, 250.120000
 119.240000, 25.900000, 243.040000
 114.990000, 60.260000, 221.200000
 108.700000, 98.640000, 200.330000
 97.440000, 136.880000, 180.120000
 82.740000, 179.600000, 161.110000
 63.540000, 226.000000, 142.600000
 42.150000, 250.120000, 122.740000
 20.580000, 250.120000, 102.090000
 250.120000, 241.220000, 32.050000
 33.510000,-190.160000, 174.960000
 53.290000, 93.000000, 81.760000
 10.520000, 106.090000, 38.540000
 110.710000, 35.070000, 31.060000
 113.680000, 12.800000, 9.220000
 69.460000, 18.030000, 4.290000
-14.250000, 5.520000,-15.400000
-65.330000,-1.230000,-55.800000
-71.670000, 11.870000,-95.410000
-63.030000, 28.850000,-129.510000
-56.110000, 40.290000,-161.740000
-63.740000, 46.380000,-193.190000
-81.030000, 55.290000,-224.020000
-96.480000, 72.090000,-250.130000
-102.080000, 98.420000,-250.130000
-100.000000, 130.650000,-250.130000
-95.430000, 158.640000,-250.130000
-98.230000, 181.310000,-250.130000
-103.790000, 196.460000,-250.130000
-113.040000, 203.480000,-250.130000
-139.350000, 205.520000,-250.130000
-179.250000, 204.600000,-250.130000
-226.480000, 204.140000,-250.130000
-250.130000, 204.550000,-250.130000
-250.130000, 212.270000,-250.130000
-250.130000, 226.550000,-250.130000
-250.130000, 237.480000,-250.130000
-250.130000, 231.810000,-250.130000
-250.130000, 217.150000,-239.000000
-206.820000, 210.940000,-232.910000
-134.040000, 217.640000,-250.130000
-77.110000, 224.930000,-250.130000
-45.860000, 214.970000,-250.130000
-34.480000, 185.540000,-250.130000
-22.140000, 145.580000,-239.660000
-10.460000, 112.810000,-194.290000
-8.350000, 92.640000,-143.090000
-17.140000, 74.560000,-94.540000
-31.810000, 50.170000,-53.590000
-49.360000, 22.590000,-23.360000
-65.800000,-3.260000,-1.840000
-81.530000,-25.250000, 12.180000
-97.570000,-43.600000, 21.120000
-116.410000,-58.080000, 27.410000
-137.470000,-68.410000, 31.510000
-159.140000,-77.780000, 34.610000
-177.550000,-88.350000, 36.930000
-192.430000,-99.880000, 39.010000
-201.930000,-112.310000, 42.130000
-207.320000,-124.580000, 46.920000
-206.990000,-135.710000, 53.180000
-199.250000,-145.540000, 61.190000
-184.610000,-154.520000, 69.910000
-164.070000,-161.440000, 77.980000
-140.230000,-165.940000, 85.970000
-115.580000,-167.930000, 94.810000
-89.790000,-168.460000, 103.370000
-64.330000,-164.930000, 115.220000
-41.800000,-157.690000, 127.360000
-26.350000,-146.380000, 138.920000
-19.000000,-134.210000, 151.130000
-16.590000,-127.140000, 160.970000
-11.880000,-123.320000, 167.650000
-3.540000,-117.870000, 171.370000
 5.270000,-104.500000, 173.020000
 7.410000,-83.050000, 173.670000
 1.170000,-56.360000, 173.570000
-10.730000,-29.790000, 172.250000
-23.380000,-8.450000, 168.380000
-33.880000, 5.380000, 163.090000
-42.120000, 12.080000, 157.750000
-52.110000, 16.610000, 153.440000
-66.490000, 21.190000, 150.610000
-83.930000, 27.030000, 148.430000
-101.060000, 33.240000, 145.010000
-115.480000, 39.930000, 140.440000
-127.410000, 46.090000, 133.680000
-136.640000, 51.820000, 125.870000
-143.030000, 56.680000, 118.160000
-147.180000, 61.370000, 110.350000
-149.080000, 66.110000, 104.120000
-149.160000, 71.110000, 96.680000
-147.820000, 76.560000, 90.990000
-146.160000, 83.090000, 86.980000
-147.250000, 88.950000, 84.530000
-154.190000, 97.740000, 83.800000
-166.240000, 102.090000, 83.930000
-180.430000, 102.160000, 84.740000
-194.640000, 96.780000, 85.320000
-207.050000, 87.640000, 86.480000
-215.540000, 74.120000, 87.640000
-218.550000, 60.960000, 89.250000
-213.600000, 50.040000, 91.780000
-201.650000, 43.950000, 93.800000
-185.360000, 43.670000, 95.060000
-170.460000, 51.300000, 95.010000
-159.850000, 62.720000, 94.260000
-152.530000, 72.030000, 94.570000
-147.430000, 76.030000, 96.580000
-143.270000, 74.260000, 100.650000
-141.680000, 68.700000, 104.410000
-141.190000, 61.510000, 109.510000
-142.010000, 55.100000, 111.420000
-144.470000, 51.640000, 111.310000
-146.830000, 52.630000, 108.250000
-148.750000, 58.670000, 105.350000
-151.320000, 66.790000, 105.860000
-154.950000, 72.630000, 105.840000
-159.330000, 73.570000, 105.930000
-165.930000, 70.210000, 105.870000
-173.630000, 64.750000, 106.410000
-180.560000, 59.060000, 105.360000
-184.980000, 56.320000, 105.450000
-186.850000, 55.840000, 101.320000
-186.190000, 57.160000, 96.800000
-184.130000, 59.930000, 92.020000
-181.080000, 61.220000, 86.390000
-176.930000, 60.550000, 79.360000
-173.480000, 57.870000, 72.570000
-171.240000, 55.200000, 66.800000
-169.950000, 53.780000, 62.400000
-168.540000, 53.260000, 59.350000
-163.480000, 54.120000, 56.770000
-155.400000, 56.020000, 53.610000
-150.720000, 58.430000, 52.060000
-152.300000, 60.770000, 50.640000
-157.250000, 62.420000, 49.300000
-163.590000, 62.380000, 49.290000
-172.570000, 61.120000, 52.490000
-182.630000, 60.140000, 59.280000
-192.290000, 60.640000, 68.580000
-195.790000, 62.380000, 77.190000
-189.190000, 65.870000, 81.420000
-177.380000, 71.200000, 83.320000
-167.860000, 76.330000, 86.640000
-161.450000, 79.450000, 93.390000
-156.330000, 77.660000, 104.850000
-151.740000, 69.290000, 120.520000
-144.290000, 60.300000, 138.260000
-130.930000, 55.150000, 153.770000
-110.550000, 56.900000, 164.840000
-95.000000, 59.280000, 176.670000
-97.450000, 54.520000, 192.980000
-104.980000, 45.540000, 211.350000
-100.740000, 37.410000, 230.020000
-79.820000, 32.690000, 245.290000
-51.480000, 30.860000, 250.120000
-29.380000, 36.970000, 250.120000
-20.840000, 45.640000, 250.120000
-15.130000, 45.540000, 250.120000
-3.740000, 41.140000, 250.120000
 11.300000, 42.630000, 250.120000
 29.220000, 51.090000, 250.120000
 42.270000, 58.030000, 250.120000
 45.550000, 56.800000, 250.120000
 50.580000, 53.310000, 250.120000
 64.530000, 51.250000, 250.120000
 87.960000, 63.010000, 250.120000
 101.060000, 79.020000, 250.120000
 100.510000, 93.120000, 250.120000
 95.900000, 98.660000, 250.120000
 99.790000, 102.400000, 250.120000
 111.890000, 116.360000, 250.120000
 104.700000, 139.740000, 250.120000
 76.970000, 160.750000, 250.120000
 50.580000, 179.040000, 231.430000
 35.700000, 197.850000, 212.090000
 25.550000, 220.510000, 192.220000
 18.740000, 238.310000, 168.920000
 229.480000,-246.740000, 60.530000
-170.820000,-152.250000, 206.420000
 10.830000, 86.960000, 142.820000
 39.830000, 65.720000, 75.250000
 130.250000, 0.010000, 40.500000
 88.480000,-17.770000, 18.230000
 21.040000,-9.610000, 18.250000
-50.230000,-19.190000, 1.240000
-79.430000,-16.130000,-32.710000
-80.360000, 5.420000,-65.540000
