0.001511
0.008195
0.009429
0.008032
0.019605
0.008670
0.025125
0.003460
0.017384
0.014112
0.013852
0.015071
0.013011
0.015120
0.018477
0.013515
0.012294
0.016042
0.015050
0.014788
0.019831
0.010943
0.025677
0.013486
0.003889
0.019636
0.009532
0.025763
0.025167
0.009102
0.002783
0.024033
0.012266
0.004766
0.014710
0.016016
0.013222
0.028703
0.006173
0.085616
0.011472
0.000170
0.000070
0.000063
0.000070
0.028442
0.008177
0.000236
0.009953
0.019530
0.012304
0.018059
0.013158
0.010851
0.017348
0.013083
0.074447
0.008569
0.000228
0.000112
0.000102
0.008349
0.049416
0.016843
0.000235
0.000127
0.006920
0.014362
0.014608
0.013007
0.013957
0.018117
0.016238
0.033272
0.005193
0.040771
0.011648
0.000221
0.000107
0.023710
0.008562
0.006129
0.014528
0.030478
0.009284
0.004613
0.021597
0.008343
0.015287
0.013729
0.017891
0.015383
0.019037
0.007466
0.016547
0.015489
0.012402
0.040218
0.005027
0.000226
0.018646
0.016775
0.012079
0.012773
0.016368
0.014819
0.012025
0.029528
0.003358
0.015288
0.022009
0.005114
0.015153
0.021143
0.024961
0.007049
0.006348
0.014867
0.022807
0.007029
0.012354
0.016407
0.014522
0.015427
0.013853
0.044765
0.005065
0.000228
0.023326
0.014514
0.008493
0.012307
0.012190
0.014432
0.017071
0.016343
0.013148
0.012762
0.013111
0.016397
0.016308
0.021954
0.005049
0.033419
0.008622
0.011269
0.005837
0.015276
0.017654
0.020836
0.011481
0.018168
0.006175
0.054139
0.018228
0.000216
0.000119
0.055815
0.009079
0.000287
0.000125
0.000107
0.010026
0.015853
0.024839
0.006587
0.012867
0.014990
0.020770
0.017182
0.010454
0.029370
0.005258
0.006912
0.016891
0.009327
0.015720
0.018042
0.018031
0.008522
0.016581
0.016097
0.011526
0.014707
0.016257
0.027154
0.004401
0.011764
0.017440
0.012530
0.017134
0.011889
0.028493
0.009714
0.012514
0.058655
0.014280
0.000235
0.000134
0.000108
0.015320
0.069742
0.032138
0.000230
0.000112
0.000104
0.018029
0.000232
0.013466
0.005718
0.028449
0.006587
0.000236
0.020882
0.007809
0.017473
0.040720
0.004152
0.000236
0.009631
0.016102
0.012624
0.014876
0.014927
0.016000
0.017100
0.012573
0.016198
0.013073
0.016581
0.013066
0.014248
0.015411
0.013804
0.017543
0.014236
0.015920
0.014688
0.013932
0.018503
0.017352
0.007432
0.017560
0.016204
0.010047
0.016847
0.014611
0.016142
0.020822
0.007221
0.027914
0.006272
0.016475
0.008532
0.016203
0.014651
0.012049
0.017018
0.014062
0.018673
0.013260
0.018475
0.009134
0.013574
0.016691
0.014349
0.017208
0.010742
0.020419
0.020843
0.004353
0.018581
0.015979
0.012756
0.024276
0.010732
0.006744
0.040667
0.005917
0.000236
0.015885
0.010692
0.039770
0.009485
0.000235
0.012122
0.013502
0.017119
0.017765
0.012054
0.012730
0.012964
0.016029
0.013520
0.018186
0.013004
0.015539
0.020115
0.009128
0.016400
0.013957
0.014882
0.013063
0.017277
0.014560
0.012511
0.014386
0.017034
0.012912
0.016109
0.015224
0.013499
0.014738
0.017348
0.012821
0.014254
0.037726
0.029081
0.005130
0.000595
0.008309
0.010671
0.012712
0.016465
0.017368
0.011424
0.015744
0.012824
0.014149
0.014648
0.017308
0.015152
0.015318
0.013264
0.013077
0.014896
0.015874
0.013769
0.016610
0.024207
0.025180
0.008288
0.007525
0.027207
0.013605
0.007542
0.004429
0.016934
0.014623
0.014120
0.013407
0.017171
0.012748
0.023111
0.019955
0.063428
0.014918
0.000227
0.000110
0.000102
0.000100
0.019879
0.005847
0.021709
0.007841
0.019499
0.019782
0.006201
0.019799
0.008838
0.015217
0.014385
0.015546
0.013925
0.042916
0.017859
0.000239
0.020584
0.017539
0.000237
0.007843
0.019468
0.006896
0.014595
0.015485
0.023319
0.007501
0.014665
0.042368
0.006780
0.000244
0.009108
0.015893
0.014640
0.022223
0.016186
0.005220
0.022167
0.009607
0.012314
0.015173
0.016285
0.015660
0.015024
0.017994
0.013025
0.039771
0.009076
0.000240
0.006501
0.020963
0.009134
0.014026
0.018941
0.013615
0.015007
0.013692
0.015008
0.017462
0.010736
0.014657
0.021300
0.025788
0.013387
0.005493
0.013551
0.009813
0.015213
0.013745
0.016741
0.013954
0.014425
0.021071
0.012347
0.010774
0.015662
0.013695
0.014787
0.014815
0.015040
0.014947
0.014727
0.014917
0.017268
0.012499
0.017697
0.014660
0.021305
0.008906
0.012337
0.013944
0.022488
0.019053
0.007633
0.010395
0.016658
0.021606
0.013082
0.008187
0.017038
0.017859
0.010246
0.015015
0.034199
0.010166
0.000243
0.013863
0.020057
0.036140
0.010355
0.000267
0.011538
0.012677
0.020298
0.007037
0.015300
0.015725
0.016163
0.013322
0.014401
0.016294
0.012583
0.015031
0.015086
0.015828
0.013622
0.014559
0.016342
0.014848
0.013382
0.014898
0.016411
0.014213
0.019365
0.011648
0.024672
0.004440
0.013620
0.017190
0.014706
0.015126
0.011734
0.016502
0.016910
0.012248
0.024886
0.014592
0.010244
0.015982
0.013714
0.008527
0.014977
0.016448
0.014806
0.015650
0.013218
0.023121
0.011300
0.010852
0.014083
0.016819
0.011804
0.015081
0.016896
0.012875
0.014672
0.014800
0.015683
0.014871
0.013893
0.014834
0.016830
0.013583
0.019922
0.008873
0.016094
0.013482
0.018728
0.011108
0.015576
0.022301
0.007318
0.017653
0.011257
0.015237
0.017990
0.011184
0.016966
0.016311
0.012748
0.017142
0.012705
0.017110
0.015762
0.014205
0.031442
0.025282
0.009145
0.000236
0.008647
0.023406
0.021723
0.019592
0.007622
0.018930
0.011046
0.004001
0.007386
0.015439
0.014753
0.016884
0.012669
0.030652
0.003747
0.010064
0.014830
0.014468
0.014829
0.017703
0.015536
0.025490
0.003156
0.014118
0.015808
0.014956
0.013332
0.015731
0.018037
0.030919
0.005868
0.008142
0.034258
0.008298
0.000241
0.018119
0.007117
0.014929
0.015896
0.014599
0.013829
0.018125
0.011554
0.035892
0.004796
0.015173
0.008357
0.009885
0.019514
0.017885
0.013848
0.014656
0.008395
0.018281
0.011211
0.028803
0.005645
0.012129
0.013618
0.016183
0.013717
0.016131
0.012746
0.016152
0.015874
0.012622
0.018021
0.017630
0.009430
0.032453
0.011304
0.012566
0.007094
0.015895
0.027971
0.064249
0.000240
0.015060
0.000244
0.000123
0.000110
0.004686
0.022321
0.041847
0.009907
0.000237
0.009115
0.006954
0.014093
0.016050
0.015654
0.027282
0.005254
0.012590
0.012135
0.019311
0.009494
0.014987
0.016078
0.017156
0.015706
0.010468
0.017326
0.016252
0.014253
0.022402
0.010692
0.007803
0.017629
0.014369
0.013329
0.016894
0.011931
0.014783
0.016783
0.012945
0.014822
0.014807
0.017304
0.016477
0.015318
0.014931
0.014251
0.012330
0.020776
0.008317
0.016516
0.021828
0.008263
0.024757
0.009970
0.007535
0.070550
0.014920
0.000248
0.000123
0.000111
0.008216
0.008980
0.014780
0.015531
0.015853
0.013386
0.014802
0.016384
0.013227
0.014284
0.016331
0.013975
0.014224
0.018710
0.018063
0.009941
0.015707
0.020603
0.015457
0.010457
0.017884
0.007313
0.016221
0.016095
0.012210
0.015136
0.036177
0.007881
0.007550
0.008603
0.042645
0.022014
0.000236
0.006232
0.010601
0.007234
0.013407
0.015485
0.013586
0.019932
0.014549
0.011682
0.013908
0.014270
0.015526
0.014168
0.017413
0.014694
0.013296
0.022131
0.006425
0.021889
0.016856
0.007038
0.017495
0.011758
0.015183
0.020035
0.018092
0.008411
0.012188
0.042298
0.006307
0.000309
0.011847
0.015166
0.030574
0.013337
0.007815
0.010996
0.011654
0.013965
0.024428
0.008662
0.011963
0.014036
0.014501
0.014626
0.051119
0.000294
0.000124
0.012572
0.011570
0.017655
0.011726
0.013783
0.015480
0.026055
0.006000
0.011801
0.014229
0.016905
0.016760
0.012767
0.013313
0.198715
0.017690
0.000235
0.000121
0.000110
0.000106
0.000106
0.000104
0.000103
0.000103
0.000103
0.000103
0.000102
0.000105
0.010334
0.009222
0.014681
0.030750
0.010788
0.010376
0.026202
0.004144
0.006983
0.015678
0.020363
0.008981
0.014468
0.045832
0.022382
0.000238
0.006861
0.003447
0.014501
0.059572
0.023637
0.000238
0.000122
0.019215
0.000238
0.008489
0.003001
0.015040
0.017908
0.014189
0.012560
0.014477
0.016525
0.014858
0.012767
0.021742
0.008354
0.015649
0.015041
0.018033
0.010499
0.018752
0.010413
0.015026
0.025807
0.018848
0.002978
0.011976
0.020028
0.018017
0.009230
0.012317
0.020289
0.017978
0.005362
0.018702
0.012285
0.013636
0.015047
0.015642
0.015290
0.021763
0.007581
0.013986
0.017060
0.012329
0.015000
0.028870
0.009149
0.006142
0.016761
0.018941
0.024766
0.009626
0.009749
0.012770
0.016328
0.012819
0.013232
0.013737
0.025486
0.004069
0.014640
0.016281
0.013870
0.021468
0.035268
0.012535
0.000251
0.007131
0.014634
0.019365
0.009442
0.023077
0.020559
0.016395
0.031713
0.003684
0.000247
0.007697
0.016140
0.016146
0.010894
0.015016
0.014541
0.016183
0.016891
0.012257
0.033872
0.007917
0.006017
0.016009
0.022372
0.014411
0.035811
0.016371
0.000252
0.011582
0.009299
0.013839
0.005667
0.013775
0.020140
0.015246
0.011916
0.021583
0.018663
0.003250
0.014769
0.015253
0.016662
0.010412
0.018467
0.012023
0.013933
0.016859
0.015080
0.013639
0.014838
0.021804
0.013819
0.046562
0.007461
0.000254
0.000138
0.015830
0.011935
0.030280
0.014538
0.008052
0.013439
0.008152
0.014896
0.016768
0.012439
0.020396
0.009942
0.017509
0.014874
0.018397
0.010910
0.014185
0.014265
0.028035
0.015373
0.012560
0.016003
0.005113
0.010317
0.016911
0.014618
0.013349
0.018112
0.011613
0.014499
0.016331
0.039037
0.000249
0.013298
0.009125
0.013250
0.013595
0.016494
0.036724
0.015002
0.000250
0.008084
0.012061
0.018161
0.013766
0.012731
0.015651
0.026832
0.010568
0.007912
0.018272
0.026889
0.007411
0.023060
0.016903
0.013986
0.010765
0.014899
0.011065
0.006911
0.010368
0.014072
0.014839
0.014982
0.018050
0.014617
0.022884
0.010355
0.012628
0.013296
0.019808
0.009163
0.014071
0.017245
0.030006
0.022271
0.005531
0.000453
0.013310
0.021594
0.014749
0.007392
0.084816
0.019531
0.000247
0.000123
0.000111
0.000107
0.014157
0.018082
0.006600
0.009854
0.014206
0.009966
0.049805
0.010919
0.000278
0.000127
0.015250
0.017985
0.020349
0.009982
0.017598
0.034110
0.018595
0.000255
0.020026
0.048122
0.000250
0.011437
0.000244
0.000124
0.010021
0.015100
0.019088
0.008635
0.017431
0.011108
0.014230
0.016735
0.017262
0.034923
0.016113
0.000242
0.031918
0.029365
0.000251
0.007111
0.000245
0.012099
0.013945
0.012162
0.014570
0.015593
0.017168
0.015958
0.011011
0.017983
0.023592
0.023756
0.022389
0.033149
0.000297
0.006052
0.000385
0.018098
0.015940
0.014475
0.012101
0.011506
0.012848
0.013291
0.023826
0.006675
0.012425
0.017587
0.034111
0.010247
0.000242
0.012289
0.012605
0.015902
0.015699
0.040389
0.010422
0.000241
0.006957
0.033044
0.023427
0.012847
0.000247
0.011482
0.018183
0.017029
0.012663
0.013354
0.021875
0.010981
0.007550
0.010522
0.013826
0.028923
0.013148
0.009443
0.007857
0.017293
0.013194
0.013908
0.015420
0.015605
0.013933
0.014912
0.020960
0.008639
0.015283
0.021175
0.008067
0.014809
0.049912
0.012280
0.000250
0.007443
0.043572
0.010529
0.000248
0.000125
0.010261
0.020705
0.007311
0.014997
0.014816
0.041003
0.051475
0.000246
0.009569
0.000244
0.000126
0.006328
0.009713
0.034103
0.014988
0.004548
0.008115
0.014162
0.013861
0.019304
0.012610
0.039671
0.009826
0.000252
0.008204
0.024930
0.024304
0.013272
0.000241
0.013724
0.014247
0.013261
0.015907
0.016089
0.015812
0.011683
0.017739
0.012030
0.019303
0.010132
0.024067
0.020518
0.003603
0.020435
0.009672
0.016182
0.052210
0.006466
0.000287
0.000129
0.008679
0.014587
0.015109
0.013991
0.018057
0.027288
0.014272
0.006989
0.011051
0.011278
0.018434
0.012264
0.015827
0.012789
0.019725
0.010815
0.016408
0.013012
0.017133
0.017759
0.013339
0.011159
0.014547
0.014477
0.015381
0.022565
0.006933
0.015281
0.014229
0.016357
0.019088
0.020842
0.008520
0.012969
0.028746
0.025195
0.008300
0.000248
0.014009
0.010047
0.013659
0.015920
0.015063
0.013878
0.014254
0.028772
0.005672
0.028007
0.009581
0.010142
0.008525
0.016922
0.017246
0.020090
0.005699
0.016682
0.037366
0.005434
0.000252
0.016333
0.012821
0.017484
0.010319
0.014533
0.014615
0.019046
0.020033
0.013815
0.007918
0.013942
0.014670
0.028804
0.005452
0.010622
0.013912
0.015988
0.017579
0.015580
0.014272
0.027314
0.006276
0.007736
0.018286
0.011261
0.015106
0.014536
0.027624
0.005927
0.013151
0.012594
0.024716
0.005814
0.016241
0.011795
0.015254
0.017945
0.011384
0.015662
0.013975
0.017355
0.012985
0.014021
0.019392
0.030273
0.006433
0.003898
0.014909
0.015698
0.013272
0.017172
0.014446
0.013601
0.014143
0.015399
0.015330
0.030515
0.016860
0.016531
0.021717
0.005591
0.000248
0.021894
0.006367
0.013150
0.016141
0.014970
0.015093
0.013925
0.019421
0.013228
0.020072
0.010610
0.013382
0.011127
0.015320
0.016265
0.013890
0.013450
0.015237
0.015892
0.013908
0.017038
0.020204
0.008975
0.012692
0.018057
0.014441
0.012124
0.015723
0.015238
0.043251
0.006643
0.000244
0.014326
0.008877
0.018528
0.012663
0.017012
0.014426
0.013387
0.013514
0.013786
0.015926
0.014669
0.016021
0.012675
0.017032
0.013648
0.013701
0.031505
0.005681
0.007383
0.015336
0.040283
0.006660
0.000247
0.012144
0.016039
0.013234
0.015318
0.015343
0.013577
0.015232
0.015669
0.015134
0.013492
0.015497
0.022445
0.006870
0.014567
0.019464
0.015781
0.015798
0.010054
0.017336
0.010510
0.014574
0.018486
0.012201
0.016356
0.015574
0.015297
0.013288
0.015500
0.015305
0.014163
0.013888
0.013266
0.018086
0.014977
0.011930
0.015389
0.015811
0.013133
0.016961
0.012719
0.015990
0.017278
0.018389
0.027712
0.007957
0.004505
0.011574
0.015179
0.016654
0.014519
0.012903
0.018812
0.017503
0.010068
0.034253
0.063790
0.013552
0.000168
0.000074
0.000066
0.000066
0.007601
0.013382
0.014359
0.014874
0.014865
0.018750
0.016573
0.008848
0.014964
0.014488
0.018390
0.016234
0.010000
0.019074
0.016392
0.032891
0.021181
0.000252
0.008972
0.007897
0.011958
0.014809
0.014504
0.015370
0.040935
0.003255
0.015106
0.011495
0.010675
0.010339
0.028328
0.013636
0.009621
0.006760
0.015451
0.014453
0.015175
0.012487
0.017258
0.014445
0.012678
0.016843
0.017102
0.010698
0.014642
0.022445
0.008316
0.013965
0.019484
0.013318
0.013054
0.015332
0.014854
0.013593
0.018177
0.012234
0.038652
0.008989
0.000253
0.009678
0.021400
0.009706
0.015977
0.020032
0.008854
0.013245
0.014456
0.015313
0.023171
0.011696
0.011243
0.015782
0.016002
0.011121
0.017870
0.012663
0.014096
0.015789
0.018860
0.017469
0.016030
0.005813
0.015451
0.050766
0.023551
0.000253
0.000129
0.003163
0.010560
0.016519
0.026209
0.007947
0.022910
0.012924
0.004505
0.014291
0.013846
0.017616
0.016376
0.020519
0.009941
0.012229
0.011905
0.016643
0.066784
0.133043
0.000255
0.000130
0.000120
0.008303
0.000259
0.000131
0.000120
0.000115
0.000113
0.000119
0.000115
0.000114
0.059561
0.149988
0.000259
0.000130
0.037597
0.000248
0.000124
0.000114
0.000111
0.000109
0.000109
0.000108
0.000109
0.000108
0.000108
0.000110
0.070361
0.110781
0.000301
0.000129
0.000116
0.000111
0.000111
0.358237
0.000249
0.000125
0.000115
0.000110
0.000110
0.000110
0.000110
0.000108
0.000109
0.000109
0.000108
0.000108
0.000108
0.000109
0.000108
0.000108
0.000116
0.000112
0.000110
0.000108
0.000108
0.000108
0.000108
0.000108
0.000107
0.000109
0.103961
0.000248
0.000124
0.000115
0.127654
0.000251
0.000125
0.000115
0.000113
0.000111
0.000111
0.038485
0.000251
0.000125
0.000116
0.000111
0.000109
0.000109
0.000109
0.000111
0.005794
0.000255
0.014791
0.009382
0.013621
0.016834
0.027571
0.034477
0.009789
0.000248
0.006129
0.019296
0.017221
0.008633
0.008744
0.014623
0.020301
0.017321
0.007199
0.025537
0.004796
0.016562
0.014532
0.019680
0.008452
0.014352
0.014351
0.015391
0.014226
0.016885
0.013092
0.029232
0.008402
0.007514
0.013701
0.017297
0.028828
0.013768
0.004485
0.021580
0.005067
0.016892
0.012242
0.015724
0.012249
0.017373
0.014180
0.015130
0.012935
0.017099
0.015625
0.013300
0.020012
0.032654
0.000260
0.007873
0.015379
0.010836
0.015157
0.015043
0.018777
0.013445
0.020418
0.006129
0.017083
0.012897
0.015015
0.015352
0.020451
0.018743
0.039369
0.023972
0.000250
0.003075
0.000253
0.015995
0.014194
0.014537
0.012869
0.030867
0.002981
0.011065
0.015678
0.029691
0.006187
0.009256
0.015530
0.114658
0.011163
0.000255
0.000223
0.000143
0.000125
0.000116
0.000117
0.011399
0.008386
0.015076
0.016131
0.013375
0.014623
0.013246
0.014273
0.017382
0.020574
0.006727
0.014687
0.018423
0.011001
0.018891
0.033560
0.007894
0.006361
0.007432
0.015754
0.013967
0.035295
0.073136
0.007377
0.000261
0.000134
0.000121
0.000120
0.008565
0.017659
0.006667
0.015422
0.068781
0.027171
0.000257
0.000172
0.000121
0.009986
0.004949
0.012670
0.010004
0.013262
0.025154
0.009382
0.011080
0.013779
0.015937
0.035743
0.004358
0.006368
0.011326
0.016473
0.015935
0.027755
0.013073
0.019962
0.014948
0.007456
0.013967
0.009968
0.049695
0.134519
0.000262
0.000135
0.022132
0.000257
0.000130
0.000169
0.000118
0.000113
0.000112
0.000112
0.000112
0.010488
0.045786
0.026565
0.000251
0.000132
0.006260
0.000259
0.010855
0.033509
0.006948
0.019593
0.010866
0.014341
0.006607
0.011871
0.016444
0.015406
0.045846
0.008686
0.000252
0.003464
0.019836
0.009133
0.011582
0.066920
0.011633
0.000256
0.000130
0.000120
0.011919
0.017844
0.013895
0.025268
0.010103
0.009386
0.011244
0.019595
0.009842
0.015902
0.015811
0.019806
0.008894
0.014710
0.093530
0.051495
0.000253
0.000127
0.000118
0.000116
0.023701
0.000250
0.000126
0.000118
0.020001
0.000253
0.016236
0.021162
0.054671
0.000266
0.026981
0.000251
0.000130
0.017991
0.000251
0.006776
0.008307
0.018730
0.026926
0.011239
0.007763
0.008092
0.025945
0.028130
0.006897
0.000269
0.012119
0.022286
0.006999
0.013865
0.014846
0.022990
0.015246
0.022078
0.026388
0.007537
0.000256
0.016526
0.008705
0.016469
0.015271
0.013191
0.026632
0.021403
0.037265
0.010575
0.000258
0.000135
0.008307
0.020904
0.007940
0.079162
0.014255
0.000269
0.000147
0.000122
0.000121
0.011814
0.011502
0.022513
0.048158
0.026783
0.000268
0.000149
0.018487
0.000265
0.015860
0.026393
0.016703
0.000264
0.061707
0.024864
0.000263
0.000139
0.000126
0.010415
0.000270
0.017336
0.008068
0.026212
0.017465
0.030048
0.000258
0.029599
0.007900
0.000252
0.007819
0.025705
0.018493
0.007801
0.008775
0.012259
0.014172
0.014380
0.045498
0.036501
0.000552
0.028607
0.000265
0.000132
0.003970
0.013974
0.006064
0.020644
0.014037
0.035883
0.013692
0.000273
0.019200
0.110502
0.013796
0.000260
0.000135
0.000124
0.000119
0.000175
0.000125
0.000120
0.007331
0.013853
0.074057
0.037829
0.000266
0.000132
0.000123
0.030084
0.000255
0.000129
0.025466
0.000261
0.043483
0.008256
0.000261
0.000146
0.003984
0.013152
0.014566
0.017673
0.020050
0.007101
0.016839
0.015475
0.014991
0.010864
0.016862
0.019207
0.008934
0.013889
0.014853
0.017787
0.015616
0.011748
0.025756
0.010468
0.008506
0.016364
0.015116
0.013229
0.013683
0.016221
0.014155
0.014208
0.019642
0.029316
0.008765
0.029920
0.009833
0.000261
0.007264
0.017087
0.015373
0.017815
0.009873
0.013550
0.014364
0.014593
0.015097
0.016296
0.012880
0.017147
0.013866
0.013542
0.022606
0.016491
0.005243
0.021659
0.008049
0.031001
0.004704
0.009003
0.014344
0.018489
0.012042
0.014608
0.049763
0.026934
0.000270
0.000150
0.048198
0.008451
0.000262
0.000144
0.013645
0.027637
0.019448
0.000269
0.008145
0.005587
0.014818
0.013330
0.015909
0.014063
0.054601
0.008572
0.000190
0.000087
0.026877
0.018049
0.006041
0.005352
0.028106
0.039212
0.012910
0.000260
0.000137
0.006797
0.014750
0.016202
0.014203
0.014815
0.014793
0.017218
0.015776
0.011790
0.017316
0.012802
0.014841
0.019847
0.030748
0.035563
0.016236
0.000256
0.000131
0.009769
0.011083
0.010462
0.018023
0.010686
0.016298
0.012475
0.015731
0.015271
0.013443
0.017192
0.025647
0.035830
0.004503
0.000259
0.005444
0.015320
0.016289
0.034246
0.007320
0.006637
0.009104
0.015295
0.022549
0.006535
0.032222
0.045469
0.010111
0.000215
0.000102
0.005469
0.016350
0.020381
0.014401
0.005575
0.014880
0.012847
0.021341
0.009488
0.017276
0.030966
0.050966
0.008507
0.000273
0.000190
0.000132
0.010126
0.015491
0.014127
0.016819
0.012184
0.015948
0.014427
0.015405
0.013819
0.018358
0.012150
0.013836
0.016390
0.044248
0.016747
0.000257
0.019533
0.005705
0.011006
0.025088
0.015239
0.004208
0.010345
0.009938
0.025655
0.017008
0.012083
0.010305
0.025464
0.013487
0.021665
0.009094
0.008896
0.057369
0.014854
0.000265
0.000138
0.000129
0.037410
0.033735
0.000267
0.004823
0.000263
0.010474
0.007181
0.014950
0.020787
0.012185
0.011151
0.017370
0.015464
0.013745
0.013612
0.017183
0.013239
0.017780
0.010268
0.018602
0.018390
0.016040
0.025575
0.006265
0.012267
0.008308
0.013063
0.017384
0.022685
0.009429
0.010580
0.014631
0.015172
0.020355
0.011896
0.013076
0.026227
0.008335
0.051990
0.008388
0.000259
0.000138
0.010934
0.019961
0.010995
0.009588
0.016153
0.018316
0.014375
0.011569
0.015715
0.015217
0.018330
0.010404
0.014476
0.014544
0.015268
0.013649
0.015955
0.015258
0.016695
0.012206
0.016592
0.013222
0.014761
0.017088
0.011633
0.033232
0.006098
0.010264
0.010765
0.016353
0.014425
0.014165
0.013550
0.015961
0.013898
0.014981
0.028244
0.005001
0.021621
0.009406
0.035587
0.017905
0.000290
0.008860
0.012849
0.023794
0.008584
0.058947
0.008527
0.000259
0.000132
0.000124
0.014956
0.014867
0.014998
0.012224
0.032278
0.048290
0.013575
0.000273
0.000135
0.000125
0.009430
0.016692
0.014815
0.012521
0.014975
0.014821
0.032083
0.011541
0.010810
0.006572
0.015837
0.011901
0.017934
0.041255
0.009771
0.000261
0.042436
0.010914
0.000268
0.000134
0.011870
0.031584
0.007423
0.007942
0.012070
0.014214
0.018806
0.011431
0.037323
0.016790
0.010041
0.000260
0.011941
0.017315
0.010283
0.014677
0.027984
0.012788
0.008506
0.015155
0.015585
0.011766
0.023940
0.005870
0.015430
0.011246
0.014730
0.014425
0.018414
0.011512
0.036284
0.003991
0.007850
0.011995
0.015319
0.013790
0.016975
0.012274
0.014529
0.014827
0.015296
0.014311
0.015672
0.023034
0.011612
0.010878
0.013500
0.014565
0.017929
0.013659
0.015754
0.021132
0.007771
0.014498
0.012755
0.015076
0.014907
0.014961
0.018641
0.011818
0.015254
0.014523
0.016798
0.013160
0.035537
0.005987
0.006250
0.014964
0.010241
0.016771
0.012937
0.014749
0.014845
0.015000
0.021615
0.008813
0.015037
0.014337
0.021314
0.008284
0.017007
0.014586
0.014377
0.013380
0.043441
0.013472
0.000260
0.005220
0.012436
0.013505
0.017201
0.012478
0.015883
0.015605
0.017480
0.012061
0.013336
0.014826
0.020129
0.009375
0.015131
0.015954
0.014611
0.015649
0.013422
0.017430
0.014053
0.026740
0.006485
0.011334
0.012845
0.014407
0.022804
0.007925
0.016215
0.014656
0.013112
0.015405
0.014716
0.017777
0.013025
0.013826
0.015227
0.013669
0.015009
0.014297
0.015370
0.016002
0.014414
0.013781
0.016088
0.016452
0.014902
0.011507
0.016474
0.015874
0.012222
0.015473
0.016705
0.013542
0.014425
0.019449
0.009426
0.015024
0.014578
0.015259
0.016090
0.013735
0.017160
0.012376
0.016484
0.012678
0.015102
0.016534
0.013279
0.014405
0.014891
0.015133
0.014629
0.014485
0.020453
0.011960
0.046757
0.013774
0.000265
0.000139
0.010833
0.015410
0.015653
0.013384
0.016846
0.013608
0.014307
0.019360
0.009780
0.014898
0.016169
0.016861
0.013579
0.013235
0.019237
0.017165
0.010029
0.016804
0.011008
0.017872
0.022538
0.008293
0.011095
0.016411
0.012194
0.015046
0.018310
0.019771
0.006957
0.013834
0.015292
0.017031
0.015332
0.014401
0.014114
0.016488
0.036941
0.004829
0.005395
0.010178
0.018312
0.011032
0.017302
0.011096
0.014815
0.015626
0.016143
0.016493
0.021054
0.015979
0.004478
0.016376
0.134045
0.015090
0.000269
0.000138
0.000128
0.000124
0.000123
0.000122
0.000122
0.000123
0.015526
0.015124
0.009536
0.018284
0.011429
0.031673
0.006861
0.012464
0.009406
0.014799
0.013645
0.015343
0.019431
0.010058
0.014399
0.014937
0.016422
0.017345
0.012294
0.017001
0.017916
0.010232
0.018059
0.015085
0.012216
0.012519
0.019042
0.011151
0.016354
0.018458
0.008599
0.017311
0.013494
0.014137
0.022491
0.009090
0.013765
0.015220
0.012772
0.016217
0.013573
0.016443
0.013616
0.016923
0.016178
0.018665
0.007109
0.016266
0.014449
0.015871
0.013393
0.016536
0.012739
0.015050
0.015662
0.026551
0.008739
0.009239
0.014177
0.014340
0.018673
0.015305
0.013238
0.012563
0.019059
0.013531
0.044353
0.004066
0.000269
0.007257
0.014547
0.015388
0.017542
0.017471
0.008768
0.017325
0.013831
0.016837
0.013224
0.013103
0.017708
0.013126
0.013635
0.017369
0.012310
0.015746
0.013814
0.014969
0.017526
0.012429
0.014555
0.014760
0.014823
0.017518
0.012645
0.014282
0.014782
0.016201
0.017354
0.014543
0.011557
0.017901
0.015442
0.012096
0.018020
0.012124
0.017118
0.011022
0.016161
0.013716
0.017057
0.019689
0.014282
0.008098
0.015567
0.022458
0.007089
0.046422
0.019204
0.000267
0.008496
0.004147
0.011010
0.014479
0.093910
0.008356
0.000161
0.000081
0.000085
0.000082
0.008198
0.009283
0.013794
0.013722
0.016348
0.013252
0.014974
0.017440
0.014399
0.030841
0.004887
0.007037
0.014814
0.016926
0.013096
0.014129
0.014853
0.024209
0.008416
0.011588
0.018466
0.011493
0.019878
0.059838
0.008047
0.000185
0.000140
0.008031
0.022407
0.011068
0.009836
0.009051
0.016340
0.013021
0.015766
0.016654
0.014227
0.012985
0.016799
0.012709
0.027176
0.007749
0.011537
0.013080
0.016665
0.015534
0.012446
0.015519
0.014292
0.015217
0.019810
0.009840
0.014185
0.021682
0.010488
0.012273
0.014875
0.015221
0.017340
0.015656
0.011526
0.014590
0.016306
0.013941
0.014032
0.016276
0.013723
0.015515
0.022539
0.010068
0.011119
0.016860
0.017549
0.010299
0.014741
0.016541
0.015540
0.013895
0.013190
0.016191
0.015927
0.012529
0.016081
0.014709
0.014237
0.015771
0.015157
0.013570
0.014848
0.014109
0.015088
0.015507
0.017343
0.019285
0.012621
0.011381
0.015289
0.012232
0.014947
0.015594
0.013890
0.018433
0.013431
0.014285
0.013186
0.015112
0.018943
0.014502
0.017545
0.009927
0.012877
0.015098
0.015846
0.015462
0.015085
0.013172
0.016606
0.012632
0.018067
0.013571
0.013462
0.014207
0.018151
0.011812
0.014501
0.016133
0.020725
0.018847
0.009727
0.017029
0.013067
0.010989
0.013712
0.013231
0.017344
0.012707
0.017458
0.012118
0.015422
0.022089
0.008793
0.015686
0.011791
0.014993
0.019978
0.009582
0.014749
0.015967
0.016673
0.012141
0.016035
0.017673
0.010713
0.018394
0.013245
0.012747
0.016505
0.013646
0.014541
0.014463
0.016296
0.030664
0.013972
0.005926
0.008614
0.015091
0.017868
0.010915
0.014191
0.019298
0.011304
0.018183
0.013091
0.025380
0.013242
0.021679
0.014355
0.006954
0.024267
0.005834
0.004333
0.016052
0.015895
0.012784
0.014927
0.014468
0.021373
0.012341
0.010809
0.017715
0.012230
0.014388
0.015346
0.014486
0.014667
0.015026
0.014668
0.015225
0.016179
0.013447
0.018452
0.014532
0.011752
0.014861
0.016306
0.014372
0.046434
0.007520
0.000285
0.014361
0.007082
0.012588
0.015052
0.015581
0.017883
0.014244
0.013085
0.012230
0.014729
0.014841
0.014991
0.016033
0.013540
0.016186
0.015611
0.014098
0.014252
0.018093
0.016840
0.011313
0.012599
0.016475
0.015992
0.017650
0.021013
0.024561
0.026866
0.000285
0.010130
0.005095
0.011832
0.013055
0.020148
0.043393
0.024964
0.000312
0.004909
0.000273
0.011963
0.013362
0.017129
0.021964
0.008951
0.010388
0.014706
0.018614
0.012783
0.013116
0.016079
0.013919
0.014627
0.015210
0.107886
0.007689
0.000285
0.000146
0.000203
0.000134
0.000131
0.006288
0.011666
0.016022
0.097998
0.000284
0.000146
0.000133
0.000129
0.000130
0.008001
0.010530
0.015017
0.097359
0.005021
0.000279
0.000147
0.000133
0.000130
0.011599
0.024645
0.112168
0.000267
0.000138
0.000130
0.000125
0.000124
0.000123
0.000126
0.003873
0.012522
0.103838
0.011081
0.000284
0.000150
0.000133
0.000128
0.000127
0.010083
0.013335
0.027325
0.012037
0.000289
0.104888
0.008288
0.000267
0.000140
0.000131
0.000127
0.000128
0.005520
0.012740
0.014899
0.013038
0.016844
0.037535
0.009165
0.000268
0.022358
0.008791
0.012469
0.010955
0.016093
0.015763
0.016878
0.053635
0.011893
0.000298
0.000153
0.006563
0.016556
0.011727
0.013085
0.019133
0.013873
0.012366
0.022753
0.006394
0.016932
0.014270
0.020956
0.010962
0.012494
0.023285
0.007944
0.011230
0.015881
0.018843
0.013948
0.017297
0.040011
0.008489
0.000275
0.004807
0.013942
0.015310
0.014915
0.025258
0.004322
0.014530
0.015532
0.023147
0.050591
0.025680
0.000269
0.000152
0.005721
0.000285
0.012425
0.014950
0.017013
0.021221
0.013660
0.036902
0.014313
0.000305
0.008289
0.008895
0.016410
0.038892
0.006246
0.000271
0.016031
0.013400
0.011288
0.033549
0.006053
0.010487
0.014855
0.008740
0.015811
0.014519
0.016990
0.011585
0.014775
0.018236
0.019988
0.006236
0.015120
0.015462
0.013929
0.014928
0.015545
0.018524
0.013088
0.013431
0.016678
0.022486
0.007618
0.014260
0.014072
0.014261
0.012873
0.014957
0.014840
0.015683
0.029536
0.009621
0.006864
0.012611
0.016224
0.016200
0.039230
0.014463
0.000276
0.010692
0.021871
0.022843
0.004622
0.009584
0.032855
0.018221
0.007284
0.000300
0.008719
0.016200
0.012759
0.017499
0.015640
0.012767
0.014322
0.014336
0.015630
0.027992
0.026586
0.012274
0.000275
0.019350
0.008193
0.008951
0.013675
0.024889
0.005758
0.014219
0.016482
0.022569
0.008030
0.012215
0.017235
0.013048
0.014125
0.016071
0.052666
0.008615
0.000284
0.000147
0.017548
0.008379
0.017811
0.023092
0.007914
0.014792
0.011957
0.019829
0.008930
0.032205
0.009958
0.009169
0.007748
0.017014
0.016290
0.011035
0.030752
0.011312
0.003216
0.015826
0.013403
0.017267
0.029897
0.011272
0.006174
0.028867
0.016336
0.006042
0.006176
0.036615
0.008599
0.000302
0.011606
0.043527
0.018971
0.000518
0.015549
0.010375
0.000282
0.026381
0.005697
0.012729
0.015778
0.014997
0.017107
0.013761
0.010518
0.017035
0.015226
0.014400
0.029835
0.007671
0.008023
0.011268
0.016624
0.013288
0.014956
0.016212
0.015681
0.013098
0.026616
0.004775
0.012741
0.014949
0.067031
0.007070
0.000296
0.000148
0.003464
0.011057
0.015694
0.013740
0.020419
0.010053
0.015869
0.012611
0.017728
0.016674
0.010773
0.014164
0.022001
0.025273
0.011245
0.011197
0.006716
0.018932
0.008647
0.020888
0.011630
0.012299
0.014490
0.015150
0.014959
0.016297
0.012838
0.020486
0.013853
0.010824
0.024569
0.013333
0.036721
0.012892
0.000292
0.012465
0.004411
0.025867
0.010627
0.008976
0.015652
0.012616
0.014472
0.017272
0.011496
0.014796
0.014662
0.017542
0.013746
0.014535
0.015047
0.016038
0.022017
0.006253
0.014280
0.015554
0.014839
0.013305
0.019176
0.010430
0.015893
0.013722
0.017599
0.012082
0.016624
0.016732
0.013399
0.014999
0.017731
0.029446
0.009063
0.010002
0.015889
0.006610
0.015573
0.013402
0.013227
0.019537
0.012890
0.014019
0.014037
0.013912
0.027012
0.006428
0.014577
0.014682
0.014130
0.012479
0.021354
0.030360
0.006582
0.005788
0.010094
0.020493
0.008768
0.015492
0.014486
0.014450
0.015451
0.021837
0.080557
0.011157
0.000290
0.000151
0.000138
0.000136
0.004919
0.014197
0.014835
0.016359
0.013240
0.023193
0.005868
0.019181
0.013008
0.012346
0.015272
0.016360
0.015199
0.013821
0.014068
0.021980
0.013213
0.018318
0.048693
0.010932
0.000271
0.000144
0.020310
0.006038
0.019225
0.003825
0.016947
0.012392
0.014857
0.021276
0.013477
0.031563
0.013016
0.004533
0.011442
0.019212
0.019722
0.006396
0.013725
0.008861
0.015818
0.016390
0.012827
0.015067
0.014166
0.019481
0.010615
0.014698
0.014274
0.017923
0.030883
0.032061
0.016537
0.000274
0.000149
0.007263
0.015863
0.013727
0.019598
0.011102
0.012594
0.015058
0.014706
0.023164
0.013123
0.015929
0.012898
0.010513
0.019700
0.021047
0.013859
0.006718
0.016547
0.014864
0.010397
0.020842
0.009386
0.015858
0.014773
0.022492
0.008128
0.016390
0.010451
0.014459
0.014669
0.019275
0.017593
0.028703
0.023624
0.008725
0.000280
0.006121
0.015557
0.054368
0.010809
0.000287
0.000149
0.010229
0.013089
0.015120
0.013417
0.015354
0.016348
0.013277
0.014567
0.017299
0.012156
0.018890
0.013389
0.012271
0.018231
0.012485
0.015325
0.023698
0.010684
0.009011
0.014451
0.025277
0.006577
0.017075
0.018290
0.007028
0.033833
0.009732
0.005886
0.009774
0.015734
0.015166
0.016940
0.015280
0.011675
0.017809
0.011710
0.014533
0.015553
0.021305
0.015143
0.013890
0.008914
0.017765
0.017930
0.011021
0.011816
0.016760
0.014233
0.015071
0.013993
0.014389
0.015141
0.015536
0.016594
0.011957
0.018381
0.011730
0.014784
0.015042
0.025641
0.010925
0.012217
0.014335
0.014308
0.011431
0.017704
0.013246
0.043139
0.017463
0.000284
0.000149
0.011702
0.021063
0.009518
0.014846
0.014906
0.013558
0.016047
0.014068
0.018505
0.014755
0.010765
0.015031
0.015241
0.016152
0.013833
0.016026
0.013567
0.015639
0.013322
0.017338
0.015000
0.021819
0.006527
0.015831
0.012768
0.016260
0.013519
0.014683
0.014772
0.014495
0.018575
0.012853
0.015608
0.013080
0.015152
0.016188
0.012484
0.015698
0.014371
0.015513
0.027806
0.010376
0.005729
0.015032
0.014710
0.015492
0.014120
0.016787
0.014812
0.012890
0.015558
0.014562
0.014235
0.017741
0.020899
0.008359
0.013950
0.015532
0.013894
0.038596
0.004831
0.014716
0.007349
0.008724
0.013680
0.016705
0.013815
0.016759
0.012236
0.033688
0.013634
0.003077
0.009255
0.015539
0.013094
0.018608
0.011832
0.029332
0.014015
0.011012
0.008845
0.010482
0.017902
0.018877
0.011974
0.013081
0.012540
0.016486
0.013813
0.014097
0.016175
0.015417
0.015854
0.014420
0.023628
0.010049
0.010283
0.020733
0.008317
0.022493
0.018421
0.008931
0.012410
0.021037
0.012451
0.010151
0.028655
0.008999
0.014859
0.018422
0.003530
0.017743
0.015080
0.019770
0.081337
0.000317
0.000306
0.000144
0.000138
0.006817
0.010535
0.015758
0.007583
0.013604
0.014745
0.014464
0.014999
0.015426
0.013992
0.014904
0.015196
0.018999
0.010362
0.015042
0.016607
0.015503
0.012009
0.017555
0.060881
0.009292
0.000311
0.000156
0.012984
0.008485
0.011337
0.016133
0.011620
0.015759
0.015222
0.020736
0.007480
0.017959
0.012767
0.017175
0.011145
0.015268
0.016246
0.013114
0.016456
0.020859
0.017540
0.007144
0.012514
0.017065
0.017836
0.012993
0.011538
0.016941
0.018662
0.008283
0.018275
0.011618
0.018199
0.011372
0.015599
0.017286
0.011534
0.015860
0.022569
0.009388
0.026950
0.022898
0.022147
0.000291
0.007970
0.024600
0.004654
0.008671
0.012359
0.015470
0.016739
0.011684
0.015597
0.016203
0.013989
0.015143
0.015259
0.025368
0.007885
0.009596
0.014344
0.017613
0.015215
0.016892
0.019424
0.005931
0.015712
0.013150
0.014832
0.015799
0.016063
0.014432
0.041072
0.003952
0.000286
0.014464
0.029583
0.011440
0.009288
0.006938
0.015520
0.016988
0.011713
0.017464
0.014024
0.013640
0.017009
0.012288
0.017050
0.012825
0.014562
0.014721
0.015137
0.015387
0.015709
0.013655
0.014880
0.014049
0.017361
0.012679
0.015320
0.016518
0.012392
0.016240
0.014091
0.014296
0.015967
0.014017
0.015630
0.014264
0.014803
0.015133
0.015807
0.012711
0.017941
0.011834
0.015004
0.014588
0.015787
0.013937
0.017655
0.013801
0.012853
0.026394
0.014044
0.030794
0.013934
0.000295
0.008489
0.010709
0.015934
0.015146
0.015785
0.012217
0.015588
0.013502
0.017759
0.012191
0.014772
0.015263
0.015501
0.013716
0.016869
0.012805
0.015277
0.014328
0.018124
0.013098
0.015510
0.012654
0.017378
0.012144
0.018777
0.012300
0.025291
0.006936
0.013227
0.012331
0.019297
0.013986
0.012467
0.013796
0.015266
0.017050
0.014025
0.013904
0.015176
0.016553
0.013926
0.015303
0.016215
0.011039
0.015567
0.014968
0.014126
0.015328
0.014102
0.015515
0.015643
0.013243
0.015999
0.014118
0.014653
0.014622
0.017008
0.030408
0.014643
0.006649
0.010404
0.012762
0.012026
0.014933
0.015010
0.014927
0.017285
0.015211
0.014582
0.012691
0.014809
0.024478
0.007597
0.014688
0.012528
0.014370
0.015223
0.016311
0.012916
0.015247
0.015970
0.014092
0.014675
0.028007
0.009081
0.009184
0.013976
0.015244
0.012943
0.022359
0.007326
0.017276
0.016227
0.011782
0.021900
0.006891
0.022980
0.016236
0.017125
0.007209
0.011445
0.014502
0.016533
0.013328
0.023046
0.007482
0.015863
0.012629
0.014642
0.021116
0.010864
0.012821
