0.003559
0.004468
0.000228
0.000109
0.005284
0.015012
0.017343
0.015202
0.014091
0.013006
0.015675
0.016039
0.013562
0.016139
0.014325
0.013586
0.017506
0.011224
0.015910
0.014051
0.014926
0.016401
0.012487
0.018408
0.011678
0.014955
0.020622
0.013594
0.011552
0.026136
0.003873
0.014353
0.013670
0.015109
0.028117
0.023367
0.009318
0.018165
0.000249
0.010662
0.028446
0.013774
0.066394
0.014346
0.000253
0.000112
0.000099
0.047473
0.023776
0.000228
0.000110
0.000101
0.015824
0.095741
0.016958
0.000239
0.000129
0.000101
0.000096
0.000096
0.000096
0.062327
0.325689
0.000229
0.000108
0.000102
0.000096
0.000093
0.000092
0.000091
0.000090
0.000091
0.000091
0.000093
0.000090
0.000090
0.000091
0.000090
0.000091
0.000089
0.000091
0.000091
0.000091
0.021227
0.000238
0.000127
0.000103
0.000101
0.012048
0.000234
0.009079
0.017707
0.018814
0.009149
0.024386
0.011453
0.031913
0.007708
0.000234
0.027198
0.013488
0.022145
0.038418
0.060389
0.000226
0.000107
0.000100
0.076277
0.000237
0.000132
0.023117
0.000236
0.000112
0.000098
0.000094
0.000094
0.015334
0.021549
0.023867
0.000227
0.009498
0.010151
0.081793
0.010743
0.000230
0.000109
0.000099
0.000098
0.015431
0.049699
0.011589
0.000235
0.000138
0.009960
0.020509
0.006662
0.059827
0.016872
0.000198
0.000088
0.000080
0.023187
0.004298
0.012529
0.014338
0.097378
0.023625
0.000238
0.000126
0.000102
0.000100
0.000098
0.013999
0.129280
0.014220
0.000190
0.000084
0.000077
0.000075
0.000073
0.000072
0.000072
0.000073
0.090325
0.000228
0.081145
0.000228
0.000109
0.000100
0.000097
0.009734
0.000233
0.000111
0.000099
0.000099
0.000098
0.076479
0.023247
0.000233
0.000111
0.000099
0.000096
0.018007
0.067106
0.000234
0.011844
0.000232
0.000111
0.000101
0.110588
0.007618
0.000226
0.000109
0.000102
0.000098
0.000094
0.000095
0.003147
0.016940
0.014267
0.018761
0.068072
0.021694
0.000240
0.000142
0.000106
0.033673
0.037635
0.000238
0.000127
0.023283
0.000237
0.007338
0.000232
0.025638
0.019787
0.022194
0.019652
0.000254
0.013182
0.058429
0.000232
0.011838
0.000231
0.000114
0.013395
0.035088
0.019333
0.000239
0.016716
0.088130
0.058991
0.000246
0.000114
0.000102
0.000108
0.000098
0.000097
0.053334
0.000227
0.000111
0.000102
0.014935
0.000227
0.000112
0.018612
0.051208
0.028739
0.000230
0.000110
0.000100
0.000098
0.010490
0.021024
0.033932
0.042246
0.000235
0.046159
0.000231
0.000113
0.000103
0.028140
0.000229
0.000111
0.000103
0.013454
0.021941
0.082004
0.047564
0.000243
0.000152
0.000108
0.000100
0.014435
0.000234
0.000112
0.000102
0.063923
0.254249
0.000234
0.000110
0.000101
0.005411
0.000243
0.000144
0.000105
0.000099
0.000098
0.000096
0.000094
0.000095
0.000094
0.000095
0.000094
0.000095
0.000095
0.000094
0.000096
0.010425
0.064527
0.020722
0.000229
0.000112
0.000100
0.000099
0.004342
0.140492
0.062022
0.000230
0.000111
0.000102
0.000098
0.000095
0.000095
0.000094
0.000096
0.019774
0.000244
0.000116
0.000105
0.011451
0.016248
0.004238
0.010509
0.027049
0.038439
0.009754
0.000247
0.000131
0.066467
0.029504
0.000231
0.000111
0.000103
0.006791
0.000232
0.040275
0.019618
0.000231
0.012280
0.025406
0.319508
0.000237
0.000115
0.000104
0.000099
0.000097
0.000097
0.000095
0.000097
0.000095
0.000095
0.000096
0.000096
0.000095
0.000099
0.000096
0.000096
0.000096
0.105378
0.000234
0.000114
0.000103
0.000107
0.045486
0.000232
0.000113
0.000101
0.000099
0.000098
0.000098
0.000099
0.020874
0.000240
0.000115
0.037517
0.028812
0.000246
0.000150
0.016367
0.000258
0.004652
0.016181
0.028138
0.021149
0.056773
0.000233
0.038608
0.000228
0.000112
0.000104
0.024763
0.000231
0.000114
0.012912
0.010299
0.012445
0.016428
0.016066
0.011187
0.021059
0.010359
0.012850
0.057895
0.013292
0.000233
0.000121
0.020394
0.012067
0.030168
0.008430
0.000288
0.083432
0.028496
0.000233
0.000114
0.000102
0.000100
0.022861
0.000234
0.021779
0.000231
0.034394
0.007679
0.000251
0.009240
0.006191
0.023421
0.038425
0.000235
0.013431
0.023241
0.013829
0.000276
0.054773
0.047820
0.000250
0.000132
0.055615
0.000239
0.000116
0.000106
0.041599
0.000230
0.000113
0.000105
0.014440
0.000235
0.034530
0.000239
0.015553
0.000247
0.072001
0.115691
0.000237
0.000128
0.000106
0.000110
0.028180
0.000240
0.000136
0.000105
0.000100
0.000103
0.000100
0.075055
0.000234
0.027224
0.000246
0.000117
0.000139
0.000117
0.012777
0.000236
0.010381
0.007700
0.094708
0.018787
0.000237
0.000117
0.000104
0.000100
0.000100
0.011690
0.003636
0.018225
0.257144
0.000691
0.000237
0.000115
0.000105
0.000105
0.000101
0.000100
0.000097
0.000099
0.000098
0.000098
0.000097
0.000098
0.000098
0.000097
0.000098
0.008206
0.011954
0.023766
0.039425
0.004292
0.000235
0.016393
0.117563
0.017805
0.000242
0.000121
0.000107
0.000103
0.000100
0.000099
0.000100
0.013030
0.018498
0.072753
0.036976
0.000231
0.000113
0.000104
0.000101
0.027052
0.000233
0.000115
0.009543
0.071192
0.071199
0.000233
0.000120
0.000120
0.000104
0.014227
0.000245
0.000132
0.000109
0.000104
0.021230
0.010102
0.013522
0.018364
0.039069
0.041087
0.000250
0.000119
0.046568
0.000241
0.029274
0.000229
0.000114
0.000132
0.014110
0.000234
0.012099
0.053842
0.015901
0.000248
0.000133
0.012573
0.000244
0.024934
0.043370
0.031470
0.000240
0.000120
0.046712
0.000250
0.007155
0.000243
0.000134
0.013315
0.010928
0.022341
0.017000
0.046889
0.021204
0.000238
0.000115
0.000105
0.178608
0.000235
0.020779
0.000233
0.000117
0.000105
0.000101
0.000100
0.000100
0.000100
0.000099
0.000098
0.000100
0.006199
0.280854
0.000237
0.000116
0.000105
0.000102
0.000100
0.000100
0.000098
0.000099
0.000098
0.000099
0.000098
0.000099
0.000097
0.000098
0.000099
0.000099
0.041010
0.000238
0.037024
0.000239
0.000123
0.034357
0.000248
0.000135
0.040170
0.000243
0.017374
0.000235
0.000134
0.019342
0.000247
0.134963
0.077856
0.000236
0.000115
0.000105
0.000102
0.000099
0.000099
0.000100
0.021178
0.000235
0.000119
0.000108
0.000103
0.000102
0.006616
0.005825
0.014038
0.018829
0.109632
0.035744
0.000238
0.000117
0.000107
0.000103
0.000102
0.000103
0.082947
0.000240
0.013543
0.000239
0.000116
0.000112
0.000104
0.000104
0.047884
0.064515
0.000237
0.000119
0.018077
0.000237
0.000118
0.000108
0.007763
0.000236
0.038905
0.012547
0.006402
0.011555
0.008722
0.008865
0.077931
0.027223
0.000248
0.000151
0.000112
0.013435
0.000247
0.024159
0.030374
0.000236
0.010339
0.000243
0.024297
0.004015
0.013389
0.052854
0.027987
0.000233
0.000117
0.015156
0.000238
0.025884
0.042335
0.075844
0.000248
0.000134
0.000110
0.015967
0.000239
0.000130
0.000109
0.000107
0.051258
0.016458
0.000239
0.000121
0.014421
0.010306
0.005963
0.021247
0.026635
0.016855
0.058951
0.000243
0.009560
0.000243
0.000119
0.000110
0.046016
0.014470
0.000238
0.000120
0.026245
0.019832
0.015511
0.000245
0.036613
0.019777
0.000244
0.000117
0.022381
0.045277
0.000237
0.018109
0.000235
0.000118
0.011820
0.021846
0.012043
0.023345
0.026601
0.010952
0.000243
0.014517
0.009278
0.016253
0.023082
0.007849
0.102822
0.068967
0.000194
0.000092
0.000086
0.000081
0.000079
0.000079
0.000080
0.016562
0.000377
0.000170
0.011101
0.068705
0.037959
0.000303
0.000124
0.000111
0.014724
0.000248
0.000124
0.037812
0.016865
0.000240
0.000121
0.013167
0.016889
0.009385
0.026426
0.374278
0.000234
0.000149
0.000113
0.000105
0.000104
0.000102
0.000102
0.000102
0.000101
0.000101
0.000101
0.000101
0.000100
0.000102
0.000100
0.000102
0.000100
0.000103
0.034818
0.000238
0.000119
0.000107
0.000138
0.000109
0.000106
0.027889
0.000240
0.000120
0.028457
0.000240
0.007231
0.000253
0.010193
0.076484
0.010062
0.000246
0.000119
0.000109
0.005954
0.063726
0.006434
0.000248
0.000125
0.009517
0.006335
0.014076
0.014539
0.019083
0.011262
0.014968
0.014880
0.014146
0.014736
0.016321
0.016683
0.011443
0.015183
0.015221
0.013851
0.016537
0.013377
0.015863
0.014007
0.015628
0.013611
0.015130
0.015154
0.035174
0.028341
0.000248
0.004338
0.005957
0.020479
0.035452
0.017009
0.000242
0.034818
0.000239
0.015459
0.011476
0.000269
0.019583
0.016767
0.019063
0.041711
0.014237
0.000253
0.000152
0.012361
0.042314
0.012266
0.000251
0.022193
0.011594
0.000255
0.007684
0.027991
0.038686
0.018561
0.000239
0.000120
0.016008
0.077827
0.012106
0.000243
0.000121
0.000108
0.000106
0.011354
0.006529
0.036083
0.004526
0.004695
0.014370
0.016474
0.027282
0.016073
0.064799
0.013340
0.000236
0.000119
0.000108
0.000106
0.071943
0.123309
0.000231
0.000093
0.000088
0.017738
0.000165
0.000090
0.000091
0.000079
0.000088
0.000063
0.000063
0.000063
0.052505
0.021830
0.000242
0.000119
0.000111
0.030097
0.007480
0.000242
0.279010
0.000295
0.000122
0.000108
0.000107
0.000138
0.000107
0.000102
0.000102
0.000101
0.000101
0.000101
0.000101
0.000101
0.000101
0.000101
0.000101
0.010074
0.000242
0.082766
0.000254
0.070755
0.000250
0.000122
0.000110
0.000109
0.020537
0.000277
0.000123
0.000109
0.000107
0.009365
0.019647
0.005209
0.015910
0.088771
0.051675
0.000252
0.000136
0.000113
0.000110
0.082355
0.000248
0.000136
0.000113
0.143366
0.000247
0.000121
0.000114
0.000109
0.114301
0.000237
0.000120
0.000110
0.000107
0.000104
0.000103
0.000109
0.000104
0.000104
0.021992
0.000238
0.000120
0.000109
0.000107
0.000104
0.000104
0.000105
0.104789
0.027511
0.000245
0.000120
0.000109
0.000106
0.000105
0.000104
0.000104
0.085545
0.000243
0.012018
0.000243
0.000121
0.000111
0.000108
0.035720
0.016522
0.000201
0.000095
0.021713
0.014389
0.012231
0.021203
0.018726
0.148443
0.000244
0.078382
0.000241
0.000119
0.000110
0.000106
0.000105
0.000104
0.000103
0.000104
0.000105
0.058474
0.000242
0.000120
0.000110
0.000106
0.063780
0.000249
0.000170
0.000118
0.030168
0.000248
0.000122
0.000113
0.050649
0.000245
0.025121
0.000243
0.000120
0.000113
0.055647
0.015927
0.000240
0.000121
0.000111
0.040011
0.024850
0.000242
0.000124
0.016326
0.000243
0.009765
0.022066
0.017818
0.017410
0.010804
0.000242
0.014946
0.069420
0.084578
0.000240
0.000121
0.000112
0.026670
0.000247
0.000138
0.000112
0.000108
0.000108
0.062703
0.000249
0.022887
0.000244
0.000120
0.000112
0.006025
0.070212
0.023813
0.000245
0.000122
0.000114
0.282310
0.000242
0.000120
0.000111
0.000107
0.000105
0.000105
0.000104
0.000104
0.000104
0.000103
0.000109
0.000105
0.000104
0.000103
0.000103
0.000104
0.000103
0.000104
0.040582
0.000243
0.000123
0.050746
0.000248
0.060268
0.000243
0.000122
0.000112
0.032833
0.000271
0.000139
0.000115
0.018692
0.000249
0.093458
0.270831
0.000253
0.000139
0.000115
0.000110
0.000107
0.000108
0.003917
0.000249
0.000123
0.000110
0.000107
0.000105
0.000105
0.000104
0.000104
0.000104
0.000104
0.000103
0.000140
0.000109
0.000104
0.000103
0.000105
0.003271
0.038629
0.019256
0.000252
0.027533
0.024943
0.000245
0.022753
0.000246
0.029211
0.030471
0.000244
0.009039
0.000259
0.023261
0.005987
0.000248
0.014155
0.017598
0.040702
0.036692
0.000244
0.024787
0.000243
0.000123
0.037570
0.021472
0.000256
0.000139
0.038627
0.000250
0.051946
0.000244
0.039840
0.000243
0.000123
0.010505
0.000283
0.000126
0.016390
0.037667
0.014337
0.000251
0.000127
0.038618
0.021514
0.000252
0.000140
0.043743
0.024031
0.000247
0.000125
0.016113
0.016510
0.000208
0.013868
0.022694
0.033518
0.010283
0.000254
0.012503
0.022471
0.006039
0.026517
0.004229
0.022845
0.003852
0.009715
0.019046
0.026714
0.007611
0.012901
0.094875
0.023352
0.000243
0.000123
0.000113
0.000111
0.000108
0.026792
0.220058
0.000262
0.000140
0.000115
0.000110
0.000109
0.000107
0.000107
0.000108
0.000107
0.000106
0.000106
0.000106
0.000106
0.000105
0.000108
0.002592
0.011746
0.141261
0.018842
0.000260
0.000129
0.000116
0.000111
0.000109
0.000108
0.000107
0.000110
0.006259
0.026454
0.014695
0.036335
0.008137
0.000248
0.009834
0.012206
0.055000
0.133355
0.000278
0.000128
0.000114
0.199599
0.000288
0.000152
0.000116
0.000108
0.000107
0.000106
0.000108
0.013034
0.000241
0.000122
0.000112
0.000109
0.000108
0.000107
0.000106
0.000107
0.000105
0.000106
0.000106
0.000106
0.000107
0.120349
0.025004
0.000248
0.000125
0.000112
0.000108
0.000109
0.000107
0.000107
0.000108
0.004094
0.030533
0.011207
0.009192
0.052907
0.026059
0.000253
0.000128
0.009646
0.000253
0.007549
0.023268
0.008326
0.012856
0.014690
0.020417
0.029352
0.037240
0.138509
0.000244
0.000124
0.021421
0.000244
0.000123
0.000112
0.000110
0.000108
0.000107
0.000124
0.000107
0.000107
0.004591
0.012998
0.014992
0.021762
0.007635
0.016114
0.014206
0.015474
0.013776
0.015838
0.014824
0.013719
0.015166
0.021113
0.037581
0.013686
0.000219
0.020469
0.048186
0.000248
0.008683
0.000254
0.013083
0.003508
0.011168
0.018741
0.023414
0.018436
0.028199
0.022060
0.000261
0.005107
0.009177
0.008120
0.014907
0.015091
0.014800
0.014843
0.014351
0.014831
0.015776
0.013724
0.015468
0.014889
0.015975
0.013985
0.014270
0.014596
0.015362
0.014184
0.015266
0.014363
0.015103
0.015673
0.013681
0.015161
0.014783
0.015872
0.013547
0.015013
0.014772
0.016815
0.012730
0.018340
0.011493
0.015186
0.014810
0.014372
0.014788
0.015447
0.014638
0.014599
0.014744
0.015021
0.020895
0.009102
0.016387
0.012909
0.015369
0.014469
0.014692
0.015330
0.018678
0.011894
0.014040
0.014397
0.015684
0.014571
0.014145
0.016655
0.013479
0.024754
0.004443
0.014760
0.019597
0.010523
0.014440
0.019585
0.010012
0.017557
0.012182
0.016841
0.012418
0.015103
0.014775
0.015431
0.014975
0.014180
0.016661
0.013092
0.015368
0.014157
0.014809
0.022502
0.008618
0.013570
0.014557
0.015804
0.017200
0.011267
0.016562
0.013468
0.014492
0.014956
0.014637
0.015272
0.014852
0.014661
0.014628
0.015927
0.013581
0.014928
0.016278
0.027373
0.003832
0.022292
0.005472
0.014118
0.016148
0.013290
0.014730
0.014877
0.016422
0.030594
0.005046
0.007510
0.015793
0.013498
0.014783
0.014830
0.014827
0.014803
0.014914
0.015625
0.014635
0.015724
0.022804
0.005369
0.016421
0.013270
0.014907
0.014657
0.014664
0.015121
0.014613
0.014868
0.015504
0.020537
0.008978
0.014483
0.018547
0.011320
0.016414
0.013159
0.014735
0.015282
0.017445
0.012823
0.035037
0.008781
0.003547
0.010735
0.016511
0.022095
0.024044
0.007688
0.006742
0.012562
0.015577
0.013918
0.029144
0.008435
0.009911
0.011190
0.018504
0.011443
0.015006
0.014539
0.014952
0.014686
0.014855
0.021093
0.015859
0.007907
0.017933
0.011574
0.018541
0.011596
0.014650
0.014456
0.014818
0.014659
0.015446
0.014731
0.015456
0.014000
0.014971
0.016032
0.013810
0.016889
0.012243
0.019066
0.011390
0.014601
0.018253
0.012806
0.012901
0.016009
0.013890
0.016132
0.013557
0.014980
0.014536
0.015284
0.014492
0.015870
0.013576
0.014783
0.015206
0.014641
0.096287
0.015287
0.000251
0.000126
0.000116
0.000115
0.000113
0.006663
0.014817
0.021488
0.007821
0.014743
0.015484
0.100499
0.008875
0.000257
0.000130
0.000116
0.000113
0.000117
0.007960
0.017092
0.100243
0.009841
0.000232
0.000127
0.000116
0.000112
0.000112
0.005866
0.014748
0.104760
0.003415
0.000252
0.000126
0.000117
0.000114
0.000116
0.010349
0.013944
0.015382
0.090772
0.000257
0.000129
0.000117
0.000114
0.000113
0.015457
0.012016
0.013800
0.095098
0.000254
0.000127
0.000115
0.000111
0.000112
0.008506
0.014607
0.024669
0.006611
0.014760
0.106631
0.020216
0.000258
0.000130
0.000117
0.000116
0.000114
0.002928
0.003196
0.014705
0.018748
0.010013
0.013945
0.014725
0.037959
0.005067
0.003621
0.014406
0.013471
0.014191
0.015675
0.017011
0.013020
0.013988
0.014606
0.014667
0.015073
0.017113
0.017682
0.009942
0.015207
0.016077
0.013194
0.016239
0.012902
0.015079
0.015174
0.014655
0.014828
0.029808
0.003189
0.011420
0.014543
0.014888
0.015478
0.014053
0.019910
0.016545
0.008624
0.014189
0.015148
0.014477
0.016594
0.013815
0.015146
0.013796
0.016244
0.014086
0.014557
0.014565
0.015047
0.017111
0.013896
0.014357
0.013769
0.018357
0.011184
0.019890
0.010747
0.014178
0.017157
0.016183
0.011188
0.015139
0.014332
0.014893
0.081144
0.007141
0.000266
0.000131
0.000122
0.002826
0.012179
0.015028
0.015682
0.013692
0.017047
0.013136
0.014810
0.014655
0.018590
0.012092
0.014230
0.014593
0.014232
0.015245
0.015613
0.024307
0.014660
0.005426
0.014990
0.015238
0.031872
0.003443
0.012908
0.061644
0.009004
0.000265
0.000144
0.016538
0.019509
0.005367
0.004529
0.014374
0.011654
0.014892
0.015014
0.014607
0.015078
0.017893
0.012090
0.014377
0.014976
0.015891
0.018211
0.010761
0.014555
0.016917
0.013022
0.014705
0.017320
0.017416
0.009276
0.015130
0.014504
0.018322
0.011348
0.015182
0.015777
0.020268
0.008387
0.014571
0.015046
0.032833
0.005469
0.006236
0.015120
0.014843
0.016440
0.013131
0.014593
0.014742
0.014844
0.014900
0.016668
0.013016
0.014983
0.014600
0.015017
0.014928
0.015117
0.015566
0.013562
0.016231
0.015382
0.025433
0.005795
0.011453
0.014928
0.015069
0.014735
0.015255
0.016882
0.012440
0.036979
0.016124
0.004347
0.009207
0.007383
0.014728
0.015788
0.014893
0.013947
0.016876
0.012484
0.015110
0.014686
0.015323
0.015444
0.015713
0.012823
0.014763
0.015161
0.014581
0.014717
0.015206
0.015507
0.014605
0.026990
0.009048
0.009637
0.015426
0.013301
0.015150
0.014459
0.015208
0.014227
0.014967
0.014900
0.014531
0.014303
0.014909
0.015169
0.014767
0.014580
0.016964
0.013519
0.014043
0.014994
0.014858
0.017552
0.016335
0.010634
0.014863
0.015234
0.014218
0.015002
0.014649
0.014819
0.014813
0.015028
0.020468
0.009044
0.015060
0.014954
0.016951
0.014601
0.013907
0.013606
0.015195
0.014486
0.015351
0.014591
0.015754
0.013816
0.014916
0.015904
0.013614
0.015557
0.014775
0.014549
0.014433
0.018940
0.011852
0.013831
0.016092
0.013396
0.014834
0.016532
0.013205
0.015451
0.015136
0.014188
0.014993
0.014471
0.015287
0.014433
0.016198
0.013788
0.014576
0.014634
0.015622
0.014198
0.015239
0.014141
0.015034
0.014732
0.015257
0.014826
0.014524
0.017356
0.012232
0.014716
0.014962
0.014723
0.014976
0.015472
0.014114
0.014869
0.014956
0.015514
0.014311
0.014492
0.017949
0.011835
0.015045
0.014992
0.019433
0.009756
0.016717
0.014030
0.013689
0.014836
0.015146
0.017075
0.012493
0.016905
0.015641
0.015169
0.011926
0.014390
0.015015
0.017417
0.012093
0.015064
