-1.740000, 4.830000, 0.120000
-1.950000, 4.080000,-0.020000
-2.420000, 3.690000,-0.260000
-3.450000, 3.680000,-0.310000
-4.480000, 3.350000,-0.120000
-4.690000, 3.340000,-0.190000
-4.200000, 2.830000,-0.250000
-3.980000, 2.580000,-0.480000
-4.170000, 2.160000,-0.450000
-4.880000, 1.840000,-0.460000
-5.660000, 1.690000,-0.540000
-5.510000, 1.680000,-0.480000
-4.450000, 1.760000,-0.610000
-3.260000, 1.930000,-0.250000
-2.830000, 1.740000,-0.260000
-2.550000, 1.510000, 0.000000
-1.730000, 1.630000,-0.050000
-0.810000, 1.620000, 0.000000
-0.380000, 1.630000,-0.330000
-1.030000, 1.930000,-0.090000
-1.770000, 2.110000,-0.120000
-1.800000, 2.480000, 0.000000
-1.320000, 2.760000, 0.040000
-0.500000, 3.030000, 0.040000
-0.060000, 3.050000, 0.160000
 0.370000, 3.460000, 0.040000
 0.450000, 3.630000, 0.120000
-0.080000, 3.500000,-0.160000
-1.200000, 3.480000,-0.260000
-1.220000, 3.540000,-0.300000
-0.930000, 3.290000,-0.060000
-0.510000, 3.160000, 0.170000
-0.810000, 3.140000, 0.300000
-0.900000, 2.800000,-0.110000
-1.030000, 2.720000,-0.280000
-1.060000, 2.680000,-0.610000
-1.470000, 2.000000,-0.490000
-1.380000, 1.620000,-0.370000
-1.090000, 1.530000,-0.220000
-0.200000, 1.670000,-0.360000
 0.580000, 1.830000,-0.410000
 0.740000, 1.980000,-0.620000
-0.540000, 2.110000,-0.400000
-2.430000, 1.900000,-0.100000
-3.510000, 1.970000, 0.000000
-3.840000, 2.090000, 0.010000
-3.220000, 2.340000,-0.180000
-1.900000, 2.310000,-0.480000
-0.670000, 2.280000,-0.660000
-0.630000, 2.060000,-0.650000
-1.350000, 1.780000,-0.630000
-3.030000, 1.530000,-0.520000
-4.220000, 1.310000,-0.460000
-4.780000, 1.200000,-0.630000
-4.740000, 1.250000,-0.650000
-3.950000, 0.620000,-0.600000
-2.960000, 0.370000,-0.490000
-2.090000, 0.300000,-0.410000
-1.740000, 0.350000,-0.410000
-1.880000, 0.490000,-0.420000
-2.000000, 0.460000,-0.430000
-2.470000, 0.670000,-0.350000
-3.120000, 0.720000,-0.560000
-3.550000, 0.900000,-0.470000
-3.810000, 0.780000,-0.580000
-3.700000, 1.060000,-0.470000
-3.180000, 1.210000,-0.270000
-2.380000, 1.500000,-0.040000
-1.620000, 1.420000,-0.160000
-1.290000, 1.700000,-0.060000
-1.330000, 1.760000,-0.210000
-1.350000, 1.800000,-0.220000
-1.660000, 1.810000,-0.350000
-2.160000, 1.800000,-0.590000
-3.080000, 1.690000,-0.320000
-3.190000, 1.900000,-0.280000
-2.560000, 1.820000,-0.090000
-2.200000, 1.940000,-0.150000
-2.080000, 1.860000,-0.220000
-2.350000, 1.950000,-0.070000
-2.510000, 1.780000,-0.070000
-2.100000, 2.000000, 0.000000
-1.870000, 1.820000,-0.260000
-1.770000, 2.120000,-0.280000
-2.090000, 2.110000,-0.230000
-2.390000, 2.320000, 0.000000
-2.490000, 2.120000,-0.190000
-2.850000, 2.290000,-0.060000
-2.610000, 2.240000, 0.030000
-2.520000, 2.520000,-0.220000
-2.580000, 2.350000, 0.000000
-2.630000, 2.450000,-0.030000
-2.810000, 2.240000, 0.020000
-3.030000, 1.840000,-0.260000
-3.440000, 1.580000,-0.310000
-3.650000, 1.190000,-0.410000
-4.050000, 0.930000,-0.490000
-3.630000, 0.510000,-0.490000
-3.150000, 0.190000,-0.750000
-3.060000,-0.040000,-0.740000
-2.900000,-0.500000,-0.710000
-3.130000,-0.580000,-0.710000
-3.540000,-0.430000,-0.630000
-3.790000,-0.230000,-0.500000
-3.640000, 0.020000,-0.540000
-3.380000, 0.320000,-0.390000
-2.790000, 0.930000,-0.640000
-2.180000, 1.290000,-0.520000
-1.560000, 2.100000,-0.290000
-1.670000, 2.660000,-0.230000
-1.730000, 3.250000, 0.080000
-1.480000, 3.630000, 0.120000
-1.740000, 4.130000, 0.160000
-1.800000, 4.220000, 0.160000
-1.900000, 4.740000, 0.150000
-1.850000, 4.670000, 0.240000
-1.870000, 4.960000, 0.120000
-1.810000, 5.220000, 0.210000
-1.730000, 5.250000, 0.280000
-1.910000, 5.530000, 0.290000
-1.720000, 6.030000, 0.300000
-2.080000, 6.400000, 0.470000
-2.480000, 7.070000, 0.330000
-2.490000, 7.280000, 0.440000
-2.270000, 7.930000, 0.350000
-1.440000, 8.210000, 0.210000
-0.380000, 8.060000, 0.210000
 0.600000, 7.750000, 0.290000
 1.740000, 7.120000, 0.570000
 2.950000, 5.830000, 0.620000
 3.030000, 5.040000, 0.520000
 1.550000, 3.930000, 0.290000
-0.080000, 2.680000,-0.120000
-1.830000, 1.930000,-0.220000
-3.290000, 1.160000,-0.450000
-3.430000, 0.540000,-0.550000
-2.820000, 0.210000,-0.700000
-2.210000, 0.100000,-0.690000
-2.360000,-0.130000,-0.480000
-2.860000, 0.050000,-0.150000
-3.000000, 0.200000,-0.030000
-2.960000, 0.340000,-0.220000
-2.480000, 0.640000,-0.210000
-1.870000, 1.030000,-0.290000
-1.610000, 1.320000,-0.490000
-1.980000, 1.570000,-0.440000
-2.650000, 1.930000,-0.530000
-3.120000, 2.310000,-0.290000
-3.290000, 2.400000,-0.100000
-3.340000, 2.450000, 0.190000
-2.930000, 2.520000, 0.060000
-2.830000, 2.350000,-0.060000
-2.800000, 2.470000,-0.220000
-2.640000, 2.220000,-0.290000
-2.820000, 1.530000,-0.290000
-3.070000, 1.150000,-0.420000
-3.470000, 0.540000,-0.560000
-3.740000, 0.380000,-0.450000
-3.970000,-0.060000,-0.650000
-4.070000,-0.700000,-0.710000
-4.090000,-0.770000,-0.810000
-4.180000,-1.190000,-0.940000
-4.250000,-1.290000,-0.740000
-4.480000,-1.470000,-0.550000
-4.790000,-1.630000,-0.610000
-4.510000,-1.050000,-0.470000
-3.800000,-0.800000,-0.580000
-3.410000,-0.620000,-0.600000
-3.050000,-0.150000,-0.540000
-2.700000, 0.030000,-0.580000
-3.040000, 0.320000,-0.340000
-3.510000, 0.610000,-0.270000
-3.740000, 0.910000,-0.240000
-3.770000, 1.390000,-0.260000
-2.640000, 1.750000,-0.190000
-1.480000, 1.940000,-0.210000
-0.900000, 2.350000,-0.140000
-1.220000, 2.620000,-0.040000
-1.920000, 2.820000,-0.050000
-2.180000, 3.060000,-0.020000
-2.200000, 2.870000,-0.230000
-2.090000, 3.050000,-0.300000
-1.780000, 3.120000,-0.190000
-1.670000, 2.910000,-0.170000
-2.040000, 3.010000,-0.190000
-2.580000, 2.690000,-0.260000
-3.030000, 2.870000,-0.230000
-2.930000, 2.520000,-0.270000
-2.000000, 2.560000,-0.240000
-0.720000, 2.650000,-0.220000
-0.340000, 2.430000,-0.220000
-0.920000, 2.620000,-0.090000
-1.800000, 2.490000,-0.010000
-2.800000, 2.800000,-0.090000
-3.250000, 3.000000,-0.010000
-3.180000, 3.090000, 0.040000
-2.920000, 3.140000, 0.000000
-2.420000, 3.500000, 0.090000
-2.160000, 3.450000, 0.240000
-2.010000, 3.610000, 0.090000
-2.450000, 3.470000,-0.050000
-3.120000, 3.290000, 0.000000
-3.630000, 3.450000, 0.090000
-3.610000, 3.610000, 0.010000
-3.060000, 3.450000, 0.090000
-2.720000, 3.580000, 0.230000
-2.700000, 3.290000, 0.120000
-2.700000, 3.240000, 0.030000
-2.660000, 3.350000, 0.070000
-2.780000, 3.350000, 0.040000
-2.820000, 3.190000, 0.110000
-2.820000, 3.200000, 0.030000
-2.740000, 3.170000,-0.020000
-2.730000, 3.050000,-0.030000
-2.700000, 3.350000,-0.120000
-2.750000, 2.930000,-0.090000
-2.510000, 2.930000,-0.120000
-2.740000, 2.940000,-0.150000
-2.870000, 2.780000,-0.140000
-2.830000, 2.930000, 0.010000
-2.770000, 2.870000,-0.060000
-2.190000, 2.960000,-0.090000
-1.860000, 3.160000,-0.220000
-2.070000, 3.230000,-0.190000
-2.350000, 2.840000,-0.230000
-2.850000, 2.970000,-0.190000
-2.960000, 2.720000, 0.000000
-3.220000, 2.670000,-0.250000
-3.510000, 2.380000,-0.060000
-3.870000, 2.270000,-0.190000
-3.850000, 2.010000,-0.230000
-3.830000, 1.940000,-0.280000
-3.610000, 1.810000,-0.420000
-2.900000, 1.390000,-0.740000
-1.060000, 1.330000,-1.030000
 1.930000, 1.030000,-0.960000
 5.290000, 0.630000,-0.900000
 7.610000, 0.560000,-1.100000
 7.780000, 0.540000,-1.050000
 7.960000, 0.580000,-0.860000
 6.150000, 0.750000,-0.960000
 2.690000, 0.680000,-0.640000
-1.890000, 0.930000,-0.220000
-6.780000, 0.790000, 0.140000
-11.020000, 0.410000, 0.500000
-15.060000, 0.130000, 0.570000
-17.920000,-0.270000, 0.460000
-19.170000,-0.510000, 0.230000
-18.520000,-0.610000,-0.290000
-14.930000,-0.800000,-0.740000
-9.470000,-1.050000,-1.120000
-2.830000,-0.860000,-1.090000
 2.660000,-0.240000,-1.110000
 5.200000, 0.550000,-0.910000
 4.090000, 1.080000,-0.820000
 1.190000, 2.200000,-0.420000
-1.960000, 3.190000, 0.000000
-3.350000, 4.280000, 0.290000
-2.630000, 5.370000, 0.480000
-1.030000, 6.410000, 0.610000
 0.160000, 7.090000, 0.980000
-0.310000, 7.940000, 0.900000
-2.290000, 8.600000, 0.790000
-4.160000, 9.060000, 0.620000
-5.260000, 9.700000, 0.590000
-6.370000, 10.380000, 0.740000
-6.800000, 10.400000, 0.950000
-6.950000, 10.320000, 1.220000
-6.240000, 9.450000, 1.320000
-5.010000, 8.480000, 1.020000
-3.680000, 7.770000, 0.720000
-3.040000, 7.250000, 0.450000
-2.730000, 6.440000, 0.110000
-2.800000, 6.140000, 0.290000
-2.220000, 5.420000, 0.070000
-1.740000, 5.000000, 0.090000
-0.830000, 4.240000, 0.080000
 0.000000, 3.720000, 0.050000
 0.720000, 3.620000, 0.160000
 0.410000, 3.470000,-0.170000
-0.550000, 3.300000,-0.250000
-1.670000, 3.960000,-0.370000
-2.150000, 4.160000,-0.310000
-1.800000, 4.570000,-0.180000
-0.920000, 4.930000, 0.040000
-0.480000, 5.340000, 0.020000
-0.640000, 5.480000, 0.120000
-1.450000, 5.640000, 0.000000
-2.380000, 5.670000, 0.100000
-2.560000, 5.660000, 0.090000
-2.390000, 5.800000, 0.090000
-1.700000, 5.550000, 0.000000
-1.040000, 5.490000, 0.040000
-0.510000, 5.180000, 0.050000
-0.380000, 5.050000,-0.020000
-0.360000, 5.070000,-0.080000
 0.000000, 4.840000,-0.320000
 1.190000, 4.590000,-0.460000
 2.840000, 4.050000,-0.530000
 3.850000, 3.450000,-0.580000
 4.060000, 2.830000,-0.770000
 2.770000, 2.330000,-0.740000
 0.260000, 2.040000,-0.650000
-3.380000, 1.380000,-0.800000
-6.920000, 1.030000,-0.690000
-9.580000, 0.870000,-0.770000
-10.400000, 0.580000,-0.960000
-8.840000,-0.110000,-1.250000
-6.630000,-0.550000,-1.250000
-3.270000,-0.840000,-1.220000
 0.130000,-1.310000,-1.450000
 2.290000,-1.510000,-1.450000
 3.080000,-1.220000,-2.090000
 3.480000,-0.640000,-2.090000
 2.540000,-0.200000,-1.550000
-0.660000,-0.260000,-1.120000
-4.660000,-0.220000,-0.450000
-7.720000, 0.400000,-0.100000
-8.620000, 0.850000,-0.090000
-8.020000, 1.220000,-0.040000
-7.340000, 1.450000, 0.170000
-7.810000, 1.540000, 0.210000
-8.870000, 1.670000, 0.260000
-9.650000, 2.000000, 0.010000
-9.860000, 2.430000,-0.090000
-9.600000, 2.740000,-0.150000
-7.880000, 2.660000, 0.150000
-5.360000, 2.420000, 0.800000
-3.060000, 2.450000, 0.980000
-1.740000, 2.620000, 0.590000
-1.220000, 2.750000, 0.200000
-1.900000, 2.870000,-0.300000
-2.110000, 2.800000,-0.230000
-2.380000, 3.310000,-0.120000
-2.620000, 4.260000,-0.140000
-3.190000, 5.000000,-0.450000
-4.530000, 5.290000,-0.300000
-5.820000, 4.820000,-0.120000
-6.410000, 4.450000,-0.230000
-5.620000, 4.250000,-0.020000
-4.400000, 4.600000, 0.370000
-3.130000, 5.070000, 0.810000
-2.070000, 5.750000, 0.780000
-1.540000, 5.750000, 0.720000
-1.640000, 5.830000, 0.800000
-1.550000, 6.040000, 0.730000
-1.320000, 6.580000, 0.320000
-0.830000, 6.790000, 0.220000
-1.240000, 7.050000,-0.030000
-2.290000, 6.960000,-0.050000
-3.270000, 7.160000, 0.350000
-4.320000, 7.150000, 0.520000
-5.080000, 7.450000, 0.730000
-5.070000, 7.120000, 0.580000
-4.450000, 6.960000, 0.640000
-3.210000, 6.680000, 0.480000
-1.490000, 6.680000, 0.230000
 0.020000, 6.730000, 0.140000
 1.080000, 6.830000, 0.330000
 0.840000, 6.780000, 0.500000
 0.490000, 6.730000, 0.750000
-0.470000, 6.640000, 0.640000
-1.930000, 6.950000, 0.550000
-2.980000, 7.080000, 0.480000
-4.050000, 7.080000, 0.570000
-4.320000, 7.270000, 0.450000
-3.700000, 7.230000, 0.330000
-2.070000, 7.110000, 0.220000
-0.390000, 7.250000, 0.260000
 0.710000, 7.430000, 0.410000
 1.070000, 7.800000, 0.290000
 1.430000, 7.580000, 0.350000
 1.640000, 7.200000, 0.440000
 1.320000, 7.120000, 0.200000
 0.670000, 7.240000, 0.370000
-1.230000, 7.040000, 0.410000
-2.580000, 6.800000, 0.410000
-3.250000, 6.640000, 0.650000
-3.240000, 5.550000, 0.770000
-2.620000, 5.340000, 0.960000
-2.350000, 4.720000, 0.710000
-2.440000, 4.290000, 0.260000
-2.890000, 3.510000, 0.080000
-3.060000, 2.970000,-0.220000
-3.200000, 2.310000,-0.320000
-2.760000, 1.480000,-0.210000
-2.190000, 0.830000, 0.120000
-1.910000, 0.420000,-0.030000
-1.880000,-0.430000,-0.250000
-2.000000,-1.220000,-0.410000
-2.220000,-2.050000,-0.640000
-2.370000,-2.580000,-0.560000
-2.470000,-3.260000,-0.920000
-2.790000,-3.930000,-1.070000
-2.640000,-4.430000,-1.000000
-2.950000,-5.000000,-1.060000
-3.300000,-5.410000,-1.170000
-4.480000,-5.980000,-1.110000
-5.830000,-6.320000,-1.220000
-7.350000,-6.340000,-1.190000
-8.260000,-6.660000,-1.140000
-8.660000,-6.690000,-1.080000
-7.660000,-6.850000,-0.650000
-5.450000,-6.780000,-0.320000
-3.200000,-6.770000,-0.120000
-0.890000,-6.310000,-0.420000
 1.150000,-5.930000,-0.620000
 1.120000,-5.690000,-0.930000
-0.970000,-5.110000,-0.810000
-3.550000,-4.480000,-0.320000
-4.840000,-3.570000,-0.280000
-4.150000,-3.230000,-0.010000
-2.350000,-2.300000,-0.190000
-0.480000,-1.590000,-0.470000
 0.430000,-0.930000,-0.390000
 0.290000, 0.000000,-0.370000
-1.290000, 0.840000, 0.240000
-2.950000, 1.740000, 0.420000
-4.020000, 2.680000, 0.790000
-3.720000, 3.790000, 1.000000
-2.870000, 4.940000, 0.580000
-1.330000, 6.080000, 0.530000
-0.800000, 6.630000, 0.270000
-0.410000, 6.870000, 0.390000
-0.040000, 7.210000, 0.540000
 0.830000, 7.430000, 0.600000
 1.440000, 7.730000, 0.800000
 1.160000, 7.830000, 1.110000
 0.340000, 7.610000, 1.260000
-0.030000, 7.910000, 1.760000
 0.900000, 8.570000, 2.200000
 2.930000, 9.220000, 2.800000
 5.010000, 10.330000, 2.670000
 6.870000, 11.210000, 2.460000
 7.600000, 12.850000, 2.800000
 6.770000, 14.810000, 3.080000
 5.990000, 16.630000, 3.290000
 6.680000, 18.700000, 3.950000
 8.350000, 20.830000, 4.350000
 10.990000, 23.090000, 5.240000
 14.180000, 24.800000, 5.790000
 16.960000, 26.250000, 5.830000
 17.220000, 26.410000, 5.810000
 15.310000, 25.930000, 6.230000
 12.480000, 24.090000, 7.350000
 10.560000, 21.390000, 8.060000
 8.960000, 18.420000, 8.250000
 7.090000, 15.920000, 9.290000
 5.550000, 11.110000, 10.930000
 6.400000, 4.450000, 11.090000
 11.180000,-4.510000, 9.540000
 17.420000,-15.770000, 6.350000
 22.900000,-28.700000, 2.000000
 24.940000,-42.130000,-3.100000
 22.420000,-56.750000,-9.920000
 18.950000,-72.330000,-17.630000
 19.300000,-88.630000,-22.230000
 23.120000,-105.330000,-22.520000
 27.060000,-122.830000,-19.470000
 27.650000,-137.250000,-14.780000
 24.740000,-148.470000,-9.370000
 19.710000,-156.750000,-3.100000
 13.900000,-165.190000, 4.880000
 8.520000,-175.010000, 13.350000
 3.590000,-186.510000, 21.760000
-1.310000,-200.030000, 28.540000
-7.320000,-214.580000, 34.220000
-15.770000,-228.100000, 37.930000
-25.610000,-238.830000, 40.090000
-36.950000,-248.480000, 41.260000
-50.380000,-250.130000, 43.460000
-59.550000,-250.130000, 46.380000
-64.800000,-250.130000, 51.560000
-74.250000,-250.130000, 59.290000
-91.810000,-245.140000, 63.890000
-109.680000,-236.580000, 54.380000
-126.500000,-227.640000, 31.310000
-146.350000,-216.800000,-6.350000
-152.590000,-205.770000,-46.990000
-117.650000,-196.040000,-66.350000
-66.080000,-197.190000,-56.350000
-31.700000,-213.490000,-30.900000
-21.870000,-236.050000,-14.760000
-25.350000,-250.130000,-15.530000
-33.480000,-250.130000,-23.740000
-48.980000,-250.130000,-32.890000
-67.260000,-250.130000,-40.860000
-81.190000,-250.130000,-44.740000
-82.580000,-250.130000,-46.050000
-68.320000,-250.130000,-48.180000
-43.650000,-250.130000,-49.740000
-20.990000,-250.130000,-49.290000
-8.220000,-250.130000,-47.510000
-5.220000,-250.130000,-44.850000
-10.480000,-250.130000,-38.280000
-23.870000,-250.130000,-32.040000
-37.660000,-250.130000,-31.840000
-48.770000,-250.130000,-37.550000
-57.840000,-250.130000,-42.300000
-64.750000,-250.130000,-45.190000
-72.740000,-250.130000,-51.710000
-72.410000,-250.130000,-59.890000
-57.540000,-250.130000,-59.220000
-39.350000,-250.130000,-46.590000
-36.540000,-250.130000,-29.560000
-44.590000,-250.130000,-14.250000
-59.400000,-250.130000,-3.160000
-72.160000,-250.130000,-1.410000
-74.900000,-250.130000,-10.000000
-68.380000,-250.130000,-23.160000
-52.830000,-250.130000,-33.950000
-36.800000,-250.130000,-37.490000
-27.980000,-250.130000,-33.700000
-28.120000,-250.130000,-30.480000
-31.610000,-250.130000,-30.770000
-42.130000,-250.130000,-31.520000
-56.080000,-250.130000,-33.280000
-61.830000,-250.130000,-36.540000
-58.030000,-250.130000,-41.100000
-48.880000,-250.130000,-46.220000
-37.290000,-247.260000,-46.400000
-20.090000,-245.280000,-36.550000
-8.130000,-242.050000,-22.680000
 5.720000,-232.000000,-19.900000
 15.320000,-211.900000,-21.500000
 20.380000,-188.240000,-14.290000
 21.890000,-163.760000,-3.530000
 15.180000,-137.880000, 8.290000
 0.940000,-113.090000, 15.800000
-15.520000,-92.350000, 15.640000
-24.090000,-72.670000, 11.720000
-16.380000,-57.740000, 6.090000
 0.590000,-50.510000, 1.170000
 11.630000,-40.640000,-2.500000
 14.050000,-34.910000,-10.630000
 8.570000,-35.280000,-18.560000
 0.140000,-44.330000,-21.120000
-5.900000,-59.820000,-12.870000
-4.810000,-75.410000, 0.240000
-2.540000,-81.830000, 5.820000
-6.630000,-83.380000, 2.870000
-15.740000,-81.950000,-7.360000
-31.730000,-80.010000,-19.170000
-44.390000,-82.490000,-25.060000
-49.060000,-92.480000,-22.610000
-42.040000,-106.660000,-15.000000
-28.970000,-118.290000,-8.710000
-16.640000,-127.690000,-9.810000
-9.360000,-132.750000,-13.750000
-6.720000,-136.580000,-15.450000
-8.640000,-138.170000,-14.070000
-12.930000,-137.150000,-10.130000
-17.320000,-128.650000,-6.190000
-21.510000,-116.400000,-4.770000
-25.340000,-103.200000,-7.930000
-29.920000,-89.820000,-14.690000
-32.590000,-77.440000,-21.290000
-32.390000,-66.870000,-23.940000
-27.800000,-59.400000,-20.120000
-26.610000,-52.660000,-13.430000
-24.540000,-46.610000,-11.060000
-21.360000,-39.520000,-11.310000
-16.290000,-34.090000,-11.670000
-7.950000,-32.070000,-10.630000
-0.500000,-32.090000,-5.580000
 6.160000,-36.730000, 1.670000
 8.870000,-39.960000, 5.400000
 9.450000,-42.290000, 5.200000
 9.180000,-43.030000, 2.200000
 5.900000,-42.830000,-2.870000
-2.290000,-39.480000,-8.740000
-11.410000,-33.260000,-13.960000
-15.800000,-23.850000,-18.480000
-17.900000,-14.530000,-20.190000
-16.610000,-3.400000,-19.790000
-13.900000, 8.110000,-16.290000
-12.570000, 16.700000,-10.320000
-7.230000, 20.750000,-3.330000
 2.290000, 21.420000, 0.760000
 11.810000, 19.450000, 0.740000
 18.670000, 19.020000, 1.220000
 22.610000, 17.380000, 3.190000
 20.960000, 14.830000, 4.970000
 11.890000, 12.020000, 5.490000
-1.380000, 11.140000, 3.670000
-11.350000, 10.460000,-0.060000
-14.760000, 10.800000,-1.940000
-13.590000, 10.980000,-1.070000
-10.370000, 12.030000, 1.670000
-5.460000, 12.530000, 4.430000
 0.900000, 13.100000, 6.190000
 8.660000, 13.280000, 5.770000
 15.700000, 13.010000, 4.730000
 19.390000, 11.960000, 3.790000
 17.360000, 10.810000, 1.940000
 10.790000, 10.090000, 0.290000
 4.150000, 10.420000,-0.410000
 0.220000, 10.560000, 0.020000
-1.260000, 10.830000, 0.690000
-1.800000, 11.880000, 1.890000
-3.410000, 12.610000, 3.090000
-4.420000, 13.380000, 3.670000
-3.770000, 11.560000, 3.970000
-1.770000, 10.490000, 2.800000
 4.570000, 13.120000, 1.410000
 10.260000, 18.020000, 2.070000
 11.010000, 24.160000, 1.860000
 8.590000, 31.020000, 1.430000
 5.820000, 34.230000, 2.800000
 5.420000, 33.380000, 5.980000
 5.190000, 32.270000, 8.220000
 4.640000, 30.930000, 9.740000
 2.940000, 27.450000, 9.830000
 1.830000, 18.220000, 8.140000
 5.580000, 3.910000, 4.520000
 18.830000,-14.720000,-1.810000
 33.440000,-34.630000,-7.230000
 43.540000,-56.270000,-9.020000
 45.880000,-78.770000,-8.320000
 44.010000,-98.160000,-7.610000
 39.280000,-116.100000,-8.770000
 31.920000,-131.630000,-11.700000
 23.700000,-144.800000,-12.730000
 18.030000,-155.240000,-10.570000
 12.880000,-163.580000,-6.540000
 6.030000,-169.140000, 1.280000
-1.870000,-176.350000, 11.510000
-7.110000,-187.380000, 22.190000
-7.380000,-201.480000, 29.580000
-6.450000,-217.660000, 31.750000
-8.030000,-235.220000, 30.790000
-9.630000,-250.130000, 30.240000
-12.960000,-250.130000, 32.700000
-21.100000,-250.130000, 38.130000
-36.320000,-250.130000, 47.090000
-50.030000,-250.130000, 56.800000
-60.770000,-250.130000, 59.330000
-69.380000,-250.130000, 54.530000
-76.420000,-250.130000, 46.940000
-80.640000,-250.130000, 41.950000
-86.180000,-250.130000, 42.000000
-97.050000,-250.130000, 35.290000
-110.320000,-239.170000, 10.280000
-121.160000,-220.470000,-29.450000
-119.670000,-204.090000,-58.180000
-94.860000,-201.150000,-60.690000
-72.560000,-213.960000,-31.310000
-57.430000,-231.540000, 0.450000
-50.140000,-250.130000, 5.320000
-43.620000,-250.130000,-15.920000
-36.580000,-250.130000,-43.080000
-46.640000,-250.130000,-61.030000
-60.710000,-250.130000,-64.010000
-63.380000,-250.130000,-54.850000
-58.280000,-250.130000,-41.270000
-50.020000,-250.130000,-29.870000
-43.390000,-250.130000,-26.410000
-42.510000,-250.130000,-31.110000
-49.250000,-250.130000,-41.060000
-59.120000,-250.130000,-49.050000
-71.220000,-250.130000,-50.160000
-82.020000,-250.130000,-47.350000
-89.030000,-250.130000,-50.320000
-87.900000,-250.130000,-60.540000
-76.070000,-250.130000,-66.000000
-53.870000,-250.130000,-61.250000
-34.800000,-250.130000,-51.790000
-21.930000,-250.130000,-41.310000
-16.960000,-250.130000,-30.640000
-22.440000,-250.130000,-19.780000
-30.710000,-250.130000,-12.470000
-28.620000,-250.130000,-15.350000
-47.670000,-250.130000,-31.740000
-93.760000,-250.130000,-66.940000
-92.970000,-250.130000,-106.990000
-70.350000,-250.130000,-113.810000
-27.120000,-250.130000,-92.360000
 5.570000,-250.130000,-61.630000
 0.740000,-250.130000,-34.700000
-32.980000,-250.130000,-22.500000
-80.280000,-250.130000,-25.300000
-103.870000,-250.130000,-37.300000
-87.910000,-250.130000,-43.740000
-40.120000,-250.130000,-37.790000
-5.850000,-250.130000,-32.090000
 4.680000,-250.130000,-35.660000
 3.370000,-250.130000,-39.680000
-7.920000,-250.130000,-38.160000
-28.920000,-238.010000,-29.700000
-49.740000,-215.000000,-21.220000
-63.830000,-193.160000,-21.040000
-60.110000,-179.450000,-24.880000
-40.130000,-174.960000,-29.070000
-22.770000,-176.560000,-31.580000
-15.770000,-181.390000,-31.590000
-14.580000,-183.990000,-32.110000
-21.140000,-178.890000,-32.720000
-39.410000,-166.320000,-38.400000
-61.420000,-156.690000,-45.930000
-67.100000,-157.080000,-47.660000
-39.570000,-159.740000,-42.540000
-10.850000,-150.840000,-29.410000
 13.760000,-140.900000,-21.760000
 24.990000,-126.350000,-18.530000
 31.450000,-108.120000,-17.790000
 38.960000,-90.050000,-20.700000
 35.390000,-72.800000,-25.320000
 18.480000,-60.640000,-30.770000
 3.790000,-52.670000,-29.610000
 0.080000,-47.010000,-20.410000
-9.090000,-40.660000,-10.210000
-13.900000,-35.520000, 0.520000
-16.070000,-35.820000, 8.920000
-25.620000,-41.870000, 8.900000
-27.790000,-48.670000,-3.500000
-0.990000,-59.590000,-15.240000
 41.870000,-69.840000,-10.540000
 60.540000,-72.930000,-0.350000
 52.080000,-71.370000,-0.080000
 17.060000,-57.450000,-6.570000
-13.580000,-41.390000,-9.840000
-30.690000,-28.860000,-2.060000
-42.140000,-16.090000, 9.590000
-44.240000,-3.710000, 16.100000
-41.610000, 6.510000, 16.170000
-28.320000, 13.680000, 12.370000
-5.860000, 18.250000, 6.120000
 15.210000, 22.480000, 0.540000
 23.090000, 26.530000,-1.980000
 19.590000, 29.450000,-3.000000
 7.560000, 32.320000,-2.390000
-4.780000, 33.470000,-0.440000
-10.250000, 33.300000, 2.030000
-7.800000, 32.850000, 3.570000
 0.050000, 31.180000, 3.420000
 6.410000, 28.220000, 3.160000
 12.270000, 23.960000, 3.180000
 15.730000, 19.570000, 3.000000
 14.850000, 17.030000, 2.950000
 9.830000, 15.210000, 2.350000
 0.220000, 15.100000, 0.690000
-10.320000, 16.390000, 0.250000
-15.120000, 18.230000, 1.340000
-14.000000, 21.120000, 2.450000
-9.050000, 23.730000, 3.920000
-2.420000, 25.270000, 5.120000
 2.590000, 25.830000, 5.440000
 3.190000, 26.020000, 5.470000
-0.180000, 26.920000, 4.550000
-3.790000, 26.680000, 3.920000
-5.170000, 25.380000, 3.650000
-4.570000, 23.160000, 3.930000
-4.050000, 20.650000, 4.210000
-2.880000, 17.450000, 3.660000
-1.250000, 15.420000, 2.460000
-0.430000, 14.160000, 1.140000
 2.420000, 11.640000, 0.830000
 6.280000, 8.700000, 1.050000
 8.010000, 6.290000, 1.180000
 6.840000, 3.940000, 1.010000
 2.670000, 2.480000, 1.190000
-3.050000, 1.340000, 0.860000
-8.710000, 0.800000, 0.310000
-12.540000, 0.180000,-0.510000
-13.610000,-1.350000,-1.300000
-12.930000,-3.040000,-1.430000
-10.410000,-4.600000,-1.580000
-6.820000,-5.660000,-2.080000
-4.640000,-6.600000,-3.060000
-3.160000,-6.680000,-3.670000
-2.360000,-7.750000,-3.020000
-1.230000,-7.290000,-2.310000
-0.380000,-7.020000,-1.410000
 0.510000,-5.660000,-1.160000
 0.660000,-3.560000,-2.160000
 1.850000,-1.410000,-3.170000
 2.880000, 0.680000,-2.930000
 3.160000, 1.770000,-1.830000
 3.010000, 2.550000,-0.530000
 2.330000, 3.600000, 0.380000
 1.350000, 4.420000, 1.030000
 0.740000, 5.610000, 1.100000
 0.820000, 6.550000, 1.120000
 1.300000, 6.420000, 1.220000
 1.920000, 6.160000, 1.210000
 1.830000, 5.770000, 1.290000
 0.560000, 5.250000, 1.290000
-1.620000, 5.480000, 0.940000
-3.070000, 5.300000, 0.850000
-3.370000, 5.450000, 1.510000
-1.350000, 5.810000, 1.820000
 0.620000, 6.480000, 1.250000
 1.360000, 6.820000, 0.830000
 0.330000, 7.990000, 0.770000
-2.030000, 9.000000, 1.380000
-4.360000, 9.840000, 2.240000
-5.990000, 11.160000, 3.170000
-6.530000, 13.150000, 4.090000
-6.350000, 14.830000, 5.060000
-5.260000, 16.250000, 5.600000
-2.650000, 16.510000, 5.960000
-0.780000, 16.380000, 6.100000
-0.680000, 15.000000, 4.750000
-0.430000, 11.740000, 1.720000
 2.640000, 8.070000,-1.150000
 9.890000, 5.690000,-3.250000
 16.030000, 3.530000,-3.060000
 16.520000, 3.380000,-0.290000
 11.480000, 5.090000, 3.260000
 1.290000, 7.700000, 5.770000
-9.100000, 9.360000, 6.790000
-16.250000, 8.180000, 7.870000
-18.600000, 6.100000, 6.940000
-16.990000, 4.090000, 3.610000
-11.400000, 2.510000,-0.830000
-5.910000, 1.140000,-4.280000
-1.850000,-0.200000,-5.670000
-0.640000,-2.260000,-4.770000
-1.110000,-2.700000,-3.480000
-1.410000,-1.380000,-1.860000
-1.310000, 1.560000,-0.820000
-2.030000, 5.230000,-0.070000
-4.090000, 8.060000, 0.440000
-6.740000, 9.430000, 1.220000
-9.970000, 9.520000, 1.440000
-12.160000, 9.140000, 1.170000
-11.750000, 9.140000, 0.450000
-8.880000, 8.860000, 0.040000
-5.380000, 8.870000,-0.140000
-2.770000, 8.770000, 0.380000
-2.320000, 8.760000, 1.430000
-3.830000, 8.920000, 2.310000
-5.940000, 8.860000, 2.430000
-8.700000, 8.580000, 2.550000
-10.270000, 7.830000, 2.250000
-10.710000, 7.780000, 2.060000
-10.460000, 7.680000, 1.920000
-9.120000, 7.670000, 1.480000
-7.540000, 7.880000, 0.870000
-6.200000, 8.750000, 0.660000
-5.460000, 9.500000, 0.490000
-5.280000, 9.940000, 0.870000
-5.430000, 10.330000, 1.700000
-4.770000, 10.790000, 2.260000
-3.410000, 10.850000, 2.530000
-2.310000, 11.380000, 2.430000
-1.900000, 11.840000, 2.190000
-1.970000, 11.990000, 2.060000
-2.560000, 11.670000, 2.040000
-3.380000, 11.410000, 1.900000
-4.150000, 11.270000, 1.670000
-5.510000, 11.090000, 1.670000
-7.120000, 11.000000, 1.620000
-8.160000, 10.420000, 1.670000
-8.920000, 9.440000, 1.750000
-9.160000, 8.190000, 1.500000
-9.350000, 7.020000, 1.190000
-8.420000, 5.010000, 0.590000
-7.190000, 3.640000,-0.090000
-5.180000, 2.170000,-0.610000
-3.040000, 1.030000,-0.940000
-1.350000, 0.000000,-1.010000
-1.060000,-0.360000,-1.060000
-2.270000,-0.960000,-1.200000
-4.110000,-1.160000,-1.320000
-4.860000,-1.350000,-1.700000
-3.340000,-1.250000,-1.740000
-0.870000,-0.990000,-1.520000
 1.580000,-0.570000,-1.560000
 2.380000,-0.140000,-1.780000
 2.090000, 0.060000,-2.030000
 0.910000, 0.210000,-1.940000
-0.330000, 0.540000,-1.740000
-1.130000, 1.090000,-1.600000
-1.540000, 1.480000,-1.540000
-1.120000, 2.230000,-1.360000
-0.350000, 2.770000,-1.090000
 0.640000, 3.210000,-1.200000
 0.520000, 3.400000,-0.900000
-0.450000, 3.410000,-0.670000
-1.640000, 3.770000,-0.660000
-1.890000, 3.900000,-0.640000
-0.840000, 4.270000,-0.350000
 1.060000, 4.410000,-0.210000
 2.980000, 4.280000, 0.030000
 3.680000, 4.570000, 0.190000
 2.780000, 4.250000, 0.180000
 1.060000, 4.250000, 0.080000
-0.060000, 4.210000,-0.190000
-0.090000, 3.980000,-0.500000
 0.570000, 4.030000,-0.290000
 0.600000, 3.960000, 0.020000
 0.350000, 3.910000, 0.250000
-0.220000, 3.770000, 0.370000
-0.640000, 3.890000, 0.290000
-1.740000, 3.870000, 0.030000
-3.390000, 4.040000, 0.130000
-4.790000, 3.690000, 0.280000
-5.330000, 3.890000, 0.150000
-4.670000, 3.860000,-0.200000
-3.570000, 4.220000, 0.080000
-2.950000, 4.170000, 0.050000
-2.400000, 4.090000, 0.290000
-2.100000, 3.640000, 0.250000
-1.810000, 3.730000, 0.300000
-2.160000, 3.570000, 0.460000
-3.220000, 3.590000, 0.610000
-3.920000, 3.770000, 0.700000
-4.380000, 3.900000, 0.950000
-4.650000, 3.830000, 0.830000
-4.700000, 3.510000, 0.510000
-4.620000, 3.390000, 0.390000
-4.270000, 3.180000, 0.000000
-4.580000, 2.540000,-0.300000
-5.350000, 1.880000,-0.270000
-6.410000, 1.300000, 0.000000
-7.180000, 1.050000, 0.470000
-7.480000, 0.410000, 0.780000
-6.580000, 0.390000, 0.910000
-4.700000, 1.000000, 1.010000
-2.220000, 2.000000, 0.860000
 0.180000, 3.690000, 0.640000
 1.510000, 5.450000, 0.440000
 2.460000, 6.930000, 0.870000
 3.060000, 7.780000, 0.720000
 2.490000, 8.870000, 0.300000
 1.560000, 11.930000,-1.190000
 2.400000, 15.930000,-2.470000
 3.290000, 19.080000,-2.660000
 1.120000, 21.320000,-2.300000
-2.280000, 22.800000,-2.920000
-2.410000, 23.840000,-3.180000
 2.090000, 26.000000,-2.090000
 9.060000, 28.450000, 0.090000
 14.580000, 30.520000, 2.250000
 14.920000, 32.320000, 3.380000
 10.920000, 34.120000, 3.760000
 5.610000, 36.320000, 4.320000
 2.190000, 37.940000, 5.430000
 1.980000, 39.700000, 7.330000
 4.650000, 41.640000, 8.900000
 8.610000, 43.980000, 9.420000
 12.240000, 45.220000, 9.910000
 16.110000, 45.810000, 10.000000
 17.700000, 46.430000, 8.670000
 16.090000, 46.500000, 5.250000
 12.640000, 45.300000, 0.580000
 10.880000, 40.710000,-2.700000
 14.340000, 33.300000,-3.600000
 22.390000, 24.040000,-4.230000
 30.210000, 14.080000,-6.660000
 33.580000, 4.100000,-9.270000
 31.770000,-5.590000,-10.310000
 29.140000,-15.970000,-9.330000
 25.800000,-25.730000,-7.000000
 21.200000,-33.150000,-3.410000
 12.220000,-38.600000, 0.730000
 1.560000,-44.730000, 2.450000
-8.060000,-52.880000, 4.610000
-11.370000,-64.660000, 8.350000
-5.920000,-80.240000, 13.710000
 3.000000,-100.670000, 20.110000
 10.830000,-125.730000, 27.050000
 15.610000,-153.380000, 33.170000
 16.950000,-183.510000, 36.150000
 13.960000,-216.040000, 35.930000
 4.240000,-250.130000, 33.700000
-11.850000,-250.130000, 26.160000
-35.660000,-250.130000, 16.310000
-60.860000,-250.130000, 8.110000
-84.980000,-250.130000, 3.920000
-104.970000,-250.130000, 5.490000
-118.170000,-250.130000, 13.360000
-125.650000,-250.130000, 20.230000
-120.380000,-250.130000, 17.640000
-112.480000,-250.130000, 1.810000
-111.510000,-250.130000,-25.240000
-105.640000,-250.130000,-52.310000
-88.990000,-250.130000,-65.820000
-67.080000,-250.130000,-54.350000
-48.030000,-250.130000,-36.090000
-34.440000,-250.130000,-30.700000
-33.940000,-250.130000,-41.080000
-40.740000,-250.130000,-55.090000
-47.870000,-250.130000,-62.480000
-59.770000,-250.130000,-59.830000
-73.010000,-250.130000,-53.620000
-67.540000,-250.130000,-53.440000
-44.710000,-250.130000,-59.430000
-26.030000,-250.130000,-63.450000
-25.020000,-250.130000,-68.870000
-34.550000,-250.130000,-74.190000
-49.620000,-250.130000,-80.150000
-64.510000,-250.130000,-82.650000
-76.500000,-250.130000,-81.340000
-75.800000,-250.130000,-80.120000
-66.850000,-250.130000,-82.880000
-47.170000,-250.130000,-85.220000
-47.950000,-250.130000,-79.930000
-52.350000,-250.130000,-80.330000
-45.930000,-250.130000,-83.950000
-34.680000,-250.130000,-83.610000
-29.380000,-250.130000,-80.770000
-31.560000,-250.130000,-80.100000
-38.230000,-250.130000,-83.190000
-44.740000,-250.130000,-81.830000
-49.690000,-250.130000,-71.860000
-52.640000,-250.130000,-62.410000
-43.940000,-250.130000,-61.130000
-35.030000,-250.130000,-67.160000
-28.990000,-250.130000,-76.450000
-23.980000,-250.130000,-78.780000
-23.420000,-250.130000,-70.760000
-28.140000,-250.130000,-57.640000
-35.030000,-250.130000,-49.900000
-36.250000,-250.130000,-51.670000
-31.000000,-250.130000,-58.200000
-20.920000,-250.130000,-63.970000
-13.670000,-250.130000,-69.580000
-12.260000,-250.130000,-71.670000
-30.030000,-246.900000,-64.130000
-14.030000,-228.520000,-44.960000
 40.950000,-207.670000,-30.130000
 76.510000,-187.770000,-31.390000
 91.260000,-174.940000,-38.140000
 86.870000,-170.670000,-39.770000
 62.860000,-169.740000,-31.940000
 25.320000,-168.960000,-19.310000
-13.160000,-163.790000,-14.960000
-34.740000,-157.440000,-22.440000
-35.720000,-149.580000,-32.900000
-23.560000,-138.560000,-39.140000
-6.510000,-125.810000,-36.900000
 12.900000,-115.400000,-28.620000
 30.640000,-106.680000,-17.100000
 45.800000,-99.530000,-8.870000
 57.990000,-94.090000,-5.460000
 62.820000,-90.680000,-3.590000
 64.200000,-91.010000, 1.770000
 51.370000,-83.250000, 10.770000
 28.850000,-70.060000, 17.780000
 1.610000,-61.630000, 10.160000
-33.410000,-52.710000,-13.580000
-62.640000,-48.250000,-33.960000
-74.620000,-53.700000,-30.900000
-61.570000,-64.950000,-6.180000
-34.000000,-75.760000, 22.510000
-1.810000,-77.650000, 29.200000
 12.670000,-70.050000, 19.870000
 16.130000,-59.490000, 11.000000
 14.740000,-51.760000, 5.970000
 10.030000,-47.080000, 2.890000
 0.040000,-43.420000, 1.030000
-12.300000,-36.110000, 0.730000
-21.490000,-27.060000, 0.140000
-26.660000,-19.540000,-1.960000
-28.870000,-15.530000,-6.640000
-29.120000,-15.050000,-11.610000
-25.190000,-16.820000,-15.970000
-16.960000,-19.670000,-17.200000
-9.340000,-23.640000,-12.860000
-2.670000,-27.610000,-5.160000
 0.240000,-29.600000, 1.570000
-0.330000,-28.940000, 4.690000
-2.180000,-26.090000, 5.160000
-2.920000,-22.440000, 5.930000
-0.940000,-19.340000, 6.650000
 2.680000,-17.040000, 6.380000
 3.450000,-15.390000, 5.690000
 0.340000,-12.450000, 5.400000
-2.510000,-8.660000, 4.090000
-3.420000,-4.210000, 3.010000
-5.640000, 1.270000, 3.290000
-7.090000, 5.480000, 3.400000
-6.090000, 10.360000, 3.510000
-1.440000, 15.320000, 3.580000
 3.480000, 19.460000, 1.760000
 7.060000, 21.450000,-0.320000
 7.290000, 21.560000,-0.670000
 4.090000, 21.250000, 0.570000
-0.310000, 20.640000, 3.850000
-6.470000, 20.510000, 7.680000
-11.320000, 20.870000, 10.490000
-11.480000, 22.550000, 11.870000
-9.340000, 25.230000, 12.440000
-6.240000, 27.810000, 11.870000
-3.190000, 29.960000, 11.520000
-0.190000, 31.700000, 11.320000
 2.350000, 34.250000, 11.470000
 4.800000, 37.490000, 11.000000
 5.510000, 39.290000, 10.870000
 7.740000, 37.630000, 9.410000
 8.380000, 36.820000, 7.150000
 7.620000, 35.430000, 4.160000
 8.770000, 28.900000, 1.270000
 14.440000, 16.600000,-2.640000
 27.250000, 1.270000,-9.730000
 38.960000,-14.290000,-14.750000
 46.400000,-32.800000,-17.670000
 48.380000,-52.400000,-19.850000
 45.410000,-71.610000,-21.700000
 40.970000,-87.540000,-22.340000
 37.000000,-99.580000,-20.760000
 30.830000,-107.410000,-17.250000
 23.030000,-112.600000,-11.870000
 13.250000,-117.210000,-5.410000
 6.740000,-120.580000,-0.160000
 4.060000,-121.710000, 3.510000
 3.540000,-123.110000, 5.940000
 2.570000,-125.790000, 8.190000
 2.370000,-131.530000, 12.840000
 3.230000,-140.390000, 20.910000
 2.760000,-151.930000, 29.430000
 0.520000,-164.750000, 36.220000
-5.420000,-182.740000, 42.650000
-14.190000,-204.630000, 50.160000
-20.940000,-232.940000, 54.920000
-22.160000,-250.130000, 52.380000
-23.960000,-250.130000, 42.060000
-31.810000,-250.130000, 30.550000
-49.250000,-250.130000, 20.800000
-75.230000,-250.130000, 18.330000
-102.660000,-250.130000, 24.060000
-123.090000,-250.130000, 33.410000
-140.100000,-243.130000, 32.710000
-154.370000,-224.160000, 6.240000
-146.280000,-205.410000,-34.690000
-113.870000,-196.910000,-54.530000
-68.230000,-206.380000,-42.250000
-40.660000,-229.480000,-15.950000
-20.380000,-250.130000,-7.300000
-11.790000,-250.130000,-20.730000
-12.680000,-250.130000,-37.510000
-31.670000,-250.130000,-48.830000
-60.670000,-250.130000,-55.520000
-82.160000,-250.130000,-58.480000
-74.510000,-250.130000,-55.770000
-52.980000,-250.130000,-47.390000
-35.370000,-250.130000,-41.470000
-27.370000,-250.130000,-42.030000
-26.680000,-250.130000,-47.100000
-26.390000,-250.130000,-52.510000
-31.550000,-250.130000,-54.380000
-43.980000,-250.130000,-54.010000
-58.610000,-250.130000,-53.550000
-73.100000,-250.130000,-54.200000
-74.360000,-250.130000,-51.640000
-68.800000,-250.130000,-50.320000
-50.960000,-250.130000,-48.450000
-35.820000,-250.130000,-44.250000
-31.480000,-250.130000,-39.480000
-34.190000,-250.130000,-32.830000
-43.950000,-250.130000,-23.220000
-61.920000,-250.130000,-17.960000
-79.000000,-250.130000,-21.490000
-86.730000,-250.130000,-31.400000
-77.060000,-250.130000,-42.890000
-52.800000,-250.130000,-49.450000
-21.600000,-250.130000,-46.380000
-8.900000,-250.130000,-37.610000
-20.640000,-250.130000,-35.160000
-61.540000,-250.130000,-50.670000
-104.290000,-250.130000,-84.380000
-116.070000,-250.130000,-102.470000
-84.910000,-250.130000,-88.490000
-28.290000,-250.130000,-64.190000
 22.200000,-239.830000,-45.610000
 40.420000,-232.290000,-29.430000
 29.000000,-238.450000,-16.530000
 1.290000,-250.130000,-9.610000
-29.930000,-250.130000,-14.870000
-45.370000,-250.130000,-35.830000
-45.320000,-250.130000,-56.190000
-38.770000,-250.130000,-59.540000
-32.230000,-250.130000,-52.200000
-19.650000,-239.220000,-38.950000
-8.640000,-203.290000,-27.110000
-5.290000,-166.870000,-23.780000
-17.840000,-140.700000,-27.740000
-37.060000,-122.170000,-37.190000
-48.700000,-113.900000,-43.100000
-45.170000,-111.960000,-39.620000
-33.160000,-112.420000,-27.410000
-25.820000,-120.880000,-1.550000
-19.190000,-123.370000, 21.030000
-1.650000,-117.160000, 23.940000
 18.510000,-104.670000, 13.000000
 33.870000,-91.400000,-4.950000
 39.470000,-82.260000,-21.490000
 33.390000,-78.470000,-29.110000
 18.730000,-76.820000,-31.140000
-0.120000,-71.440000,-31.340000
-20.770000,-64.420000,-29.810000
-44.060000,-56.280000,-24.640000
-60.510000,-47.410000,-15.570000
-62.870000,-41.240000,-5.590000
-50.240000,-36.340000, 3.110000
-21.580000,-33.990000, 8.600000
 14.210000,-34.040000, 11.090000
 35.020000,-34.990000, 11.370000
 36.870000,-38.880000, 9.910000
 28.050000,-42.800000, 9.240000
 17.210000,-44.920000, 10.010000
 2.970000,-44.850000, 9.030000
-15.480000,-39.340000,-0.110000
-26.030000,-33.090000,-15.800000
-20.380000,-28.640000,-24.820000
-8.750000,-23.150000,-21.270000
 3.160000,-19.030000,-11.700000
 6.240000,-14.290000,-2.380000
 4.070000,-9.400000, 2.600000
 1.580000,-5.220000, 4.970000
-0.530000,-2.060000, 5.620000
-0.770000, 0.030000, 5.300000
-1.220000, 0.740000, 3.880000
-1.980000, 0.580000, 2.370000
-2.770000, 1.600000, 1.440000
-2.400000, 2.270000, 1.040000
-2.360000, 3.100000, 1.570000
-4.290000, 4.110000, 3.560000
-7.340000, 3.950000, 5.410000
-13.830000, 3.600000, 5.560000
-19.380000, 3.350000, 5.660000
-18.900000, 2.400000, 4.700000
-10.850000, 0.030000, 3.180000
-1.710000,-0.350000, 3.130000
 3.890000, 1.070000, 4.690000
 4.540000, 4.270000, 5.220000
 2.360000, 10.100000, 5.310000
 0.700000, 17.090000, 5.240000
 0.880000, 23.350000, 5.350000
 1.500000, 28.940000, 5.230000
 3.790000, 33.670000, 3.960000
 7.890000, 36.320000, 2.160000
 12.660000, 37.240000, 0.590000
 16.310000, 36.620000,-0.720000
 17.870000, 35.050000,-2.340000
 17.210000, 31.960000,-3.880000
 12.360000, 27.790000,-5.640000
 5.440000, 22.480000,-6.600000
-0.230000, 16.380000,-5.930000
-3.060000, 10.500000,-4.180000
-1.770000, 5.190000,-1.060000
 1.670000, 0.780000, 1.720000
 5.580000,-2.640000, 3.410000
 9.120000,-4.440000, 3.060000
 9.250000,-5.190000, 1.620000
 4.990000,-5.830000, 0.210000
-0.830000,-6.350000, 0.100000
-5.040000,-6.570000, 0.210000
-5.400000,-6.120000, 0.050000
-3.320000,-4.800000,-0.450000
 1.380000,-1.960000,-2.380000
 6.080000,-0.460000,-3.790000
 7.750000, 1.890000,-2.970000
 6.610000, 4.620000,-1.870000
 3.720000, 7.090000,-1.440000
 0.520000, 9.920000,-1.250000
-1.070000, 12.200000, 0.140000
-0.570000, 13.630000, 1.610000
 1.450000, 14.380000, 2.640000
 4.130000, 14.590000, 2.930000
 5.300000, 14.510000, 2.780000
 3.400000, 14.500000, 2.640000
-0.190000, 13.920000, 2.670000
-4.480000, 14.420000, 2.580000
-8.700000, 14.690000, 2.640000
-12.030000, 15.120000, 2.910000
-13.450000, 15.330000, 3.410000
-12.960000, 15.500000, 3.580000
-11.910000, 15.330000, 3.480000
-11.000000, 14.670000, 2.800000
-10.370000, 13.510000, 1.920000
-8.520000, 12.030000, 0.670000
-5.910000, 10.100000,-0.290000
-3.440000, 9.170000,-0.760000
-2.870000, 7.840000,-0.440000
-3.400000, 7.170000, 0.220000
-4.560000, 6.830000, 0.460000
-6.010000, 6.440000, 1.020000
-7.070000, 5.800000, 1.450000
-8.650000, 5.430000, 2.220000
-10.950000, 5.160000, 2.190000
-13.780000, 5.100000, 1.700000
-15.390000, 5.120000, 1.770000
-14.830000, 5.090000, 2.010000
-10.900000, 4.450000, 2.300000
-4.970000, 4.660000, 1.460000
 1.120000, 4.660000, 0.670000
 3.980000, 4.810000, 0.880000
 3.410000, 4.890000, 1.450000
 0.670000, 4.670000, 2.030000
-3.540000, 5.010000, 2.450000
-7.860000, 6.290000, 2.620000
-10.250000, 7.410000, 3.320000
-11.230000, 8.060000, 4.640000
-10.810000, 8.950000, 5.650000
-9.750000, 10.000000, 5.250000
-5.320000, 11.180000, 2.810000
 1.080000, 12.400000,-0.660000
 5.690000, 13.310000,-3.000000
 5.650000, 13.970000,-2.460000
 3.360000, 14.830000,-0.350000
 2.020000, 14.790000, 2.120000
 1.550000, 14.290000, 4.900000
 1.600000, 13.780000, 7.650000
-0.060000, 13.440000, 9.240000
-5.050000, 13.640000, 8.540000
-10.510000, 13.270000, 5.500000
-13.090000, 11.450000, 2.370000
-12.030000, 9.090000, 0.220000
-8.900000, 6.450000,-1.200000
-6.240000, 4.360000,-2.240000
-5.080000, 3.410000,-2.160000
-5.790000, 4.380000,-1.420000
-6.010000, 7.120000,-0.650000
-4.650000, 11.160000, 0.150000
-2.470000, 15.150000, 1.220000
-1.190000, 18.070000, 1.880000
-1.130000, 20.400000, 2.160000
-1.630000, 21.620000, 1.750000
-2.100000, 22.200000, 0.680000
-1.420000, 22.050000, 0.080000
-0.350000, 21.480000, 0.090000
 1.170000, 20.650000, 0.540000
 1.580000, 19.360000, 1.330000
 0.380000, 18.590000, 1.850000
-1.480000, 17.950000, 2.640000
-2.740000, 17.350000, 3.180000
-2.240000, 16.300000, 3.940000
-1.400000, 15.340000, 4.190000
-0.770000, 14.260000, 3.360000
-1.530000, 13.320000, 2.100000
-2.290000, 12.030000, 0.810000
-2.730000, 10.290000, 0.100000
-2.770000, 7.890000, 0.020000
-2.040000, 6.010000, 0.040000
-1.480000, 4.300000, 0.080000
-1.540000, 2.800000,-0.350000
-2.420000, 0.960000,-0.680000
-3.250000,-0.610000,-1.030000
-3.930000,-2.570000,-1.210000
-4.230000,-3.960000,-1.610000
-4.710000,-5.110000,-1.990000
-5.500000,-5.870000,-2.140000
-6.250000,-5.610000,-2.050000
-5.880000,-5.900000,-1.770000
-5.220000,-5.760000,-1.340000
-5.110000,-5.250000,-1.450000
-5.070000,-4.100000,-1.390000
-5.070000,-2.930000,-1.540000
-5.060000,-1.050000,-1.450000
-4.190000, 0.570000,-1.660000
-2.780000, 2.480000,-1.600000
-1.570000, 4.320000,-1.220000
-0.960000, 5.820000,-0.960000
-1.120000, 7.390000,-0.590000
-1.580000, 9.170000,-0.030000
-2.580000, 10.560000,-0.120000
-3.000000, 12.640000, 0.030000
-2.160000, 14.060000, 0.320000
 1.050000, 14.130000, 0.570000
 8.200000, 15.070000, 1.480000
 18.570000, 14.810000, 0.480000
 25.070000, 14.670000,-2.450000
 23.700000, 12.480000,-5.670000
 14.650000, 6.620000,-7.070000
 0.060000,-1.100000,-5.070000
-12.600000,-7.580000,-2.130000
-19.220000,-10.160000,-1.230000
-21.030000,-7.720000,-3.230000
-21.060000,-1.410000,-6.460000
-19.550000, 7.440000,-6.860000
-17.610000, 15.840000,-2.960000
-12.200000, 21.270000, 3.460000
-2.240000, 22.880000, 6.930000
 6.470000, 22.750000, 5.760000
 9.090000, 20.120000, 4.000000
 5.320000, 14.960000, 3.540000
-2.580000, 9.770000, 4.030000
-10.900000, 6.000000, 3.410000
-15.060000, 4.520000, 2.900000
-14.310000, 4.110000, 2.990000
-9.290000, 5.270000, 3.050000
-1.910000, 6.500000, 2.900000
 6.270000, 7.510000, 2.670000
 10.810000, 7.930000, 2.640000
 9.890000, 8.110000, 2.700000
 4.860000, 8.810000, 2.630000
-1.660000, 10.100000, 2.330000
-6.840000, 11.840000, 2.080000
-8.850000, 13.780000, 2.060000
-8.540000, 15.330000, 2.000000
-6.540000, 16.040000, 2.430000
-3.320000, 16.670000, 3.570000
-0.410000, 17.210000, 4.560000
 0.860000, 17.220000, 5.560000
 1.770000, 17.160000, 5.480000
 2.660000, 16.690000, 4.700000
 4.320000, 16.410000, 3.290000
 6.450000, 15.430000, 1.980000
 8.510000, 13.930000, 1.910000
 9.830000, 11.670000, 2.960000
 9.910000, 9.540000, 3.120000
 8.800000, 8.970000, 2.290000
 7.170000, 10.070000, 1.590000
 4.410000, 10.930000, 0.680000
 1.190000, 11.800000, 1.390000
-1.930000, 13.060000, 2.700000
-3.070000, 15.450000, 3.810000
-1.450000, 19.730000, 4.700000
 1.680000, 24.950000, 5.410000
 6.360000, 30.260000, 5.460000
 13.110000, 34.870000, 6.380000
 21.750000, 38.360000, 8.150000
 31.400000, 42.750000, 9.100000
 38.420000, 45.190000, 7.060000
 38.960000, 45.850000, 4.670000
 36.410000, 43.960000, 1.010000
 29.060000, 36.350000,-2.430000
 20.680000, 25.360000,-3.770000
 14.720000, 11.540000,-3.860000
 10.380000,-2.920000,-1.410000
 10.740000,-18.140000, 1.510000
 16.380000,-32.480000, 2.280000
 21.130000,-45.720000, 1.640000
 20.600000,-59.240000, 1.220000
 15.970000,-74.870000, 2.470000
 9.900000,-90.690000, 5.190000
 5.010000,-107.920000, 8.710000
 1.820000,-127.000000, 11.360000
 0.570000,-147.230000, 11.990000
 0.210000,-167.840000, 12.510000
-2.480000,-189.560000, 14.450000
-7.540000,-209.280000, 17.900000
-16.780000,-228.140000, 22.740000
-30.760000,-242.120000, 28.100000
-43.490000,-250.130000, 30.380000
-61.460000,-250.130000, 31.250000
-81.900000,-250.130000, 27.660000
-98.770000,-250.130000, 18.240000
-112.590000,-250.130000, 9.310000
-121.380000,-250.130000,-0.510000
-118.380000,-250.130000,-19.740000
-104.150000,-243.340000,-41.800000
-78.530000,-242.740000,-50.700000
-60.590000,-250.130000,-38.630000
-44.670000,-250.130000,-19.480000
-32.250000,-250.130000,-8.960000
-24.120000,-250.130000,-12.620000
-27.670000,-250.130000,-27.250000
-43.750000,-250.130000,-45.480000
-60.110000,-250.130000,-58.920000
-70.860000,-250.130000,-61.220000
-78.950000,-250.130000,-54.500000
-80.960000,-250.130000,-50.240000
-73.930000,-250.130000,-57.150000
-58.580000,-250.130000,-70.000000
-34.900000,-250.130000,-79.740000
-16.180000,-250.130000,-80.410000
-12.380000,-250.130000,-73.290000
-20.610000,-250.130000,-66.500000
-41.010000,-250.130000,-63.360000
-63.800000,-250.130000,-64.490000
-68.270000,-250.130000,-68.350000
-48.160000,-250.130000,-68.800000
-30.630000,-250.130000,-69.770000
-28.540000,-250.130000,-72.390000
-27.100000,-250.130000,-73.970000
-27.130000,-250.130000,-74.010000
-27.900000,-250.130000,-74.580000
-34.190000,-250.130000,-73.320000
-47.960000,-250.130000,-71.890000
-61.320000,-250.130000,-71.010000
-62.600000,-250.130000,-69.640000
-51.580000,-250.130000,-70.590000
-31.330000,-250.130000,-69.810000
-15.580000,-250.130000,-63.640000
-11.560000,-250.130000,-58.860000
-14.710000,-250.130000,-56.000000
-26.220000,-250.130000,-53.110000
-31.320000,-250.130000,-52.450000
-30.070000,-250.130000,-52.970000
-22.220000,-250.130000,-51.360000
-13.670000,-250.130000,-46.900000
-5.660000,-250.130000,-41.050000
 2.700000,-250.130000,-33.670000
 8.530000,-250.130000,-30.350000
 10.400000,-250.130000,-34.820000
 9.040000,-250.130000,-47.450000
-3.010000,-250.130000,-64.360000
-10.220000,-227.100000,-70.000000
 26.700000,-201.510000,-60.490000
 42.590000,-176.510000,-47.970000
 41.380000,-158.120000,-41.450000
 22.060000,-150.320000,-29.690000
-9.310000,-156.620000,-10.000000
-25.660000,-167.520000, 6.340000
-8.900000,-170.360000, 2.370000
 13.850000,-169.720000,-16.120000
 28.750000,-168.510000,-30.500000
 30.520000,-168.210000,-31.200000
 27.200000,-167.490000,-27.370000
 14.730000,-164.290000,-21.340000
-6.540000,-159.190000,-15.930000
-18.600000,-152.770000,-11.660000
-13.840000,-144.490000,-9.080000
 7.570000,-139.480000,-10.320000
 27.250000,-129.850000,-9.870000
 32.580000,-117.950000,-13.450000
 27.920000,-105.120000,-22.520000
 14.580000,-92.890000,-32.770000
 0.610000,-88.920000,-36.910000
-9.580000,-93.240000,-26.840000
-18.930000,-96.950000,-5.370000
-24.480000,-96.740000, 12.740000
-23.870000,-92.750000, 15.510000
-18.410000,-85.500000, 8.960000
-7.650000,-78.060000, 2.690000
 2.850000,-71.460000, 2.540000
 7.730000,-66.080000, 4.290000
 6.710000,-61.690000, 4.510000
 1.090000,-57.780000, 3.620000
-9.290000,-54.830000, 1.930000
-20.360000,-53.480000, 0.300000
-26.430000,-54.280000,-1.770000
-28.380000,-56.110000,-3.700000
-24.160000,-58.700000,-6.210000
-15.230000,-57.830000,-6.730000
-5.970000,-55.890000,-5.750000
 0.090000,-52.240000,-4.790000
 1.090000,-46.440000,-4.030000
-5.340000,-39.230000,-4.380000
-13.800000,-30.660000,-6.030000
-19.480000,-22.840000,-7.670000
-20.680000,-16.320000,-8.730000
-17.160000,-11.140000,-8.750000
-9.250000,-6.830000,-6.430000
 0.860000,-3.720000,-2.890000
 7.080000,-2.170000, 0.700000
 11.380000,-1.300000, 3.060000
 13.190000,-1.340000, 5.160000
 14.600000,-2.220000, 5.750000
 14.640000,-4.220000, 4.570000
 10.060000,-5.740000, 2.970000
-0.280000,-6.670000, 1.830000
-9.670000,-6.900000, 1.320000
-11.830000,-6.800000, 1.920000
-8.400000,-6.380000, 3.150000
-2.370000,-4.720000, 3.400000
 1.230000,-1.120000, 3.040000
 1.710000, 3.720000, 1.930000
 1.830000, 8.120000, 1.220000
 4.450000, 11.100000, 1.020000
 7.840000, 13.750000, 0.220000
 10.210000, 14.960000,-1.090000
 9.730000, 15.500000,-0.850000
 7.310000, 14.610000, 0.390000
 4.510000, 13.330000, 2.470000
 2.710000, 11.170000, 4.640000
 1.560000, 8.410000, 7.160000
 3.120000, 6.160000, 8.650000
 5.370000, 4.770000, 8.340000
 6.490000, 4.650000, 7.010000
 4.990000, 5.000000, 5.800000
 2.310000, 5.390000, 4.270000
-2.160000, 5.900000, 3.350000
-5.770000, 6.810000, 3.210000
-8.000000, 8.230000, 4.200000
-6.150000, 9.100000, 4.280000
-0.600000, 10.090000, 2.910000
 8.190000, 11.200000, 1.000000
 14.350000, 13.220000,-1.450000
 17.270000, 15.740000,-4.640000
 18.690000, 18.870000,-6.000000
 21.900000, 21.980000,-4.370000
 26.760000, 24.040000,-2.880000
 31.220000, 25.350000,-4.370000
 30.670000, 28.900000,-6.300000
 25.020000, 31.640000,-7.390000
 15.940000, 31.960000,-7.650000
 4.250000, 31.740000,-5.200000
-3.710000, 31.970000,-1.530000
-4.090000, 33.190000, 0.250000
 3.410000, 33.070000,-0.190000
 10.930000, 31.850000,-2.250000
 12.040000, 29.310000,-3.220000
 9.770000, 24.370000,-2.380000
 5.760000, 17.640000,-0.200000
 0.110000, 10.600000, 3.610000
-7.220000, 3.060000, 6.760000
-11.410000,-5.770000, 8.070000
-9.940000,-16.350000, 9.420000
-5.520000,-28.710000, 11.800000
-1.210000,-43.110000, 14.450000
 0.330000,-59.060000, 16.460000
-3.490000,-76.340000, 17.420000
-11.520000,-95.840000, 17.770000
-20.410000,-120.150000, 19.790000
-24.370000,-149.580000, 25.600000
-19.350000,-180.560000, 30.540000
-12.500000,-209.080000, 31.450000
-10.200000,-231.530000, 28.230000
-15.710000,-249.650000, 27.610000
-29.750000,-250.130000, 28.010000
-48.020000,-250.130000, 26.790000
-68.500000,-250.130000, 27.990000
-87.730000,-250.130000, 31.030000
-105.030000,-250.130000, 31.630000
-127.500000,-250.130000, 25.070000
-149.900000,-250.130000, 9.040000
-156.980000,-248.760000,-15.830000
-135.740000,-235.330000,-38.930000
-92.830000,-231.310000,-44.670000
-41.960000,-233.630000,-29.070000
-14.730000,-241.160000,-15.030000
-9.940000,-246.810000,-11.940000
-22.020000,-250.130000,-23.900000
-41.550000,-250.130000,-39.000000
-56.030000,-250.130000,-46.000000
-70.980000,-250.130000,-43.770000
-83.430000,-250.130000,-43.620000
-83.160000,-250.130000,-50.190000
-67.400000,-250.130000,-54.540000
-42.370000,-250.130000,-54.450000
-22.660000,-250.130000,-52.550000
-19.850000,-250.130000,-47.700000
-22.850000,-250.130000,-45.410000
-33.590000,-250.130000,-50.720000
-46.510000,-250.130000,-56.380000
-69.860000,-250.130000,-62.450000
-86.610000,-250.130000,-68.870000
-72.030000,-250.130000,-71.140000
-30.490000,-250.130000,-63.610000
 0.260000,-250.130000,-48.220000
 7.310000,-250.130000,-33.120000
-10.420000,-250.130000,-23.210000
-46.410000,-250.130000,-27.030000
-83.960000,-250.130000,-56.340000
-118.280000,-250.130000,-93.020000
-108.310000,-250.130000,-112.570000
-53.010000,-250.130000,-100.770000
-10.630000,-250.130000,-68.080000
-2.560000,-250.130000,-43.500000
-18.730000,-250.130000,-39.960000
-42.790000,-250.130000,-49.760000
-51.520000,-250.130000,-60.780000
-38.390000,-250.130000,-64.950000
-17.770000,-250.130000,-60.390000
-7.580000,-250.130000,-48.720000
-1.290000,-250.130000,-38.850000
 0.010000,-250.130000,-30.090000
-6.030000,-250.130000,-25.860000
-14.420000,-250.130000,-27.520000
-23.130000,-249.710000,-33.380000
-34.160000,-237.790000,-38.470000
-46.280000,-229.400000,-45.890000
-51.790000,-223.950000,-54.890000
-50.050000,-222.840000,-55.800000
-59.740000,-215.160000,-38.870000
-74.010000,-203.610000,-0.310000
 0.510000,-200.110000, 15.950000
 99.620000,-194.900000,-4.540000
 139.090000,-184.360000,-24.250000
 119.290000,-174.820000,-26.790000
 73.740000,-173.900000,-22.390000
 30.960000,-175.430000,-21.710000
-7.740000,-174.540000,-30.830000
-47.210000,-175.150000,-53.280000
-74.460000,-178.100000,-67.670000
-82.110000,-182.680000,-48.460000
-59.950000,-196.840000,-2.190000
-10.270000,-203.650000, 34.290000
 27.840000,-197.940000, 33.910000
 40.090000,-183.160000, 19.130000
 34.350000,-165.880000, 3.790000
 16.700000,-148.250000,-12.320000
-7.580000,-130.250000,-26.700000
-22.410000,-111.330000,-33.330000
-28.740000,-92.790000,-30.870000
-42.260000,-72.800000,-22.500000
-71.450000,-51.940000,-13.960000
-54.380000,-42.590000,-1.880000
 25.240000,-40.420000, 7.900000
 68.500000,-38.400000, 4.960000
 71.000000,-39.430000,-2.220000
 59.960000,-45.870000,-3.230000
 35.900000,-56.470000, 2.130000
 9.030000,-67.760000, 13.090000
-8.830000,-77.510000, 22.060000
-18.260000,-86.220000, 19.010000
-18.110000,-81.770000, 1.090000
 13.840000,-73.590000,-13.300000
 32.520000,-67.930000,-9.720000
 34.830000,-67.610000,-0.070000
 24.970000,-65.300000, 2.260000
 1.380000,-54.170000,-0.130000
-28.140000,-40.250000, 1.450000
-51.000000,-30.160000, 3.560000
-63.280000,-21.900000, 3.350000
-63.080000,-12.740000,-1.090000
-46.590000,-2.040000,-8.540000
-20.990000, 1.040000,-14.470000
 0.070000, 0.040000,-17.410000
 13.060000,-0.310000,-18.000000
 17.110000,-1.350000,-16.710000
 14.120000,-5.580000,-13.050000
 8.750000,-12.030000,-5.580000
 1.600000,-13.740000, 1.700000
-6.600000,-14.120000, 4.700000
-15.890000,-11.770000, 5.320000
-21.150000,-9.830000, 4.830000
-23.380000,-10.140000, 5.610000
-22.160000,-12.790000, 7.790000
-13.960000,-15.360000, 10.480000
 2.010000,-16.320000, 9.980000
 14.750000,-14.540000, 6.930000
 16.540000,-10.760000, 4.190000
 13.510000,-5.320000, 0.640000
 9.910000,-0.120000,-4.990000
 6.690000, 5.830000,-8.480000
 2.990000, 14.000000,-8.830000
-3.480000, 22.440000,-9.350000
-11.970000, 30.850000,-9.920000
-18.250000, 38.160000,-10.740000
-20.580000, 41.900000,-8.930000
-20.000000, 42.750000,-3.510000
-16.310000, 42.510000, 1.590000
-11.450000, 42.200000, 2.730000
-4.700000, 40.810000, 0.040000
 4.220000, 38.160000,-2.250000
 13.190000, 34.060000,-1.450000
 16.320000, 28.510000, 0.890000
 11.780000, 24.230000, 4.120000
 6.060000, 21.740000, 6.400000
 3.580000, 21.380000, 5.330000
 4.180000, 22.620000, 2.970000
 5.400000, 22.340000, 2.060000
 6.160000, 20.220000, 1.920000
 6.630000, 19.190000, 2.930000
 5.110000, 17.290000, 2.080000
 3.740000, 14.520000, 0.700000
 5.450000, 12.640000, 3.670000
 8.420000, 8.750000, 5.450000
 13.150000, 4.550000, 4.540000
 15.990000,-0.010000, 2.590000
 15.790000,-2.640000, 1.700000
 13.190000,-1.250000, 1.260000
 14.070000, 1.730000,-0.580000
 13.510000, 8.440000,-2.620000
 11.130000, 15.200000,-5.080000
 9.620000, 19.710000,-6.830000
 9.220000, 23.960000,-7.700000
 9.090000, 24.280000,-9.580000
 7.480000, 23.100000,-11.060000
 4.820000, 18.520000,-10.610000
 1.920000, 13.220000,-9.770000
-1.740000, 8.000000,-8.410000
-7.720000, 1.900000,-8.280000
-14.690000,-3.750000,-8.030000
-19.660000,-8.460000,-6.880000
-22.030000,-10.560000,-5.580000
-21.890000,-11.740000,-5.480000
-19.940000,-12.310000,-6.020000
-15.690000,-12.250000,-7.620000
-12.430000,-11.380000,-8.850000
-11.670000,-7.640000,-7.070000
-13.580000,-3.830000,-0.060000
-16.430000,-1.280000, 12.690000
-13.510000, 0.970000, 26.480000
 1.140000, 3.720000, 31.110000
 15.290000, 7.110000, 26.500000
 20.260000, 10.730000, 16.640000
 12.400000, 11.710000, 8.510000
-1.260000, 10.250000, 3.240000
-15.100000, 6.580000, 1.140000
-24.630000, 3.020000, 1.010000
-29.140000,-0.250000, 1.370000
-29.190000,-2.640000, 1.740000
-26.030000,-3.760000, 2.550000
-19.390000,-5.680000, 2.500000
-9.630000,-8.570000, 0.220000
-1.160000,-10.610000,-2.740000
 1.930000,-10.770000,-5.580000
 2.090000,-9.830000,-8.300000
 3.160000,-8.900000,-10.640000
 5.020000,-9.060000,-11.050000
 6.210000,-8.730000,-9.440000
 6.670000,-9.110000,-7.600000
 6.220000,-9.930000,-5.620000
 5.160000,-10.450000,-3.910000
 3.230000,-9.780000,-2.600000
 0.820000,-7.450000,-1.330000
 0.260000,-4.390000,-0.060000
 1.460000,-1.680000, 0.960000
 2.440000,-0.840000, 1.870000
 4.570000,-1.340000, 2.510000
 7.370000,-2.770000, 1.930000
 8.300000,-3.940000, 1.090000
 7.190000,-4.090000, 0.340000
 3.730000,-2.220000, 0.710000
-2.490000,-0.700000, 1.180000
-8.510000,-0.740000, 0.700000
-12.130000,-1.090000, 0.810000
-12.800000,-0.470000, 1.610000
-10.830000,-0.610000, 1.480000
-6.290000,-1.390000, 0.610000
 3.510000,-1.510000,-0.210000
 14.620000,-0.350000,-0.720000
 19.940000, 1.730000,-1.830000
 17.230000, 5.170000,-2.830000
 9.670000, 9.130000,-3.250000
 0.560000, 12.220000,-2.200000
-6.580000, 14.740000, 0.100000
-11.420000, 17.640000, 1.870000
-13.580000, 20.070000, 1.890000
-10.670000, 21.950000, 1.030000
-4.730000, 22.830000,-0.080000
 0.300000, 22.230000,-1.090000
 2.960000, 21.180000,-1.880000
 4.300000, 20.220000,-2.680000
 4.400000, 19.450000,-2.900000
 2.400000, 19.450000,-2.290000
-0.480000, 19.120000,-1.210000
-5.100000, 18.340000, 0.870000
-10.130000, 16.590000, 2.940000
-12.170000, 14.870000, 3.740000
-11.850000, 13.140000, 2.600000
-9.020000, 11.300000, 0.980000
-5.610000, 9.250000, 0.190000
-2.350000, 7.110000,-0.010000
 0.020000, 5.380000,-0.180000
 0.930000, 4.220000,-0.280000
 0.040000, 3.030000, 0.200000
-1.480000, 1.430000, 0.260000
-3.640000, 0.020000, 0.000000
-5.980000,-1.390000,-0.620000
-8.360000,-2.600000,-1.780000
-9.290000,-4.350000,-2.480000
-9.320000,-5.410000,-2.670000
-9.280000,-6.000000,-2.640000
-8.960000,-5.830000,-2.450000
-8.000000,-5.580000,-1.940000
-7.310000,-5.410000,-0.820000
-5.900000,-4.680000, 0.250000
-3.280000,-4.060000, 0.960000
-0.740000,-3.340000, 1.100000
-0.540000,-2.730000, 0.650000
-2.900000,-1.940000, 0.430000
-5.380000,-1.620000, 0.600000
-6.640000,-1.540000, 1.120000
-7.630000,-0.960000, 1.090000
-8.410000, 0.030000, 0.700000
-8.450000, 1.310000, 0.240000
-8.380000, 2.260000, 0.430000
-8.990000, 3.190000, 1.220000
-8.480000, 4.200000, 1.830000
-6.770000, 5.560000, 1.410000
-3.320000, 6.430000, 0.810000
 1.160000, 7.380000, 1.100000
 5.990000, 7.320000, 2.040000
 7.950000, 7.280000, 2.520000
 6.160000, 7.400000, 2.050000
 2.960000, 7.990000, 1.250000
-0.590000, 8.320000, 1.160000
-3.090000, 8.740000, 1.090000
-4.690000, 9.430000, 1.500000
-5.750000, 9.870000, 2.250000
-5.870000, 9.930000, 2.650000
-5.110000, 9.950000, 2.710000
-3.410000, 9.450000, 2.460000
-0.520000, 8.900000, 2.180000
 2.600000, 8.610000, 1.120000
 4.060000, 8.350000, 0.630000
 3.050000, 7.640000, 0.750000
 1.020000, 7.190000, 0.630000
-0.450000, 6.590000, 0.560000
-2.370000, 5.980000, 0.900000
-2.470000, 5.410000, 1.090000
-1.640000, 5.250000, 0.870000
-0.920000, 4.780000, 0.740000
-1.580000, 4.530000, 0.340000
-2.930000, 4.380000,-0.190000
-4.450000, 4.350000,-0.410000
-4.720000, 3.840000,-0.090000
-4.180000, 3.250000, 0.100000
-3.440000, 2.740000, 0.140000
-2.680000, 2.370000,-0.010000
-2.130000, 1.610000,-0.410000
-1.410000, 1.320000,-0.590000
-0.610000, 0.570000,-0.400000
-0.030000,-0.050000,-0.030000
 0.520000,-0.190000, 0.190000
 1.000000,-0.070000, 0.450000
 1.070000, 0.180000, 0.480000
 0.780000, 0.530000, 0.090000
-0.580000, 0.900000,-0.470000
-1.920000, 0.670000,-0.670000
-3.140000, 0.780000,-0.790000
-3.890000, 0.980000,-1.060000
-5.030000, 0.870000,-0.900000
-4.730000, 1.050000,-0.490000
-2.860000, 0.790000,-0.260000
-1.020000, 0.710000,-0.310000
-0.600000, 0.840000,-0.780000
-1.640000, 0.800000,-0.990000
-3.340000, 0.670000,-1.140000
-4.810000, 0.740000,-0.980000
-5.760000, 0.600000,-1.110000
-5.470000, 0.570000,-1.110000
-4.590000, 0.350000,-1.190000
-3.090000, 0.400000,-0.960000
-1.930000, 0.100000,-0.870000
-2.380000, 0.440000,-1.190000
-3.730000, 0.440000,-1.110000
-4.990000, 0.640000,-0.930000
-5.800000, 0.660000,-0.990000
-6.120000, 0.880000,-0.900000
-5.890000, 1.230000,-0.600000
-5.210000, 1.250000,-0.610000
-4.840000, 1.670000,-0.510000
-5.320000, 2.190000,-0.670000
-5.510000, 2.640000,-0.570000
-5.480000, 3.050000,-0.830000
-5.190000, 3.140000,-1.060000
-5.170000, 3.520000,-1.130000
-5.900000, 3.770000,-0.740000
-7.050000, 3.920000, 0.110000
-7.630000, 3.810000, 1.010000
-7.280000, 4.160000, 1.060000
-6.180000, 4.500000, 0.860000
-4.730000, 5.060000, 0.560000
-4.310000, 5.610000, 0.370000
-4.320000, 6.080000, 0.220000
-4.840000, 6.190000, 0.540000
-4.340000, 6.530000, 0.480000
-3.430000, 6.700000, 0.210000
-3.080000, 7.060000, 0.420000
-2.290000, 7.220000, 0.700000
-0.780000, 7.280000, 0.950000
 0.810000, 7.530000, 0.670000
 1.830000, 7.380000, 0.710000
 1.750000, 7.440000, 0.620000
 1.240000, 7.050000, 0.640000
 0.920000, 6.660000, 0.750000
 0.920000, 5.850000, 0.490000
 0.810000, 5.350000, 0.270000
-0.520000, 4.870000, 0.280000
-1.130000, 4.380000, 0.030000
-1.340000, 4.300000,-0.250000
-1.030000, 3.930000, 0.160000
-0.450000, 3.520000, 0.180000
 0.070000, 3.360000, 0.160000
 0.120000, 3.100000, 0.140000
-0.020000, 3.040000, 0.070000
-0.380000, 2.850000,-0.300000
-1.090000, 2.420000,-0.100000
-1.840000, 2.500000,-0.270000
