 1.860000,-2.060000, 4.060000
 3.250000,-1.160000, 2.190000
 3.490000, 0.290000, 0.540000
 2.690000, 1.310000,-1.050000
 1.180000, 2.060000,-2.050000
-0.390000, 2.350000,-2.670000
-1.870000, 2.270000,-2.720000
-3.260000, 3.000000,-2.730000
-4.350000, 3.580000,-2.370000
-4.660000, 4.060000,-2.450000
-5.090000, 3.190000,-2.320000
-5.820000, 2.120000,-2.700000
-6.350000, 1.320000,-2.710000
-5.820000, 1.410000,-2.360000
-3.580000, 1.170000,-2.120000
-0.710000, 1.040000,-2.500000
 0.630000, 1.190000,-3.100000
-0.670000, 1.870000,-3.890000
-2.820000, 2.360000,-4.590000
-4.910000, 1.850000,-4.390000
-5.640000, 0.920000,-4.470000
-5.380000, 0.100000,-3.740000
-4.410000,-0.290000,-2.430000
-3.230000,-0.190000,-0.960000
-3.650000,-0.080000, 0.100000
-5.360000,-0.310000, 0.590000
-7.430000,-0.700000, 0.690000
-7.900000,-1.210000, 1.340000
-6.560000,-1.740000, 1.890000
-3.870000,-2.240000, 2.260000
-1.600000,-2.120000, 2.800000
-0.590000,-1.640000, 3.070000
-1.220000,-1.000000, 3.380000
-2.380000,-0.900000, 3.540000
-3.920000,-0.720000, 3.280000
-4.660000,-0.480000, 3.060000
-5.090000,-0.160000, 2.400000
-4.880000, 0.620000, 1.760000
-4.890000, 0.710000, 1.070000
-4.490000, 0.280000, 0.390000
-4.420000, 0.150000, 0.010000
-3.960000,-0.030000, 0.280000
-2.800000, 0.210000, 0.750000
-1.490000, 0.360000, 1.140000
-0.880000, 0.700000, 1.190000
-1.900000, 1.170000, 1.400000
-4.220000, 1.240000, 1.200000
-6.640000, 1.400000, 1.180000
-8.380000, 1.510000, 1.430000
-8.290000, 1.930000, 1.670000
-6.490000, 2.030000, 1.840000
-3.770000, 2.320000, 2.250000
-1.680000, 2.130000, 2.250000
-0.560000, 1.950000, 2.090000
-0.640000, 1.650000, 2.060000
-1.190000, 1.320000, 1.560000
-1.150000, 1.220000, 1.350000
-1.080000, 1.220000, 1.260000
-1.100000, 0.930000, 1.220000
-1.060000, 0.370000, 1.650000
-1.830000,-0.630000, 2.210000
-1.930000,-1.160000, 2.510000
-2.870000,-1.530000, 2.740000
-3.110000,-1.390000, 2.580000
-3.320000,-1.380000, 2.410000
-3.500000,-1.320000, 2.290000
-4.000000,-1.480000, 2.060000
-3.480000,-1.670000, 1.910000
-2.760000,-1.590000, 1.890000
-1.210000,-1.480000, 1.930000
-0.140000,-1.550000, 1.950000
 0.320000,-1.340000, 2.390000
-0.580000,-1.450000, 3.090000
-0.920000,-2.500000, 2.820000
 1.230000,-2.060000, 2.750000
 1.320000,-1.260000, 2.930000
 0.640000,-1.420000, 3.150000
-0.320000,-0.540000, 3.740000
-0.490000,-1.270000, 3.790000
-0.120000,-1.430000, 3.740000
 1.650000,-0.830000, 3.330000
 1.730000,-0.190000, 2.530000
 0.960000,-0.290000, 2.030000
 0.670000,-0.470000, 1.220000
-0.870000,-0.740000, 0.860000
-0.830000,-0.450000, 0.520000
-1.290000, 0.480000,-0.090000
-3.510000, 1.180000,-0.850000
-6.460000, 1.100000,-1.310000
-8.210000, 0.560000,-1.270000
-8.220000,-0.140000,-1.190000
-7.040000,-0.800000,-0.740000
-5.010000,-1.090000,-0.270000
-2.720000,-1.140000, 0.480000
-2.090000,-1.100000, 0.900000
-2.860000,-0.870000, 1.190000
-5.060000,-0.710000, 1.440000
-7.070000,-0.900000, 1.460000
-8.480000,-1.140000, 1.220000
-9.170000,-1.450000, 1.280000
-8.980000,-1.540000, 0.510000
-8.060000,-1.340000,-0.400000
-7.510000,-1.090000,-1.350000
-7.340000,-1.110000,-2.240000
-7.750000,-1.230000,-2.680000
-7.930000,-1.740000,-2.840000
-7.520000,-2.290000,-2.310000
-5.960000,-3.030000,-1.640000
-4.250000,-3.610000,-0.380000
-3.200000,-4.300000, 0.720000
-2.670000,-4.500000, 1.810000
-3.130000,-4.650000, 2.430000
-4.050000,-3.950000, 2.670000
-4.840000,-3.260000, 2.470000
-5.370000,-2.410000, 2.580000
-5.580000,-1.690000, 2.020000
-5.380000,-1.290000, 1.840000
-5.390000,-0.830000, 1.580000
-4.610000,-0.730000, 1.410000
-4.180000,-0.940000, 1.720000
-3.030000,-1.540000, 2.290000
-0.830000,-2.480000, 3.720000
 3.210000,-3.660000, 5.000000
 7.410000,-3.210000, 6.060000
 11.010000,-1.460000, 6.480000
 12.250000, 1.450000, 5.320000
 9.250000, 4.870000, 2.600000
 0.580000, 7.770000,-1.210000
-11.290000, 9.860000,-6.100000
-22.540000, 10.360000,-10.330000
-30.950000, 10.100000,-12.840000
-34.520000, 9.020000,-13.490000
-32.380000, 7.630000,-12.010000
-24.980000, 5.300000,-8.800000
-15.010000, 2.690000,-4.530000
-4.990000, 0.290000,-0.570000
 1.290000,-1.940000, 2.560000
 4.020000,-3.530000, 4.980000
 5.050000,-3.910000, 7.110000
 7.160000,-4.540000, 7.690000
 8.640000,-3.220000, 7.330000
 6.950000,-1.930000, 7.230000
 3.460000,-3.310000, 5.860000
 1.020000,-3.210000, 4.770000
-2.960000,-4.060000, 3.950000
-5.540000,-4.230000, 2.980000
-4.650000,-3.860000, 2.230000
-2.690000,-3.580000, 1.270000
-0.290000,-2.300000, 0.860000
-0.810000,-0.500000, 2.070000
-1.670000, 0.170000, 3.160000
-0.670000,-0.210000, 3.080000
-2.940000, 2.150000, 3.760000
-8.610000, 4.930000, 5.910000
-11.780000, 3.320000, 6.450000
-11.160000, 4.150000, 7.570000
-6.320000, 4.250000, 8.620000
 0.590000, 4.410000, 8.750000
 5.100000, 5.000000, 9.460000
 10.090000, 3.680000, 8.960000
 11.090000, 1.950000, 8.410000
 6.320000, 0.110000, 7.910000
 3.280000,-0.390000, 7.400000
 2.830000,-2.470000, 6.630000
 5.270000,-1.630000, 7.720000
 8.000000,-1.770000, 6.790000
 9.550000,-1.810000, 6.790000
 12.000000,-2.440000, 6.090000
 10.030000,-2.670000, 5.780000
 8.490000,-3.060000, 6.040000
 9.510000,-3.410000, 5.890000
 7.330000,-4.290000, 5.780000
 8.090000,-5.130000, 5.280000
 8.860000,-6.440000, 4.680000
 8.360000,-7.500000, 4.020000
 8.790000,-9.540000, 3.890000
 8.610000,-10.030000, 4.070000
 6.700000,-7.670000, 2.840000
 6.640000,-5.180000, 1.440000
 5.730000,-2.730000, 1.040000
 3.510000,-1.530000, 1.050000
-1.500000,-0.350000, 2.320000
-7.800000,-0.550000, 2.220000
-11.810000,-1.580000, 2.950000
-15.740000,-1.870000, 1.850000
-12.350000, 0.800000,-0.210000
-6.770000,-0.470000,-2.640000
-4.660000,-2.630000,-2.100000
-4.870000,-2.150000,-4.480000
-5.190000, 0.680000,-5.830000
-3.820000, 3.670000,-9.420000
-2.340000, 5.930000,-12.990000
-0.990000, 7.450000,-15.710000
 0.880000, 6.610000,-14.290000
 3.050000, 4.870000,-11.620000
 3.140000,-0.440000,-8.870000
 1.770000,-5.050000,-8.090000
-2.240000,-7.190000,-7.860000
-4.020000,-7.800000,-6.960000
-5.270000,-8.080000,-6.040000
-6.060000,-6.350000,-4.540000
-7.190000,-4.610000,-3.170000
-8.140000,-3.740000,-1.310000
-9.820000,-5.570000,-0.040000
-12.000000,-6.690000, 0.910000
-11.730000,-8.490000, 1.930000
-11.410000,-9.030000, 2.620000
-11.740000,-10.160000, 3.060000
-10.960000,-11.270000, 3.340000
-9.640000,-9.400000, 2.920000
-8.060000,-7.940000, 1.750000
-7.800000,-6.320000, 1.610000
-7.020000,-5.130000, 1.130000
-1.750000,-5.790000, 0.350000
 1.090000,-6.520000,-0.800000
 4.040000,-3.930000, 0.420000
 2.200000,-4.850000, 1.700000
-1.350000,-4.090000, 2.570000
 0.550000,-3.860000, 3.540000
-0.240000,-4.470000, 2.380000
-2.970000,-4.120000,-1.000000
-5.060000,-3.550000,-3.330000
-2.030000,-1.930000,-3.580000
-0.330000,-1.000000,-2.400000
 0.130000,-0.920000,-0.680000
 0.910000,-1.960000, 2.250000
 0.550000,-3.550000, 4.410000
 2.410000,-3.870000, 4.930000
 0.130000,-6.470000, 6.120000
 0.400000,-5.640000, 5.720000
-1.970000,-4.320000, 6.070000
-0.870000,-3.290000, 6.150000
-2.910000,-0.250000, 3.210000
-9.500000, 4.010000,-0.770000
-16.360000, 7.560000,-4.300000
-26.660000, 7.760000,-7.600000
-34.180000, 6.090000,-10.480000
-39.100000, 4.360000,-11.720000
-35.770000, 3.690000,-9.730000
-28.340000, 1.960000,-5.920000
-17.390000, 0.360000,-2.200000
-2.790000,-3.630000, 2.180000
 9.990000,-5.830000, 6.710000
 22.500000,-9.610000, 12.380000
 29.180000,-12.640000, 15.960000
 31.820000,-12.540000, 18.060000
 25.900000,-7.860000, 16.800000
 14.610000,-1.120000, 14.030000
-3.750000, 5.450000, 10.190000
-25.140000, 8.420000, 6.930000
-44.130000, 10.090000, 4.260000
-57.700000, 9.640000, 1.910000
-64.900000, 8.850000,-0.610000
-62.510000, 9.690000,-3.230000
-46.540000, 7.940000,-2.840000
-25.560000, 6.380000,-3.020000
-0.190000, 4.640000,-1.150000
 18.370000, 3.450000, 0.130000
 28.830000, 2.970000,-0.120000
 33.010000, 4.270000,-0.070000
 31.640000, 4.860000, 0.560000
 25.530000, 3.400000, 2.330000
 15.310000, 2.170000, 4.560000
 5.190000, 1.840000, 6.610000
-4.510000, 1.440000, 8.360000
-11.940000, 1.350000, 8.710000
-17.510000, 2.000000, 8.010000
-20.000000, 2.390000, 6.410000
-21.880000, 3.650000, 4.010000
-22.270000, 5.390000, 1.420000
-20.680000, 4.760000, 0.460000
-17.800000, 2.960000,-1.270000
-16.010000, 1.910000,-3.030000
-13.510000, 1.140000,-4.030000
-11.520000, 0.330000,-5.450000
-10.230000, 0.830000,-6.010000
-11.190000, 2.320000,-6.030000
-11.660000, 0.700000,-3.860000
-10.270000,-1.110000,-2.380000
-9.920000,-1.950000,-1.240000
-7.410000,-1.690000,-0.900000
-8.090000,-1.810000,-1.680000
-7.900000,-2.480000,-2.160000
-9.750000,-2.420000,-2.600000
-13.170000,-2.890000,-2.650000
-17.000000,-3.270000,-2.080000
-22.480000,-3.520000,-2.710000
-30.690000,-3.300000,-4.030000
-26.930000,-5.470000,-4.510000
-30.440000,-8.320000,-3.240000
-25.280000,-9.140000,-4.690000
-21.410000,-10.790000,-1.600000
-16.090000,-10.530000, 0.970000
-12.920000,-7.500000, 0.350000
-7.070000,-4.580000, 0.440000
-8.120000, 1.490000,-2.450000
-12.970000, 7.860000,-4.830000
-19.090000, 6.670000,-3.160000
-17.770000, 0.120000,-0.380000
-16.410000,-4.290000, 0.090000
-14.440000,-7.210000, 0.120000
-10.380000,-13.350000, 1.280000
-7.030000,-16.600000, 0.120000
-6.430000,-15.690000,-1.410000
-2.260000,-11.000000, 1.710000
 1.290000,-7.850000, 5.760000
 3.220000,-5.920000, 4.250000
 4.340000,-2.860000, 2.260000
 6.320000,-1.870000,-1.040000
 5.850000,-5.310000,-3.290000
 0.960000,-10.430000,-5.510000
-5.650000,-10.850000,-7.360000
-14.740000,-10.900000,-5.920000
-20.510000,-7.440000,-2.480000
-20.450000,-5.640000, 0.950000
-17.480000,-3.680000, 3.250000
-14.100000,-5.450000, 5.470000
-14.250000,-11.250000, 8.360000
-15.160000,-18.290000, 9.480000
-18.400000,-24.200000, 9.370000
-19.700000,-25.250000, 9.570000
-14.270000,-16.690000, 12.340000
-8.100000,-6.660000, 12.780000
-0.530000,-0.020000, 10.950000
 2.450000,-6.470000, 9.640000
 2.090000,-17.350000, 7.140000
 1.380000,-27.860000, 3.810000
-1.040000,-26.830000,-0.640000
-5.520000,-18.060000,-2.770000
-7.870000,-8.810000,-2.510000
-6.750000, 1.250000,-1.050000
-5.320000, 7.670000, 0.120000
-9.640000, 7.930000, 3.380000
-14.770000, 0.470000, 7.870000
-17.670000,-12.110000, 10.540000
-20.780000,-15.440000, 11.250000
-23.570000,-13.460000, 11.480000
-22.800000,-8.960000, 10.960000
-24.610000,-4.130000, 12.060000
-28.210000,-1.330000, 14.120000
-30.380000, 0.490000, 12.870000
-29.670000,-1.830000, 8.960000
-22.090000,-6.000000, 6.160000
-17.360000,-9.690000, 4.280000
-17.320000,-7.730000, 3.340000
-16.610000,-10.800000, 5.530000
-17.220000,-11.840000, 5.180000
-5.380000,-14.560000, 5.830000
-8.320000,-17.030000, 3.610000
-9.340000,-7.760000,-0.030000
-3.900000,-1.400000, 1.890000
 4.280000, 3.480000, 1.320000
 4.210000, 7.970000, 2.400000
-1.640000, 10.740000, 4.460000
-12.670000, 7.670000, 6.340000
-20.700000, 3.710000, 5.540000
-20.700000, 1.310000, 3.050000
-13.030000, 7.140000,-0.490000
-0.900000, 8.740000,-2.830000
 4.610000, 7.610000,-2.190000
 2.760000, 3.230000, 0.150000
 0.390000,-3.630000, 3.970000
-1.310000,-7.720000, 6.250000
-4.640000,-7.840000, 8.670000
-8.210000,-7.530000, 10.760000
-12.090000,-6.680000, 11.520000
-13.000000,-4.990000, 10.080000
-9.940000,-1.450000, 6.980000
-3.460000, 1.090000, 2.220000
 3.510000, 2.460000,-4.100000
 8.830000,-0.080000,-7.670000
 10.180000,-4.110000,-9.490000
 9.800000,-5.840000,-10.290000
 8.270000,-4.730000,-9.240000
 5.400000,-2.800000,-6.530000
 6.010000, 2.220000,-5.120000
 15.140000, 11.530000,-7.430000
 29.870000, 17.770000,-12.500000
 45.980000, 19.450000,-18.900000
 60.940000, 18.240000,-25.780000
 70.770000, 16.160000,-30.810000
 72.240000, 13.030000,-33.000000
 63.810000, 10.940000,-33.450000
 50.360000, 11.590000,-31.580000
 35.370000, 13.020000,-29.210000
 23.900000, 16.960000,-26.580000
 18.300000, 23.580000,-23.580000
 16.160000, 31.420000,-20.290000
 15.180000, 38.700000,-16.450000
 14.610000, 44.720000,-13.410000
 11.800000, 48.140000,-11.230000
 6.100000, 48.540000,-9.990000
-0.060000, 45.680000,-9.270000
 1.810000, 41.160000,-9.870000
 11.830000, 35.280000,-10.610000
 22.220000, 27.910000,-10.070000
 22.650000, 19.070000,-6.580000
 11.190000, 9.250000,-1.100000
-4.580000, 1.170000, 4.580000
-18.640000,-4.320000, 8.970000
-27.480000,-6.800000, 11.450000
-32.250000,-7.900000, 12.670000
-34.810000,-8.050000, 13.520000
-35.800000,-7.660000, 13.770000
-34.320000,-6.990000, 14.190000
-29.250000,-6.230000, 14.280000
-21.700000,-5.350000, 14.030000
-13.850000,-4.870000, 13.320000
-7.710000,-3.910000, 12.530000
-3.620000,-3.390000, 11.740000
-2.220000,-2.950000, 11.460000
-2.290000,-2.920000, 11.040000
-3.030000,-2.710000, 10.910000
-3.290000,-2.440000, 10.670000
-2.970000,-1.450000, 9.940000
-2.770000,-1.150000, 9.530000
-2.050000,-1.510000, 9.450000
 0.300000,-1.610000, 8.830000
 1.220000,-1.380000, 8.410000
 1.450000,-1.080000, 7.380000
 1.450000,-0.750000, 6.290000
 1.370000,-0.410000, 4.710000
 1.530000,-0.280000, 3.190000
 1.750000, 0.480000, 1.460000
 1.760000, 1.350000, 0.290000
 2.060000, 1.850000,-0.730000
 3.500000, 1.330000,-1.350000
 6.300000, 0.960000,-2.320000
 8.810000, 1.260000,-3.840000
 10.270000, 1.660000,-5.290000
 10.250000, 2.040000,-6.490000
 9.920000, 1.960000,-7.590000
 9.490000, 0.950000,-8.610000
 11.110000, 0.410000,-9.950000
 13.250000, 0.740000,-11.140000
 14.380000, 1.490000,-12.600000
 14.450000, 2.420000,-14.160000
 13.100000, 3.620000,-16.040000
 10.090000, 5.580000,-18.080000
 6.120000, 7.960000,-20.550000
-0.380000, 9.580000,-22.610000
-8.080000, 11.040000,-22.900000
-14.730000, 11.270000,-20.730000
-18.900000, 10.380000,-17.980000
-20.550000, 7.280000,-15.290000
-17.710000, 4.000000,-14.410000
-14.510000, 1.460000,-15.380000
-12.220000, 0.820000,-17.690000
-10.300000, 2.450000,-21.110000
-10.410000, 4.870000,-23.610000
-11.770000, 7.150000,-23.990000
-14.780000, 8.090000,-22.640000
-19.520000, 6.960000,-21.090000
-23.440000, 5.530000,-20.220000
-28.220000, 4.620000,-20.910000
-35.830000, 5.080000,-22.190000
-48.310000, 5.510000,-23.000000
-62.640000, 4.510000,-21.970000
-75.470000, 1.710000,-19.890000
-83.890000,-0.530000,-17.000000
-85.900000,-0.640000,-15.350000
-85.110000, 0.660000,-14.080000
-87.800000, 0.770000,-12.190000
-100.370000,-3.740000,-9.000000
-120.870000,-11.610000,-3.630000
-143.800000,-20.980000, 3.450000
-159.950000,-31.870000, 12.150000
-162.360000,-43.000000, 21.080000
-159.410000,-53.130000, 29.440000
-159.690000,-60.050000, 37.830000
-164.900000,-61.120000, 46.360000
-172.290000,-61.040000, 55.600000
-176.730000,-62.760000, 64.230000
-178.890000,-68.210000, 71.800000
-188.060000,-78.490000, 78.100000
-205.830000,-86.610000, 83.830000
-229.150000,-90.760000, 90.180000
-250.130000,-92.730000, 97.250000
-250.130000,-93.540000, 104.220000
-250.130000,-89.120000, 111.540000
-239.010000,-80.510000, 114.340000
-228.050000,-72.400000, 125.200000
-250.130000,-51.160000, 142.110000
-250.130000,-31.630000, 157.480000
-250.130000,-24.490000, 169.690000
-250.130000,-22.580000, 180.120000
-250.130000,-24.890000, 189.650000
-250.130000,-26.950000, 198.810000
-250.130000,-25.540000, 206.830000
-250.130000,-20.830000, 210.690000
-250.130000,-11.400000, 207.910000
-250.130000, 3.150000, 201.000000
-250.130000, 24.460000, 191.250000
-250.130000, 48.090000, 182.480000
-250.130000, 63.450000, 175.860000
-250.130000, 67.640000, 169.830000
-250.130000, 65.280000, 163.030000
-250.130000, 61.600000, 153.230000
-250.130000, 59.720000, 143.600000
-250.130000, 60.830000, 136.410000
-250.130000, 64.380000, 132.950000
-250.130000, 69.580000, 132.200000
-250.130000, 71.420000, 132.540000
-250.130000, 68.860000, 131.340000
-250.130000, 66.800000, 128.180000
-250.130000, 64.710000, 123.390000
-250.130000, 59.580000, 117.500000
-250.130000, 54.220000, 109.180000
-250.130000, 51.590000, 97.810000
-250.130000, 50.380000, 85.900000
-250.130000, 49.090000, 75.880000
-250.130000, 50.170000, 68.290000
-250.130000, 51.270000, 62.810000
-250.130000, 50.550000, 58.250000
-250.130000, 45.770000, 54.160000
-250.130000, 41.340000, 51.890000
-250.130000, 38.660000, 53.320000
-250.130000, 40.450000, 59.630000
-250.130000, 44.540000, 70.800000
-250.130000, 42.190000, 82.950000
-250.130000, 34.060000, 93.450000
-250.130000, 19.090000, 100.640000
-250.130000, 2.160000, 104.380000
-248.320000,-9.430000, 102.950000
-219.410000,-9.510000, 98.980000
-197.230000, 6.500000, 95.440000
-172.490000, 36.680000, 94.770000
-140.780000, 65.540000, 100.000000
-105.900000, 84.660000, 112.640000
-78.220000, 87.390000, 133.650000
-67.550000, 78.160000, 160.990000
-61.790000, 63.540000, 194.770000
-52.770000, 47.580000, 231.380000
-33.960000, 46.540000, 250.120000
-9.730000, 54.740000, 250.120000
 16.060000, 70.560000, 250.120000
 39.320000, 89.140000, 250.120000
 51.710000, 113.530000, 250.120000
 40.650000, 127.270000, 250.120000
 14.930000, 129.220000, 250.120000
-11.290000, 127.770000, 250.120000
-28.410000, 130.340000, 250.120000
-32.740000, 134.800000, 250.120000
-27.960000, 139.470000, 250.120000
-15.120000, 147.640000, 250.120000
-4.100000, 148.500000, 250.120000
 10.640000, 146.290000, 250.120000
 30.270000, 148.510000, 250.120000
 50.830000, 149.900000, 250.120000
 68.580000, 153.800000, 250.120000
 79.640000, 159.580000, 247.900000
 83.700000, 164.480000, 225.340000
 75.510000, 165.250000, 202.640000
 61.010000, 165.230000, 180.280000
 45.270000, 168.970000, 157.930000
 41.820000, 175.340000, 133.040000
 41.770000, 187.190000, 107.070000
 35.730000, 204.510000, 79.490000
 23.980000, 230.430000, 56.080000
 13.360000, 250.120000, 38.750000
 13.100000, 250.120000, 24.690000
 22.160000, 250.120000, 13.970000
 34.370000, 250.120000, 3.690000
 28.710000, 250.120000,-6.040000
 1.400000, 250.120000,-15.930000
 250.120000,-250.130000,-145.000000
-99.250000, 199.320000,-17.160000
 137.600000, 250.120000, 38.150000
-108.540000,-61.370000, 28.400000
-100.060000,-109.170000,-4.910000
-26.350000,-64.510000,-28.130000
 27.320000,-16.880000,-42.700000
 24.540000, 13.930000,-56.960000
 14.500000, 21.740000,-62.470000
 17.900000, 20.530000,-67.880000
 10.510000, 18.860000,-69.030000
-8.630000, 13.890000,-74.700000
-26.580000, 10.230000,-89.700000
-38.430000, 4.110000,-116.020000
-37.830000,-8.560000,-146.600000
-25.350000,-23.560000,-181.140000
-13.800000,-36.120000,-221.350000
-15.190000,-48.730000,-250.130000
-21.380000,-60.560000,-250.130000
-21.160000,-67.120000,-250.130000
-20.670000,-65.290000,-250.130000
-29.960000,-59.800000,-250.130000
-29.820000,-63.360000,-250.130000
-39.090000,-74.560000,-250.130000
-67.250000,-88.710000,-250.130000
-86.550000,-89.670000,-250.130000
-84.220000,-81.420000,-250.130000
-66.900000,-64.590000,-250.130000
-41.090000,-34.820000,-250.130000
-15.510000, 4.250000,-250.130000
 15.340000, 44.830000,-250.130000
 58.420000, 84.520000,-250.130000
 97.180000, 107.020000,-250.130000
 90.980000, 107.120000,-250.130000
 43.870000, 103.160000,-250.130000
-37.860000, 103.640000,-250.130000
-110.630000, 96.160000,-250.130000
-148.330000, 77.390000,-226.960000
-153.150000, 49.540000,-138.360000
-135.000000, 30.570000,-72.550000
-96.330000, 31.290000,-30.330000
-50.630000, 41.820000,-11.450000
-5.370000, 52.310000,-11.680000
 35.580000, 60.420000,-26.770000
 74.080000, 69.610000,-47.420000
 100.790000, 79.030000,-66.320000
 107.530000, 81.620000,-75.130000
 93.880000, 72.780000,-70.740000
 68.570000, 51.540000,-55.680000
 38.690000, 21.630000,-33.450000
 11.830000,-10.570000,-7.510000
-8.220000,-36.640000, 19.170000
-19.830000,-53.160000, 42.910000
-25.990000,-62.650000, 63.140000
-30.030000,-65.700000, 80.260000
-32.900000,-63.430000, 94.930000
-37.340000,-58.340000, 106.360000
-46.800000,-52.740000, 114.160000
-60.840000,-49.440000, 119.480000
-79.860000,-48.830000, 123.090000
-103.870000,-49.940000, 125.750000
-127.920000,-53.160000, 127.650000
-141.220000,-61.140000, 127.800000
-142.830000,-74.290000, 126.670000
-136.310000,-90.220000, 122.880000
-136.530000,-106.640000, 116.580000
-150.410000,-119.830000, 109.370000
-169.450000,-124.080000, 102.610000
-182.860000,-116.160000, 99.660000
-187.070000,-100.830000, 99.290000
-181.290000,-81.060000, 102.350000
-171.050000,-61.570000, 106.610000
-161.670000,-44.240000, 114.670000
-157.750000,-33.700000, 122.410000
-163.190000,-30.260000, 129.670000
-182.380000,-35.960000, 134.470000
-216.480000,-50.150000, 136.900000
-250.130000,-70.050000, 137.220000
-250.130000,-84.190000, 138.520000
-250.130000,-82.870000, 141.680000
-250.130000,-50.060000, 146.760000
-250.130000,-3.220000, 156.210000
-250.130000, 29.700000, 170.940000
-250.130000, 34.030000, 187.180000
-250.130000, 20.300000, 200.830000
-250.130000,-0.620000, 205.520000
-250.130000,-14.770000, 201.030000
-250.130000,-16.420000, 194.290000
-250.130000,-2.220000, 191.000000
-250.130000, 25.840000, 196.030000
-250.130000, 47.800000, 207.680000
-250.130000, 61.770000, 218.960000
-250.130000, 68.330000, 220.650000
-250.130000, 70.480000, 209.820000
-250.130000, 69.140000, 190.580000
-250.130000, 64.500000, 170.190000
-250.130000, 62.020000, 156.230000
-250.130000, 65.250000, 150.360000
-250.130000, 68.650000, 152.050000
-250.130000, 67.190000, 155.090000
-250.130000, 62.610000, 155.890000
-250.130000, 56.940000, 153.090000
-250.130000, 54.680000, 149.160000
-250.130000, 58.800000, 148.030000
-250.130000, 64.350000, 149.510000
-250.130000, 70.330000, 149.610000
-250.130000, 75.690000, 145.940000
-250.130000, 73.880000, 134.680000
-250.130000, 65.800000, 113.370000
-250.130000, 55.330000, 83.040000
-250.130000, 49.800000, 47.770000
-250.130000, 57.800000, 15.490000
-250.130000, 77.720000,-5.230000
-250.130000, 96.540000,-9.020000
-250.130000, 109.930000, 5.160000
-250.130000, 106.340000, 32.080000
-250.130000, 83.380000, 61.880000
-250.130000, 53.670000, 81.220000
-250.130000, 28.970000, 85.960000
-237.030000, 8.000000, 78.900000
-232.700000,-7.090000, 61.850000
-248.920000,-8.710000, 41.060000
-250.130000, 1.020000, 22.480000
-250.130000, 15.020000, 8.970000
-250.130000, 26.190000,-1.290000
-250.130000, 27.140000,-10.310000
-236.050000, 22.090000,-16.610000
-193.340000, 9.290000,-18.710000
-161.520000,-2.350000,-14.630000
-150.870000,-7.520000,-5.190000
-163.160000,-10.000000, 10.480000
-192.700000,-14.960000, 30.470000
-227.150000,-21.760000, 51.140000
-241.930000,-30.870000, 65.900000
-229.980000,-43.320000, 76.180000
-192.310000,-56.400000, 85.380000
-133.250000,-63.000000, 97.720000
-65.920000,-58.190000, 112.610000
-7.240000,-37.480000, 131.060000
 33.410000,-0.430000, 156.480000
 58.350000, 39.800000, 185.750000
 67.200000, 61.290000, 216.330000
 63.690000, 62.220000, 244.240000
 54.460000, 55.750000, 250.120000
 45.590000, 47.640000, 250.120000
 41.700000, 44.410000, 250.120000
 52.450000, 55.920000, 250.120000
 77.770000, 71.040000, 250.120000
 104.510000, 80.750000, 250.120000
 121.440000, 82.730000, 250.120000
 121.020000, 80.570000, 250.120000
 103.320000, 74.100000, 250.120000
 80.900000, 72.590000, 250.120000
 67.880000, 72.080000, 250.120000
 64.210000, 75.260000, 250.120000
 64.510000, 81.240000, 250.120000
 62.430000, 90.360000, 250.120000
 53.390000, 106.700000, 250.120000
 42.540000, 118.670000, 250.120000
 32.120000, 131.430000, 250.120000
 32.830000, 152.510000, 248.550000
 25.250000, 175.000000, 220.610000
 4.120000, 198.900000, 191.290000
-11.110000, 226.470000, 161.590000
-13.850000, 250.120000, 133.550000
-11.020000, 250.120000, 112.930000
-14.000000, 250.120000, 94.310000
-28.960000, 250.120000, 79.050000
-51.800000, 250.120000, 65.140000
-70.670000, 250.120000, 47.940000
-78.840000, 250.120000, 30.920000
-52.450000,-250.130000,-32.340000
-153.140000, 90.960000, 95.910000
-161.160000, 137.000000, 142.640000
 1.820000,-48.820000, 0.750000
 110.820000,-12.150000,-53.810000
 121.170000, 3.320000,-60.820000
 97.340000, 36.640000,-58.800000
 34.130000, 37.450000,-54.580000
-25.930000, 20.830000,-53.730000
-73.730000, 15.860000,-63.790000
-88.070000, 18.980000,-82.190000
-79.520000, 15.780000,-103.340000
-54.160000, 3.710000,-129.770000
-16.110000,-2.750000,-154.670000
 20.020000,-7.740000,-185.490000
 48.490000,-10.930000,-222.480000
 72.230000,-15.340000,-250.130000
 81.400000,-21.830000,-250.130000
 67.630000,-36.740000,-250.130000
 35.960000,-51.310000,-250.130000
 26.010000,-59.110000,-250.130000
 19.860000,-74.270000,-250.130000
 5.320000,-87.350000,-250.130000
-2.350000,-80.260000,-250.130000
-17.220000,-84.220000,-250.130000
-56.830000,-90.660000,-250.130000
-117.840000,-86.800000,-250.130000
-157.770000,-70.350000,-250.130000
-176.140000,-43.900000,-250.130000
-162.110000,-14.070000,-250.130000
-96.090000, 25.220000,-250.130000
-7.830000, 62.420000,-250.130000
 71.320000, 90.780000,-250.130000
 130.840000, 112.410000,-250.130000
 163.630000, 126.490000,-250.130000
 159.930000, 122.510000,-250.130000
 121.120000, 99.650000,-250.130000
 68.590000, 69.990000,-229.940000
 30.290000, 40.290000,-180.300000
-22.320000, 16.300000,-134.710000
-68.500000, 6.380000,-94.650000
-87.510000, 4.810000,-62.130000
-83.840000, 10.170000,-40.510000
-67.320000, 19.110000,-27.010000
-42.140000, 29.180000,-21.370000
-8.870000, 40.030000,-21.750000
 24.340000, 49.160000,-25.380000
 47.900000, 52.850000,-30.630000
 60.350000, 51.250000,-34.840000
 65.540000, 44.100000,-36.800000
 65.030000, 34.350000,-34.580000
 62.140000, 25.090000,-27.580000
 63.570000, 16.290000,-17.090000
 70.770000, 7.880000,-3.320000
 82.020000, 0.480000, 11.770000
 95.280000,-1.690000, 28.180000
 104.380000,-0.810000, 44.180000
 107.100000, 1.640000, 59.920000
 103.900000, 3.550000, 75.020000
 95.640000, 5.580000, 90.060000
 83.770000, 7.160000, 104.980000
 70.280000, 6.640000, 118.750000
 56.360000, 5.910000, 132.130000
 41.190000, 5.310000, 144.870000
 25.290000, 4.060000, 155.720000
 8.780000, 1.390000, 164.480000
-6.690000,-3.670000, 170.820000
-21.060000,-8.940000, 173.970000
-31.660000,-13.510000, 174.240000
-38.310000,-17.770000, 168.540000
-43.290000,-21.290000, 157.520000
-47.450000,-22.150000, 141.540000
-49.670000,-18.980000, 122.840000
-48.110000,-12.290000, 104.040000
-42.480000,-5.440000, 85.470000
-32.530000,-0.550000, 68.960000
-22.640000, 2.190000, 54.610000
-17.950000, 2.480000, 41.080000
-20.390000, 2.440000, 28.730000
-27.910000, 0.230000, 18.180000
-36.630000,-4.290000, 9.900000
-42.850000,-9.300000, 3.310000
-46.520000,-13.450000,-3.060000
-48.410000,-15.250000,-9.810000
-48.970000,-13.070000,-17.220000
-46.890000,-8.810000,-24.760000
-42.170000,-3.190000,-31.350000
-35.590000, 2.550000,-36.860000
-30.050000, 7.090000,-40.550000
-27.340000, 10.440000,-43.120000
-27.330000, 11.540000,-44.800000
-29.020000, 11.080000,-45.960000
-31.650000, 9.380000,-47.600000
-34.180000, 7.670000,-49.310000
-35.530000, 6.560000,-51.350000
-35.490000, 6.580000,-52.820000
-32.830000, 7.280000,-53.850000
-28.060000, 9.060000,-54.050000
-22.140000, 10.810000,-53.420000
-16.540000, 12.730000,-52.230000
-12.520000, 14.610000,-50.220000
-11.640000, 15.890000,-47.290000
-11.800000, 16.660000,-43.490000
-13.400000, 16.350000,-39.620000
-15.280000, 15.830000,-35.260000
-15.950000, 14.680000,-30.700000
-14.620000, 13.060000,-25.990000
-10.800000, 11.290000,-21.550000
-5.900000, 9.540000,-17.610000
 0.190000, 9.350000,-14.160000
 23.730000, 12.190000,-12.320000
 55.080000, 15.160000,-11.030000
 62.390000, 15.110000,-8.320000
 53.600000, 13.380000,-4.220000
 38.690000, 8.890000,-0.760000
 23.310000, 2.650000, 2.120000
 9.480000,-2.280000, 4.080000
 1.100000,-4.740000, 5.550000
-1.560000,-5.300000, 5.880000
-4.060000,-5.780000, 7.170000
-8.560000,-6.880000, 8.540000
-13.730000,-7.730000, 9.930000
-18.650000,-7.780000, 11.320000
-21.030000,-7.460000, 12.220000
-20.480000,-6.400000, 13.950000
-18.600000,-5.290000, 15.930000
-16.190000,-4.330000, 18.090000
-13.190000,-4.680000, 19.710000
-8.640000,-5.160000, 21.460000
-4.850000,-5.820000, 23.210000
-1.360000,-6.480000, 24.750000
 0.940000,-6.990000, 26.350000
 2.250000,-6.870000, 27.510000
 1.970000,-6.310000, 27.980000
 0.900000,-5.640000, 28.270000
 0.220000,-5.620000, 27.930000
 0.040000,-5.370000, 27.410000
 0.660000,-4.930000, 26.240000
 1.690000,-4.150000, 24.980000
 2.770000,-3.690000, 23.230000
 3.950000,-2.930000, 21.580000
 3.670000,-2.430000, 19.620000
 2.310000,-2.020000, 17.610000
 0.010000,-1.390000, 15.830000
-1.720000,-1.160000, 13.890000
-2.560000,-1.090000, 12.510000
-2.680000,-1.030000, 10.410000
-2.250000,-0.830000, 8.190000
-1.100000,-0.310000, 6.120000
-0.390000, 0.350000, 3.510000
-0.220000, 0.980000, 0.940000
-0.790000, 1.540000,-1.870000
-1.770000, 2.610000,-4.090000
-2.880000, 3.280000,-6.190000
-3.540000, 3.670000,-7.640000
-3.900000, 3.720000,-8.670000
-4.360000, 3.810000,-10.300000
-5.000000, 4.150000,-11.460000
-6.250000, 4.460000,-11.900000
-7.510000, 4.570000,-12.960000
-8.570000, 4.130000,-13.900000
-9.580000, 3.550000,-14.760000
-10.290000, 3.450000,-16.030000
-10.570000, 3.250000,-17.010000
-10.200000, 3.320000,-18.230000
-9.570000, 3.100000,-18.900000
-8.480000, 2.640000,-19.480000
-7.340000, 2.090000,-19.830000
-6.120000, 1.580000,-19.740000
-4.230000, 0.620000,-18.860000
-2.220000,-0.190000,-17.900000
-0.240000,-1.030000,-16.730000
 1.010000,-1.260000,-15.160000
 1.300000,-1.420000,-13.740000
 1.230000,-1.610000,-12.090000
 0.870000,-1.930000,-10.150000
 0.800000,-2.010000,-8.310000
 0.810000,-2.170000,-6.540000
 1.360000,-2.360000,-5.000000
 2.520000,-2.380000,-2.890000
 3.430000,-2.710000,-1.140000
 4.000000,-2.550000, 0.630000
 4.220000,-2.100000, 2.090000
 5.010000,-1.740000, 3.530000
 6.580000,-1.470000, 5.040000
 8.660000,-1.520000, 6.060000
 11.120000,-1.370000, 7.140000
 13.190000,-0.870000, 7.980000
 14.700000, 0.200000, 9.120000
 15.640000, 0.630000, 10.030000
 16.310000, 0.510000, 10.870000
 16.810000,-0.090000, 11.800000
 17.120000,-0.350000, 12.730000
 16.920000,-0.140000, 14.090000
 15.760000, 0.200000, 15.980000
 15.330000,-0.320000, 18.030000
 16.480000,-2.110000, 19.240000
 18.830000,-4.200000, 19.700000
 23.100000,-5.160000, 19.460000
 28.220000,-5.670000, 18.810000
 33.310000,-4.820000, 17.510000
 37.030000,-2.670000, 15.160000
 36.010000, 0.300000, 12.020000
 29.510000, 3.300000, 8.060000
 18.580000, 5.750000, 4.110000
 4.930000, 6.190000, 1.720000
-6.720000, 6.060000, 0.440000
-14.000000, 6.930000,-0.580000
-15.400000, 8.510000,-4.120000
-10.910000, 11.670000,-8.910000
-5.020000, 15.770000,-12.990000
-5.840000, 18.870000,-15.800000
-15.500000, 19.190000,-17.480000
-30.640000, 16.200000,-18.010000
-43.590000, 10.290000,-17.810000
-49.310000, 3.100000,-17.110000
-47.150000,-3.650000,-16.450000
-41.050000,-8.480000,-15.610000
-33.820000,-9.540000,-14.580000
-31.610000,-8.020000,-14.200000
-39.520000,-6.910000,-13.620000
-58.410000,-7.650000,-8.690000
-87.690000,-11.160000,-0.120000
-118.010000,-16.800000, 11.250000
-142.870000,-24.740000, 24.570000
-152.230000,-32.160000, 39.050000
-145.340000,-35.420000, 52.670000
-129.770000,-34.290000, 64.030000
-119.220000,-30.640000, 73.140000
-117.720000,-22.480000, 81.070000
-126.480000,-11.310000, 89.120000
-143.370000,-4.510000, 96.610000
-159.050000,-2.610000, 104.770000
-174.300000,-2.920000, 112.000000
-192.580000,-1.880000, 119.610000
-217.290000, 2.570000, 128.110000
-247.870000, 11.870000, 136.770000
-250.130000, 21.170000, 146.520000
-250.130000, 25.960000, 155.410000
-250.130000, 25.080000, 161.420000
-250.130000, 22.570000, 164.310000
-250.130000, 21.910000, 164.810000
-250.130000, 30.290000, 164.540000
-250.130000, 49.350000, 166.190000
-250.130000, 70.960000, 171.860000
-250.130000, 89.630000, 182.830000
-250.130000, 98.130000, 199.320000
-250.130000, 93.690000, 215.540000
-250.130000, 81.990000, 225.070000
-250.130000, 69.930000, 226.960000
-250.130000, 66.400000, 226.140000
-250.130000, 76.870000, 223.600000
-250.130000, 96.600000, 221.790000
-250.130000, 118.090000, 217.170000
-250.130000, 132.350000, 209.820000
-250.130000, 143.320000, 201.240000
-250.130000, 151.390000, 194.510000
-250.130000, 158.890000, 189.920000
-250.130000, 162.730000, 185.530000
-250.130000, 162.900000, 179.020000
-250.130000, 154.190000, 167.210000
-250.130000, 139.360000, 151.490000
-250.130000, 122.820000, 133.600000
-250.130000, 111.350000, 117.690000
-250.130000, 110.890000, 106.800000
-250.130000, 120.890000, 100.160000
-250.130000, 135.960000, 98.370000
-250.130000, 151.740000, 99.820000
-250.130000, 165.810000, 101.620000
-250.130000, 176.430000, 99.940000
-250.130000, 183.450000, 93.250000
-250.130000, 188.110000, 82.130000
-250.130000, 186.330000, 67.480000
-250.130000, 174.410000, 51.520000
-250.130000, 155.260000, 37.050000
-250.130000, 137.970000, 24.960000
-250.130000, 129.510000, 17.230000
-250.130000, 126.830000, 13.880000
-250.130000, 129.160000, 12.980000
-250.130000, 131.930000, 12.320000
-250.130000, 123.960000, 9.770000
-250.130000, 98.420000, 5.410000
-250.130000, 66.680000,-0.850000
-250.130000, 39.840000,-7.620000
-250.130000, 26.370000,-10.710000
-250.130000, 27.880000,-8.480000
-250.130000, 34.330000, 0.360000
-234.110000, 31.890000, 15.680000
-188.230000, 14.970000, 37.920000
-155.860000,-2.410000, 63.120000
-129.400000,-11.410000, 86.860000
-113.910000,-13.730000, 107.620000
-103.620000,-9.740000, 125.750000
-94.300000,-2.300000, 142.610000
-89.120000, 3.090000, 166.380000
-77.870000, 9.280000, 200.970000
-54.890000, 20.620000, 241.830000
-19.750000, 31.490000, 250.120000
 14.590000, 39.410000, 250.120000
 43.150000, 47.010000, 250.120000
 65.380000, 51.740000, 250.120000
 81.650000, 56.000000, 250.120000
 101.570000, 62.190000, 250.120000
 125.610000, 69.480000, 250.120000
 145.850000, 77.820000, 250.120000
 143.120000, 87.450000, 250.120000
 119.510000, 101.060000, 250.120000
 82.700000, 111.690000, 250.120000
 52.180000, 118.500000, 250.120000
 27.820000, 127.370000, 250.120000
 12.670000, 130.290000, 250.120000
 10.190000, 130.760000, 250.120000
 10.610000, 128.320000, 250.120000
 15.000000, 128.730000, 250.120000
 29.790000, 137.500000, 250.120000
 50.080000, 153.470000, 238.260000
 65.450000, 163.910000, 210.190000
 71.950000, 167.560000, 182.350000
 69.360000, 167.770000, 156.610000
 63.480000, 168.170000, 134.330000
 65.230000, 181.830000, 116.500000
 72.030000, 205.300000, 102.990000
 72.790000, 227.580000, 82.090000
 41.220000, 250.120000, 55.560000
 1.000000, 250.120000, 28.050000
-17.930000, 250.120000,-2.740000
-18.750000, 250.120000,-27.060000
 12.430000, 250.120000,-39.080000
-55.090000, 218.270000, 102.740000
 250.120000, 250.120000,-20.930000
 100.200000, 49.880000, 2.190000
 38.120000,-127.780000,-6.450000
-51.250000,-136.160000,-40.390000
-21.070000,-97.420000,-67.760000
-2.600000,-45.910000,-116.190000
 15.460000,-1.610000,-165.420000
 29.520000, 7.800000,-200.780000
 35.030000, 10.030000,-229.900000
 27.860000,-8.830000,-247.690000
 6.410000,-32.220000,-250.130000
 0.250000,-53.570000,-250.130000
 5.530000,-70.100000,-250.130000
 12.290000,-82.110000,-250.130000
 12.710000,-97.000000,-250.130000
-7.480000,-115.310000,-250.130000
-42.020000,-136.180000,-250.130000
-99.120000,-156.420000,-250.130000
-126.310000,-137.480000,-250.130000
-89.910000,-108.230000,-250.130000
 2.000000,-58.660000,-250.130000
 146.360000,-3.160000,-250.130000
 225.690000,-10.070000,-250.130000
 201.640000,-31.790000,-250.130000
 148.870000,-35.500000,-250.130000
 87.540000,-37.580000,-250.130000
 13.240000,-39.120000,-250.130000
-40.540000,-28.080000,-250.130000
-55.430000,-7.860000,-237.660000
-34.640000, 13.320000,-207.320000
 7.670000, 32.560000,-189.570000
 45.680000, 44.830000,-179.240000
 73.050000, 54.120000,-168.580000
 84.320000, 62.320000,-152.040000
 74.510000, 67.840000,-127.310000
 52.010000, 68.200000,-98.700000
 17.630000, 61.160000,-71.560000
-24.110000, 44.570000,-48.280000
-60.930000, 25.280000,-30.640000
-90.990000,-1.530000,-19.180000
-114.900000,-27.540000,-11.150000
-132.790000,-45.930000,-3.580000
-142.930000,-57.530000, 5.720000
-143.310000,-66.170000, 17.480000
-133.220000,-74.970000, 30.500000
-120.490000,-83.260000, 43.390000
-117.430000,-92.830000, 55.260000
-127.470000,-104.180000, 67.960000
-140.530000,-115.860000, 81.860000
-154.960000,-127.000000, 98.530000
-165.810000,-132.940000, 117.710000
-168.550000,-129.680000, 136.960000
-165.980000,-119.770000, 152.550000
-155.790000,-109.960000, 163.510000
-156.290000,-101.380000, 168.990000
-168.490000,-90.000000, 171.580000
-193.120000,-75.360000, 173.770000
-228.450000,-57.730000, 178.310000
-250.130000,-42.060000, 184.670000
-250.130000,-30.790000, 192.000000
-250.130000,-23.970000, 198.220000
-250.130000,-19.640000, 205.350000
-250.130000,-17.590000, 212.830000
-250.130000,-10.190000, 220.650000
-250.130000, 1.320000, 228.380000
-250.130000, 14.920000, 232.770000
-250.130000, 26.530000, 232.060000
-250.130000, 30.220000, 227.730000
-250.130000, 39.630000, 222.610000
-250.130000, 59.470000, 220.120000
-250.130000, 79.130000, 222.820000
-250.130000, 90.120000, 228.280000
-250.130000, 100.100000, 232.670000
-250.130000, 104.090000, 232.870000
-250.130000, 104.500000, 228.050000
-250.130000, 104.200000, 219.680000
-250.130000, 105.670000, 210.250000
-250.130000, 111.580000, 200.290000
-250.130000, 119.180000, 190.380000
-250.130000, 128.020000, 177.590000
-250.130000, 131.330000, 165.100000
-250.130000, 128.770000, 153.470000
-250.130000, 127.260000, 142.980000
-250.130000, 126.120000, 132.740000
-250.130000, 125.610000, 121.930000
-250.130000, 126.700000, 110.640000
-250.130000, 127.870000, 100.800000
-250.130000, 129.380000, 95.560000
-250.130000, 124.480000, 94.730000
-250.130000, 114.960000, 97.640000
-250.130000, 103.290000, 101.320000
-250.130000, 93.740000, 103.060000
-250.130000, 88.960000, 101.510000
-250.130000, 88.360000, 95.590000
-250.130000, 81.770000, 85.400000
-250.130000, 75.960000, 74.290000
-250.130000, 72.320000, 60.250000
-250.130000, 73.550000, 44.310000
-250.130000, 79.000000, 26.440000
-250.130000, 90.470000, 9.380000
-250.130000, 109.340000,-4.000000
-250.130000, 124.420000,-7.460000
-250.130000, 133.040000,-0.200000
-250.130000, 122.290000, 17.470000
-250.130000, 87.150000, 38.650000
-242.140000, 45.890000, 54.290000
-200.740000, 11.140000, 61.640000
-161.500000,-8.940000, 59.150000
-137.670000,-14.120000, 47.450000
-132.550000,-9.990000, 30.740000
-140.980000, 1.960000, 11.290000
-156.520000, 18.350000,-8.300000
-174.110000, 34.610000,-27.640000
-188.940000, 46.100000,-49.170000
-180.290000, 53.170000,-72.580000
-161.160000, 50.140000,-85.740000
-151.000000, 30.470000,-79.240000
-155.880000, 1.430000,-47.410000
-157.580000,-25.910000, 7.190000
-126.560000,-56.510000, 75.290000
-60.080000,-85.510000, 145.080000
 24.940000,-100.880000, 201.790000
 91.650000,-93.580000, 237.120000
 118.190000,-60.940000, 250.120000
 106.310000,-14.750000, 250.120000
 73.360000, 32.030000, 250.120000
 38.260000, 64.570000, 250.120000
 18.380000, 84.030000, 250.120000
 12.600000, 96.490000, 250.120000
 9.370000, 101.520000, 250.120000
-0.180000, 95.930000, 250.120000
-2.570000, 91.470000, 250.120000
 8.160000, 92.450000, 250.120000
 22.100000, 99.160000, 250.120000
 41.910000, 108.560000, 250.120000
 54.700000, 115.750000, 250.120000
 57.800000, 124.570000, 250.120000
 55.280000, 132.250000, 250.120000
 50.830000, 141.550000, 250.120000
 46.610000, 148.240000, 250.120000
 39.890000, 153.590000, 250.120000
 31.080000, 155.560000, 250.120000
 26.330000, 154.120000, 250.120000
 25.820000, 152.720000, 237.450000
 39.410000, 161.270000, 210.520000
 60.090000, 178.810000, 177.580000
 57.140000, 205.900000, 144.450000
 42.640000, 244.290000, 112.990000
 26.060000, 250.120000, 91.690000
 12.750000, 250.120000, 78.840000
-14.930000, 250.120000, 64.610000
-54.320000, 250.120000, 50.910000
 250.120000,-209.840000,-126.610000
 52.120000, 250.120000, 89.200000
-147.580000, 163.510000, 33.400000
-95.130000,-34.650000, 34.320000
-104.780000,-61.880000,-20.360000
-80.020000,-52.360000,-22.170000
-83.990000,-12.630000,-47.970000
-71.380000, 9.800000,-75.550000
-81.350000, 28.410000,-90.410000
-69.570000, 28.320000,-117.270000
-48.130000, 37.050000,-148.690000
-14.130000, 44.670000,-169.530000
 13.940000, 41.420000,-190.670000
 35.900000, 26.370000,-217.230000
 49.420000, 7.210000,-244.580000
 50.820000,-9.410000,-250.130000
 49.090000,-19.210000,-250.130000
 42.210000,-25.290000,-250.130000
 41.990000,-28.960000,-250.130000
 58.830000,-40.160000,-250.130000
 63.460000,-48.940000,-250.130000
 47.800000,-69.280000,-250.130000
 8.500000,-77.120000,-250.130000
-34.600000,-84.600000,-250.130000
-55.910000,-77.790000,-250.130000
-34.430000,-52.800000,-250.130000
 15.090000,-25.830000,-250.130000
 55.010000,-23.190000,-250.130000
 71.250000,-19.510000,-250.130000
 73.310000,-2.670000,-250.130000
 68.320000, 13.620000,-250.130000
 64.670000, 20.880000,-250.130000
 59.900000, 23.750000,-250.130000
 54.350000, 33.530000,-250.130000
 47.500000, 48.440000,-250.130000
 43.310000, 58.570000,-239.030000
 39.010000, 61.900000,-184.830000
 36.200000, 55.890000,-144.000000
 31.490000, 41.760000,-117.160000
 23.990000, 24.450000,-100.960000
 13.400000, 9.660000,-91.930000
 3.040000, 1.570000,-86.640000
-3.520000, 0.320000,-82.380000
-7.720000, 3.220000,-76.630000
-10.620000, 6.950000,-68.870000
-11.590000, 10.990000,-59.330000
-10.280000, 14.390000,-49.090000
-6.880000, 15.830000,-39.190000
 0.090000, 13.850000,-30.120000
 10.960000, 9.280000,-21.400000
 24.820000, 4.960000,-12.730000
 38.720000, 2.630000,-2.860000
 52.360000, 2.750000, 8.380000
 66.820000, 3.380000, 21.600000
 84.190000, 4.360000, 36.750000
 102.930000, 6.570000, 51.990000
 115.470000, 11.930000, 67.610000
 119.880000, 18.780000, 82.440000
 114.480000, 26.190000, 97.020000
 101.710000, 32.790000, 110.040000
 83.510000, 37.370000, 121.550000
 63.900000, 38.720000, 130.280000
 44.290000, 36.700000, 135.080000
 23.120000, 32.360000, 135.480000
-0.320000, 26.610000, 133.100000
-20.530000, 20.540000, 129.540000
-31.330000, 15.870000, 123.760000
-37.320000, 11.600000, 116.050000
-42.470000, 7.110000, 106.550000
-43.670000, 3.270000, 95.570000
-39.470000, 0.780000, 85.180000
-28.330000,-0.650000, 73.950000
-16.830000,-0.710000, 62.000000
-9.260000,-1.100000, 49.270000
-5.220000,-2.220000, 37.250000
-1.590000,-3.630000, 27.770000
 2.240000,-4.650000, 19.760000
 1.470000,-6.120000, 12.250000
-3.750000,-7.110000, 3.960000
-10.890000,-8.360000,-4.410000
-18.360000,-10.190000,-11.730000
-23.190000,-11.560000,-17.720000
-24.230000,-12.080000,-23.540000
-24.050000,-11.420000,-30.260000
-24.540000,-9.650000,-38.000000
-23.810000,-8.250000,-45.640000
-21.250000,-8.100000,-51.100000
-16.350000,-8.740000,-54.630000
-10.970000,-9.030000,-55.840000
-4.040000,-8.140000,-54.820000
 1.410000,-6.350000,-52.660000
 4.790000,-3.990000,-49.890000
 5.740000,-1.300000,-47.530000
 3.400000,-0.190000,-45.770000
-1.170000,-0.540000,-43.900000
-5.790000,-1.660000,-41.610000
-8.030000,-2.580000,-38.260000
-7.480000,-2.820000,-34.430000
-4.830000,-1.670000,-29.440000
-0.710000, 1.000000,-23.700000
 3.460000, 4.870000,-16.870000
 6.350000, 8.930000,-9.410000
 7.810000, 11.900000,-1.630000
 9.150000, 12.340000, 5.920000
 10.390000, 10.940000, 12.320000
 11.340000, 8.610000, 16.820000
 10.670000, 6.220000, 19.410000
 8.930000, 4.850000, 20.980000
 7.410000, 4.530000, 22.320000
 6.830000, 4.620000, 23.250000
 6.380000, 4.900000, 23.620000
 5.920000, 4.830000, 24.170000
 5.810000, 5.030000, 24.660000
 5.780000, 4.740000, 25.560000
 6.020000, 3.910000, 26.250000
 5.500000, 2.700000, 26.350000
 3.110000, 1.290000, 25.700000
-0.370000,-0.010000, 24.550000
-4.940000,-1.370000, 22.650000
-8.740000,-2.040000, 20.250000
-12.710000,-2.800000, 16.930000
-17.090000,-3.720000, 13.050000
-20.930000,-4.970000, 9.370000
-22.870000,-6.490000, 6.550000
-21.940000,-7.930000, 4.770000
-18.640000,-9.070000, 3.410000
-14.930000,-10.050000, 2.290000
-10.780000,-10.410000, 1.230000
-7.160000,-10.770000, 0.710000
-4.450000,-10.450000, 0.320000
-3.420000,-10.610000, 0.200000
-3.200000,-10.640000,-0.170000
-2.950000,-10.580000,-0.450000
-2.350000,-10.190000,-1.240000
-0.830000,-9.640000,-1.860000
 0.570000,-8.640000,-3.190000
 1.200000,-7.740000,-4.740000
 1.540000,-7.320000,-5.960000
 1.540000,-7.310000,-7.310000
 1.510000,-7.210000,-8.090000
 2.650000,-7.110000,-8.550000
 4.280000,-5.990000,-8.930000
 5.800000,-4.670000,-8.840000
 7.290000,-3.150000,-8.280000
 7.310000,-2.180000,-7.190000
 6.730000,-1.230000,-6.490000
 5.900000, 0.210000,-5.670000
 4.980000, 2.640000,-5.330000
 3.940000, 4.840000,-5.270000
 3.490000, 6.350000,-5.250000
 2.950000, 7.480000,-5.900000
 2.060000, 9.210000,-6.240000
 1.430000, 10.400000,-6.270000
 1.350000, 10.590000,-6.210000
 0.900000, 10.220000,-6.360000
-1.170000, 10.000000,-7.270000
-5.510000, 9.130000,-8.360000
-11.830000, 7.880000,-9.570000
-18.840000, 6.470000,-9.960000
-24.090000, 3.810000,-9.780000
-26.220000, 0.610000,-8.560000
-23.340000,-1.880000,-5.950000
-15.390000,-2.900000,-1.900000
-3.670000,-1.790000, 3.200000
 9.690000, 0.430000, 8.190000
 18.700000, 2.210000, 11.400000
 22.410000, 2.090000, 12.450000
 20.210000,-0.300000, 12.210000
 15.850000,-4.960000, 11.090000
 12.370000,-9.610000, 9.640000
 10.910000,-11.930000, 8.810000
 12.400000,-11.030000, 7.520000
 16.040000,-8.120000, 6.580000
 19.380000,-4.560000, 4.990000
 20.730000,-2.290000, 3.360000
 19.020000,-2.260000, 2.390000
 15.380000,-3.630000, 2.130000
 12.070000,-5.570000, 2.190000
 10.420000,-6.780000, 1.500000
 11.290000,-6.820000, 0.330000
 12.780000,-5.470000,-1.030000
 13.450000,-3.010000,-1.670000
 11.740000,-1.380000,-2.380000
 8.450000,-0.150000,-2.080000
 5.030000, 0.860000,-1.720000
 2.020000, 1.190000,-1.860000
-1.000000, 2.100000,-2.280000
-3.150000, 2.920000,-2.380000
-4.210000, 3.700000,-1.270000
-2.760000, 4.280000, 0.750000
 1.910000, 4.410000, 2.340000
 6.340000, 4.900000, 2.160000
 8.320000, 5.250000, 0.840000
 5.030000, 4.970000,-1.040000
-2.610000, 4.190000,-2.170000
-14.610000, 3.500000,-1.970000
-28.420000, 2.540000, 0.060000
-39.890000, 1.600000, 3.580000
-45.550000, 0.510000, 7.620000
-45.340000,-0.620000, 9.440000
-45.340000,-1.620000, 8.640000
-48.240000,-2.430000, 7.430000
-52.580000,-3.810000, 7.290000
-58.400000,-6.530000, 8.740000
-65.960000,-10.590000, 10.880000
-73.220000,-13.950000, 13.110000
-78.750000,-15.490000, 15.040000
-84.190000,-15.870000, 16.630000
-89.640000,-16.800000, 18.230000
-95.790000,-20.570000, 20.740000
-102.350000,-26.460000, 24.170000
-108.060000,-31.090000, 28.060000
-113.550000,-31.920000, 32.640000
-122.100000,-29.570000, 37.860000
-131.770000,-23.500000, 44.960000
-139.730000,-14.080000, 52.360000
-144.040000,-5.440000, 59.380000
-145.770000,-2.250000, 65.960000
-153.510000,-4.580000, 73.210000
-171.480000,-9.960000, 80.910000
-195.350000,-15.320000, 90.460000
-223.040000,-18.950000, 100.460000
-245.960000,-19.670000, 110.560000
-250.130000,-17.540000, 118.800000
-250.130000,-15.430000, 124.360000
-250.130000,-13.270000, 128.530000
-250.130000,-9.900000, 133.110000
-250.130000,-6.580000, 141.780000
-250.130000,-1.280000, 155.970000
-250.130000, 3.870000, 174.950000
-250.130000, 10.210000, 197.320000
-250.130000, 18.710000, 218.770000
-250.130000, 27.870000, 236.460000
-250.130000, 35.870000, 246.260000
-250.130000, 47.560000, 248.610000
-250.130000, 63.550000, 243.700000
-250.130000, 80.340000, 235.570000
-250.130000, 94.520000, 228.200000
-250.130000, 106.060000, 221.960000
-250.130000, 116.320000, 216.870000
-250.130000, 125.220000, 212.060000
-250.130000, 134.800000, 206.760000
-250.130000, 143.870000, 200.280000
-250.130000, 152.860000, 193.060000
-250.130000, 159.670000, 185.290000
-250.130000, 162.410000, 176.130000
-250.130000, 160.680000, 164.590000
-250.130000, 156.830000, 150.020000
-250.130000, 150.820000, 132.250000
-250.130000, 143.320000, 113.120000
-250.130000, 134.460000, 96.920000
-250.130000, 127.910000, 88.390000
-250.130000, 127.740000, 87.940000
-250.130000, 130.570000, 94.160000
-250.130000, 133.240000, 104.240000
-250.130000, 136.410000, 112.880000
-250.130000, 138.240000, 115.350000
-250.130000, 140.200000, 107.610000
-250.130000, 141.860000, 91.270000
-246.510000, 141.420000, 68.990000
-242.810000, 138.270000, 47.120000
-246.120000, 134.030000, 29.660000
-250.130000, 130.940000, 20.190000
-250.130000, 127.360000, 17.270000
-250.130000, 124.660000, 19.410000
-250.130000, 119.220000, 24.490000
-250.130000, 112.580000, 31.890000
-250.130000, 106.100000, 38.240000
-250.130000, 100.340000, 43.270000
-250.130000, 91.410000, 46.700000
-250.130000, 84.000000, 49.230000
-250.130000, 76.280000, 51.250000
-250.130000, 66.950000, 53.830000
-250.130000, 56.630000, 57.720000
-250.130000, 49.900000, 61.410000
-250.130000, 46.480000, 64.360000
-250.130000, 44.140000, 66.530000
-250.130000, 42.280000, 66.830000
-250.130000, 39.180000, 65.660000
-250.130000, 34.160000, 62.970000
-244.700000, 26.510000, 59.480000
-216.060000, 17.890000, 55.700000
-174.830000, 13.960000, 52.590000
-125.720000, 20.540000, 51.660000
-73.900000, 36.100000, 51.600000
-20.300000, 57.280000, 52.070000
 25.010000, 75.900000, 55.570000
 48.770000, 85.570000, 63.500000
 43.230000, 81.500000, 76.640000
 13.700000, 69.060000, 95.570000
-26.320000, 46.870000, 119.060000
-54.340000, 24.340000, 146.430000
-47.520000, 12.610000, 175.120000
 1.480000, 15.480000, 202.240000
 76.190000, 31.170000, 225.460000
 146.190000, 53.560000, 241.640000
 174.110000, 71.800000, 250.120000
 153.450000, 85.040000, 250.120000
 108.030000, 92.280000, 250.120000
 63.410000, 100.740000, 250.120000
 28.910000, 111.090000, 250.120000
 3.290000, 120.670000, 250.120000
-4.510000, 131.420000, 250.120000
 1.590000, 139.890000, 250.120000
 8.870000, 140.800000, 250.120000
 10.200000, 138.580000, 250.120000
 10.370000, 135.470000, 250.120000
 12.900000, 135.450000, 250.120000
 17.190000, 140.290000, 250.120000
 26.220000, 145.950000, 250.120000
 35.840000, 151.290000, 250.120000
 42.030000, 154.550000, 250.120000
 42.040000, 153.770000, 233.400000
 42.870000, 147.950000, 205.580000
 41.870000, 142.370000, 176.700000
 43.800000, 147.540000, 149.720000
 53.880000, 165.120000, 124.170000
 67.090000, 191.400000, 98.840000
 68.130000, 214.910000, 70.290000
 60.410000, 238.540000, 38.410000
 46.900000, 250.120000, 8.030000
 23.220000, 250.120000,-17.730000
-9.570000, 250.120000,-32.170000
-59.220000, 250.120000,-35.340000
-199.540000, 129.670000, 250.120000
 216.150000, 250.120000, 50.580000
 132.100000, 31.960000, 80.250000
 46.900000,-136.340000, 5.690000
-5.960000,-127.030000,-24.160000
 3.020000,-73.890000,-60.320000
 0.490000,-15.800000,-104.250000
-14.760000, 1.290000,-140.190000
-53.460000, 1.160000,-156.520000
-84.460000,-1.140000,-167.850000
-104.630000,-5.600000,-175.920000
-98.280000,-1.610000,-186.760000
-48.090000, 7.820000,-206.350000
 17.280000, 12.650000,-233.240000
 60.160000, 9.590000,-250.130000
 78.510000, 1.490000,-250.130000
 74.720000,-13.040000,-250.130000
 44.310000,-38.240000,-250.130000
 11.160000,-60.540000,-250.130000
-9.290000,-64.570000,-250.130000
-27.890000,-73.900000,-250.130000
-58.890000,-84.450000,-250.130000
-88.630000,-98.640000,-250.130000
-95.380000,-106.890000,-250.130000
-75.830000,-93.970000,-250.130000
-40.400000,-57.900000,-250.130000
 6.390000,-36.930000,-250.130000
 66.920000,-27.040000,-250.130000
 124.920000,-12.320000,-250.130000
 182.140000, 8.310000,-250.130000
 227.700000, 24.390000,-250.130000
 250.120000, 33.630000,-250.130000
 250.120000, 44.830000,-250.130000
 250.120000, 59.120000,-250.130000
 231.800000, 72.980000,-233.490000
 182.700000, 78.380000,-162.030000
 116.920000, 71.670000,-106.320000
 41.030000, 56.350000,-67.830000
-29.560000, 28.960000,-47.120000
-91.070000, 0.220000,-43.760000
-129.160000,-24.800000,-52.650000
-143.130000,-45.610000,-73.040000
-140.770000,-58.540000,-95.130000
-129.000000,-60.610000,-107.190000
-106.120000,-49.070000,-104.650000
-73.940000,-26.770000,-89.660000
-41.740000,-4.960000,-65.280000
-13.130000, 7.480000,-36.280000
 11.120000, 11.130000,-6.880000
 26.490000, 7.470000, 20.570000
 28.540000,-1.560000, 44.190000
 16.390000,-13.770000, 64.060000
-3.900000,-26.300000, 79.520000
-25.240000,-38.220000, 92.290000
-45.230000,-48.410000, 102.260000
-60.770000,-56.670000, 111.620000
-70.930000,-62.930000, 119.900000
-78.510000,-68.390000, 127.060000
-82.350000,-72.840000, 134.170000
-85.030000,-74.700000, 140.900000
-95.410000,-75.470000, 147.710000
-115.180000,-73.610000, 154.630000
-143.740000,-66.210000, 161.880000
-173.190000,-53.030000, 168.400000
-201.760000,-39.350000, 174.350000
-227.560000,-33.330000, 179.780000
-246.140000,-36.650000, 182.410000
-250.130000,-42.110000, 183.450000
-250.130000,-48.760000, 182.980000
-250.130000,-52.690000, 182.810000
-250.130000,-49.170000, 184.220000
-250.130000,-37.930000, 188.340000
-250.130000,-17.000000, 188.440000
-250.130000,-37.900000, 180.250000
-250.130000,-44.160000, 197.050000
-250.130000,-26.670000, 211.300000
-250.130000,-3.010000, 229.250000
-250.130000, 29.240000, 244.850000
-250.130000, 46.430000, 249.520000
-250.130000, 52.810000, 250.120000
-250.130000, 51.020000, 250.120000
-250.130000, 47.610000, 250.120000
-250.130000, 47.270000, 248.550000
-250.130000, 51.670000, 244.860000
-250.130000, 62.640000, 238.540000
-250.130000, 75.250000, 229.690000
-250.130000, 87.080000, 217.300000
-250.130000, 96.080000, 203.350000
-250.130000, 105.670000, 188.990000
-250.130000, 114.450000, 174.610000
-250.130000, 123.760000, 162.410000
-250.130000, 129.530000, 154.110000
-250.130000, 132.710000, 150.120000
-250.130000, 131.700000, 149.900000
-250.130000, 129.830000, 150.710000
-250.130000, 126.530000, 149.000000
-250.130000, 122.250000, 139.950000
-250.130000, 116.120000, 122.020000
-250.130000, 114.250000, 95.950000
-250.130000, 119.710000, 69.740000
-250.130000, 141.440000, 50.680000
-250.130000, 173.250000, 43.370000
-250.130000, 198.020000, 47.870000
-250.130000, 211.080000, 58.950000
-250.130000, 209.670000, 70.920000
-250.130000, 190.580000, 79.830000
-250.130000, 161.840000, 83.120000
-250.130000, 129.750000, 81.120000
-250.130000, 100.610000, 76.370000
-250.130000, 79.690000, 70.670000
-250.130000, 68.450000, 66.620000
-250.130000, 64.960000, 62.130000
-250.130000, 69.570000, 55.930000
-250.130000, 78.560000, 47.700000
-250.130000, 89.560000, 37.050000
-250.130000, 98.410000, 25.620000
-245.930000, 100.950000, 15.280000
-249.580000, 94.140000, 8.720000
-250.130000, 79.870000, 6.360000
-250.130000, 61.480000, 6.910000
-250.130000, 44.290000, 3.010000
-250.130000, 36.120000,-5.880000
-250.130000, 39.840000,-13.600000
-230.670000, 51.130000,-14.310000
-182.540000, 61.300000,-5.160000
-124.510000, 68.560000, 11.310000
-73.480000, 71.250000, 30.300000
-51.830000, 67.770000, 47.710000
-65.160000, 59.490000, 59.600000
-101.030000, 52.680000, 70.870000
-141.700000, 49.500000, 87.590000
-171.630000, 49.900000, 110.430000
-179.420000, 52.820000, 139.800000
-162.380000, 58.120000, 167.580000
-125.880000, 68.490000, 187.290000
-72.800000, 80.510000, 195.700000
-10.250000, 85.580000, 195.580000
 55.120000, 74.970000, 190.780000
 88.990000, 32.290000, 190.000000
 99.890000,-15.380000, 192.900000
 105.160000,-52.700000, 199.370000
 108.500000,-58.120000, 211.520000
 102.870000,-20.750000, 227.470000
 74.500000, 31.830000, 249.810000
 32.100000, 66.720000, 250.120000
-8.580000, 84.680000, 250.120000
-24.450000, 94.340000, 250.120000
-30.580000, 98.540000, 250.120000
-32.080000, 99.580000, 250.120000
-25.120000, 101.740000, 250.120000
-19.810000, 104.650000, 250.120000
-15.480000, 113.830000, 250.120000
-6.760000, 130.250000, 250.120000
 4.160000, 148.470000, 250.120000
 15.720000, 162.390000, 250.120000
 27.940000, 163.590000, 250.120000
 33.550000, 152.870000, 250.120000
 31.790000, 136.850000, 233.460000
 19.580000, 116.510000, 210.480000
 7.080000, 92.720000, 188.010000
 10.910000, 67.800000, 169.260000
 38.120000, 54.220000, 149.090000
 75.130000, 57.450000, 124.170000
 93.390000, 74.120000, 90.120000
 100.240000, 95.430000, 50.710000
 119.470000, 120.790000, 13.890000
 136.670000, 164.930000,-19.220000
 118.010000, 238.540000,-47.790000
 58.610000, 250.120000,-66.040000
-29.450000, 250.120000,-70.610000
-103.370000, 250.120000,-69.050000
-165.350000, 250.120000,-61.450000
-250.130000, 14.780000, 236.080000
 250.120000, 250.120000, 134.120000
-0.280000, 44.670000, 146.940000
 21.780000,-112.590000,-4.290000
 97.740000,-56.100000,-45.160000
 141.700000,-22.370000,-73.810000
 99.280000, 26.970000,-96.170000
 29.960000, 39.930000,-107.320000
-48.830000, 27.020000,-112.110000
-109.470000, 4.090000,-115.060000
-142.950000,-17.040000,-124.120000
-160.340000,-26.030000,-145.810000
-151.740000,-26.130000,-173.660000
-106.110000,-29.760000,-200.900000
-50.120000,-35.040000,-231.920000
 7.810000,-38.190000,-250.130000
 51.060000,-32.220000,-250.130000
 53.720000,-26.690000,-250.130000
 15.620000,-34.390000,-250.130000
-42.650000,-34.760000,-250.130000
-72.870000,-20.130000,-250.130000
-39.010000, 9.890000,-250.130000
 35.540000, 23.680000,-250.130000
 84.750000, 14.510000,-250.130000
 72.110000,-3.090000,-250.130000
 24.350000,-15.130000,-250.130000
-28.510000,-27.060000,-250.130000
-57.160000,-39.790000,-250.130000
-39.290000,-40.120000,-250.130000
 20.810000,-23.720000,-250.130000
 94.550000, 4.640000,-250.130000
 149.580000, 39.290000,-250.130000
 173.470000, 68.550000,-250.130000
 172.620000, 83.670000,-250.130000
 158.260000, 79.140000,-250.130000
 136.190000, 61.130000,-250.130000
 106.080000, 41.450000,-213.750000
 73.760000, 24.090000,-172.320000
 71.700000, 20.940000,-139.270000
 137.070000, 30.440000,-105.880000
 135.900000, 8.220000,-96.140000
 72.800000,-5.960000,-89.120000
 23.270000,-6.250000,-78.080000
 20.200000, 5.610000,-68.060000
 30.720000, 17.600000,-60.500000
 37.490000, 23.660000,-49.770000
 35.220000, 28.990000,-37.700000
 32.160000, 35.190000,-27.350000
 23.650000, 39.250000,-17.640000
 7.630000, 38.370000,-7.620000
-10.580000, 32.120000, 2.220000
-22.690000, 21.520000, 10.870000
-23.770000, 9.020000, 18.930000
-11.820000,-1.370000, 25.370000
 13.800000,-7.190000, 31.990000
 45.290000,-7.540000, 38.580000
 69.160000,-2.930000, 44.740000
 77.470000, 3.740000, 51.550000
 71.170000, 9.100000, 59.700000
 51.000000, 10.880000, 70.060000
 23.910000, 7.740000, 81.360000
 3.800000, 0.370000, 91.610000
-24.150000,-0.920000, 104.960000
-46.590000,-6.610000, 115.210000
-57.050000,-11.510000, 122.860000
-60.780000,-16.100000, 126.640000
-58.340000,-20.580000, 125.910000
-53.220000,-22.180000, 120.700000
-48.520000,-20.110000, 113.090000
-45.340000,-16.230000, 101.800000
-41.290000,-12.750000, 89.960000
-33.690000,-9.930000, 77.180000
-23.390000,-7.800000, 63.980000
-15.050000,-5.920000, 50.160000
-10.190000,-3.530000, 36.740000
-9.240000,-0.590000, 24.420000
-10.450000, 1.020000, 14.250000
-12.630000, 1.280000, 6.370000
-15.610000, 0.750000,-0.350000
-20.230000,-0.190000,-6.740000
-25.640000,-1.270000,-12.880000
-30.010000,-0.780000,-17.530000
-34.370000, 1.100000,-21.160000
-40.400000, 3.420000,-24.280000
-50.320000, 4.320000,-28.060000
-63.100000, 3.120000,-30.990000
-73.830000, 1.870000,-33.160000
-78.830000, 0.910000,-34.480000
-78.230000, 0.700000,-34.700000
-71.960000, 2.390000,-34.550000
-61.520000, 5.760000,-33.980000
-49.800000, 9.850000,-33.170000
-40.020000, 12.890000,-31.920000
-32.260000, 14.660000,-30.340000
-26.000000, 13.710000,-27.320000
-21.380000, 11.050000,-23.160000
-17.130000, 7.050000,-18.400000
-10.930000, 3.660000,-13.800000
-1.350000, 2.290000,-9.840000
 9.970000, 2.900000,-8.000000
 19.160000, 5.220000,-8.290000
 24.320000, 8.220000,-10.260000
 24.810000, 10.590000,-12.550000
 20.370000, 11.090000,-13.810000
 13.660000, 9.610000,-12.980000
 7.770000, 7.580000,-10.750000
 4.490000, 6.280000,-7.480000
 4.200000, 5.810000,-4.060000
 5.130000, 5.690000,-1.250000
 7.320000, 5.420000, 1.010000
 7.900000, 5.020000, 2.640000
 6.010000, 4.710000, 4.180000
 2.670000, 4.300000, 5.320000
-0.830000, 3.640000, 5.250000
-4.480000, 2.830000, 4.530000
-7.870000, 2.220000, 2.830000
-10.300000, 1.510000, 0.780000
-12.700000, 0.150000,-1.340000
-14.710000,-1.060000,-3.120000
-15.660000,-1.960000,-3.890000
-15.050000,-2.800000,-3.870000
-13.070000,-3.770000,-3.730000
-9.680000,-4.480000,-3.320000
-6.690000,-4.830000,-2.310000
-4.220000,-4.770000,-0.680000
-3.380000,-4.700000, 2.030000
-3.680000,-5.030000, 4.800000
-5.230000,-5.800000, 7.650000
-7.740000,-7.720000, 10.030000
-10.810000,-9.850000, 11.840000
-11.980000,-11.830000, 13.410000
-10.640000,-13.110000, 13.830000
-7.400000,-13.370000, 13.260000
-3.520000,-11.630000, 11.800000
 1.280000,-9.290000, 10.150000
 5.990000,-7.560000, 9.400000
 9.920000,-6.250000, 10.070000
 12.450000,-5.580000, 11.640000
 12.220000,-5.240000, 13.140000
 9.660000,-5.020000, 14.770000
 5.540000,-5.700000, 16.060000
 0.600000,-7.400000, 16.860000
-4.130000,-9.540000, 16.510000
-7.400000,-11.090000, 15.740000
-7.210000,-11.300000, 14.950000
-3.280000,-9.640000, 14.120000
 3.580000,-6.520000, 13.180000
 11.770000,-2.930000, 11.590000
 18.890000, 0.060000, 9.800000
 22.310000, 2.050000, 7.940000
 22.000000, 2.720000, 6.110000
 17.870000, 2.990000, 4.270000
 11.480000, 3.190000, 2.480000
 3.450000, 2.790000, 0.360000
-4.960000, 2.540000,-1.640000
-13.200000, 1.820000,-3.720000
-19.410000, 0.250000,-5.060000
-22.190000,-1.250000,-5.760000
-21.270000,-2.760000,-5.740000
-16.410000,-3.580000,-5.750000
-8.580000,-3.380000,-4.970000
 0.950000,-2.580000,-4.440000
 9.740000,-1.650000,-4.180000
 14.830000,-1.090000,-5.160000
 16.530000,-1.020000,-6.970000
 15.690000,-0.870000,-8.890000
 12.090000, 0.180000,-10.660000
 6.250000, 2.670000,-11.810000
-0.260000, 6.120000,-12.260000
-6.340000, 9.120000,-12.230000
-11.360000, 10.440000,-11.670000
-16.040000, 9.180000,-10.770000
-20.540000, 6.570000,-9.640000
-24.960000, 3.630000,-8.720000
-27.780000, 1.240000,-7.950000
-27.790000, 0.350000,-7.200000
-24.800000, 0.710000,-7.150000
-17.580000, 1.720000,-6.700000
-8.480000, 2.840000,-6.980000
-0.340000, 3.230000,-6.930000
 5.050000, 2.640000,-6.640000
 6.850000, 1.190000,-5.630000
 5.330000,-0.150000,-3.770000
 1.780000,-0.760000,-1.930000
-1.580000,-0.100000,-0.030000
-4.450000, 1.270000, 1.060000
-6.610000, 3.240000, 2.190000
-8.370000, 4.580000, 2.990000
-10.220000, 4.920000, 3.590000
-12.060000, 4.100000, 4.670000
-13.060000, 2.800000, 5.070000
-13.200000, 1.200000, 5.590000
-12.510000,-0.120000, 5.610000
-10.940000,-0.980000, 6.180000
-8.650000,-1.940000, 7.190000
-5.770000,-2.830000, 8.450000
-2.870000,-3.240000, 10.040000
-0.060000,-2.960000, 11.800000
 2.290000,-2.510000, 12.900000
 4.190000,-2.210000, 13.390000
 5.100000,-2.280000, 13.730000
 5.020000,-2.850000, 13.350000
 3.410000,-3.450000, 12.270000
 1.090000,-4.090000, 10.870000
-0.450000,-4.640000, 9.380000
-0.900000,-4.780000, 7.880000
-0.270000,-4.870000, 6.310000
 0.700000,-4.540000, 4.730000
 1.420000,-3.330000, 3.450000
 1.740000,-2.780000, 2.700000
 0.510000,-2.190000, 2.350000
-0.660000,-1.610000, 2.030000
-1.330000,-1.560000, 1.740000
-1.440000,-1.320000, 1.000000
-0.730000,-0.860000, 0.470000
 0.100000,-0.030000,-0.880000
 0.650000, 0.410000,-2.180000
 1.140000, 0.900000,-3.500000
 0.630000, 0.810000,-4.630000
 0.080000, 1.190000,-5.160000
 0.180000, 1.360000,-5.760000
 0.770000, 1.180000,-6.320000
 0.680000, 1.530000,-6.630000
 0.370000, 1.740000,-6.230000
-0.490000, 2.050000,-6.590000
-2.040000, 2.270000,-7.510000
-3.970000, 2.120000,-8.310000
-5.280000, 2.160000,-8.900000
-5.640000, 1.770000,-8.830000
-4.830000, 1.640000,-8.230000
-3.290000, 1.730000,-7.650000
-2.120000, 1.640000,-7.030000
-1.680000, 0.830000,-5.920000
-1.960000,-0.280000,-5.090000
-2.660000,-1.480000,-4.190000
-2.670000,-1.600000,-3.500000
-1.670000,-1.460000,-3.770000
-0.720000,-0.900000,-3.850000
-0.670000,-0.030000,-4.000000
-1.220000, 0.250000,-3.480000
-1.900000, 0.120000,-2.680000
-2.520000,-0.330000,-1.740000
-3.000000,-1.190000,-1.030000
-3.320000,-1.930000,-0.250000
-4.150000,-2.090000, 0.200000
