 47.130000,-243.870000,-107.970000
 37.780000,-241.030000,-102.920000
 30.380000,-237.570000,-98.970000
 25.970000,-235.190000,-95.870000
 22.410000,-236.030000,-92.670000
 17.410000,-240.250000,-88.800000
 11.260000,-246.690000,-86.030000
 5.890000,-250.130000,-85.030000
 4.370000,-250.130000,-86.960000
 7.750000,-250.130000,-93.990000
 11.000000,-250.130000,-102.440000
 20.240000,-250.130000,-107.480000
 39.290000,-250.130000,-106.270000
 54.420000,-223.640000,-106.960000
 51.620000,-186.910000,-115.080000
 40.810000,-152.040000,-122.240000
 30.290000,-121.940000,-117.550000
 23.030000,-97.040000,-100.060000
 16.400000,-81.670000,-72.930000
 3.190000,-72.740000,-38.930000
-14.460000,-63.510000,-11.020000
-16.760000,-57.190000,-4.680000
-4.510000,-51.760000,-16.420000
 20.160000,-48.700000,-31.160000
 42.840000,-55.290000,-42.450000
 55.250000,-70.030000,-49.630000
 57.600000,-88.570000,-53.680000
 50.990000,-107.940000,-55.150000
 39.780000,-122.040000,-54.350000
 25.380000,-128.640000,-56.550000
 9.510000,-128.990000,-58.780000
-2.090000,-122.130000,-59.150000
-8.820000,-108.820000,-56.500000
-9.250000,-88.960000,-52.720000
-5.140000,-64.640000,-46.640000
 2.540000,-38.660000,-40.030000
 10.030000,-16.900000,-34.360000
 12.470000,-3.250000,-29.710000
 9.450000, 2.310000,-25.140000
 0.740000, 1.680000,-20.320000
-10.270000,-1.980000,-17.650000
-25.540000,-7.080000,-17.470000
-29.640000,-11.850000,-16.990000
-31.130000,-16.620000,-13.930000
-18.020000,-16.830000,-10.800000
 1.240000,-14.230000,-10.040000
 19.120000,-10.300000,-9.760000
 30.990000,-6.640000,-8.430000
 37.740000,-2.790000,-7.320000
 39.060000,-1.220000,-8.310000
 34.890000,-3.090000,-10.540000
 28.160000,-9.790000,-13.300000
 22.120000,-21.730000,-14.710000
 15.670000,-36.160000,-14.550000
 12.150000,-50.640000,-11.630000
 16.030000,-63.320000,-7.640000
 29.170000,-73.330000,-6.930000
 44.250000,-79.030000,-12.330000
 60.090000,-80.430000,-21.350000
 66.740000,-80.160000,-29.660000
 64.910000,-78.850000,-36.390000
 55.770000,-76.830000,-42.460000
 39.840000,-74.930000,-47.530000
 22.830000,-74.930000,-51.400000
 11.740000,-79.020000,-52.320000
 10.350000,-87.830000,-48.950000
 16.150000,-99.290000,-44.160000
 24.230000,-111.340000,-40.490000
 28.450000,-124.700000,-38.380000
 27.230000,-136.720000,-37.900000
 22.690000,-146.570000,-41.540000
 18.480000,-152.770000,-48.420000
 16.400000,-155.640000,-55.900000
 17.030000,-156.710000,-61.820000
 19.090000,-156.960000,-66.120000
 24.160000,-156.610000,-69.030000
 32.410000,-156.760000,-71.640000
 40.930000,-159.350000,-73.780000
 46.410000,-164.290000,-75.040000
 47.250000,-172.160000,-78.260000
 44.260000,-179.660000,-83.220000
 39.370000,-186.120000,-88.200000
 32.290000,-192.250000,-90.670000
 32.390000,-197.980000,-90.660000
 34.250000,-202.650000,-90.150000
 35.410000,-206.170000,-88.770000
 33.120000,-208.540000,-87.030000
 25.980000,-210.520000,-82.920000
 17.750000,-213.490000,-75.200000
 12.910000,-214.890000,-66.920000
 15.830000,-213.760000,-62.450000
 22.980000,-212.110000,-62.670000
 31.350000,-213.070000,-66.390000
 39.060000,-216.970000,-72.950000
 47.330000,-224.510000,-80.220000
 54.380000,-233.410000,-84.600000
 54.590000,-242.430000,-85.960000
 45.400000,-249.520000,-85.960000
 25.870000,-250.130000,-87.420000
 2.810000,-250.130000,-91.410000
-15.350000,-250.130000,-98.280000
-20.800000,-240.960000,-105.210000
-13.740000,-225.450000,-108.140000
-0.840000,-209.070000,-106.490000
 14.470000,-193.530000,-101.540000
 29.510000,-182.900000,-97.130000
 41.410000,-178.220000,-95.200000
 48.330000,-179.430000,-94.710000
 50.030000,-186.110000,-95.270000
 48.410000,-195.340000,-96.810000
 45.630000,-205.830000,-98.570000
 39.860000,-216.060000,-99.470000
 31.160000,-223.750000,-99.770000
 25.600000,-225.840000,-99.390000
 27.140000,-225.170000,-98.950000
 34.600000,-223.580000,-100.490000
 46.640000,-221.590000,-102.160000
 59.790000,-220.800000,-101.760000
 67.740000,-221.120000,-99.660000
 68.060000,-221.650000,-97.440000
 62.420000,-220.900000,-96.310000
 54.350000,-218.600000,-97.020000
 47.970000,-214.810000,-99.250000
 42.750000,-211.100000,-102.430000
 36.830000,-209.230000,-106.560000
 29.930000,-209.090000,-112.460000
 25.590000,-209.270000,-120.130000
 29.050000,-208.000000,-126.780000
 41.230000,-206.630000,-128.060000
 57.400000,-205.660000,-124.000000
 70.730000,-206.530000,-118.620000
 74.700000,-212.210000,-117.090000
 67.260000,-224.030000,-118.000000
 55.160000,-240.480000,-113.130000
 45.030000,-250.130000,-100.360000
 43.440000,-250.130000,-90.600000
 50.900000,-250.130000,-91.380000
 58.070000,-250.130000,-98.300000
 61.990000,-250.130000,-104.020000
 65.090000,-250.130000,-105.040000
 68.540000,-250.130000,-104.930000
 69.290000,-243.860000,-105.830000
 63.670000,-239.450000,-105.920000
 53.780000,-241.450000,-103.910000
 45.360000,-245.080000,-99.370000
 42.770000,-246.580000,-93.380000
 46.750000,-244.090000,-88.360000
 50.800000,-237.930000,-88.210000
 53.210000,-229.970000,-91.610000
 51.190000,-222.850000,-95.030000
 41.120000,-218.950000,-97.060000
 24.960000,-216.950000,-97.930000
 7.850000,-213.410000,-97.710000
-5.150000,-208.030000,-98.350000
-8.490000,-202.450000,-100.180000
 2.160000,-197.900000,-100.930000
 23.740000,-193.610000,-99.740000
 44.290000,-189.130000,-100.280000
 56.100000,-182.190000,-99.610000
 56.130000,-174.620000,-95.110000
 46.730000,-164.900000,-84.250000
 31.550000,-153.680000,-70.540000
 11.730000,-140.470000,-57.430000
-6.670000,-128.120000,-46.030000
-13.440000,-115.670000,-37.050000
-4.000000,-101.260000,-32.280000
 11.910000,-84.640000,-34.500000
 21.800000,-68.000000,-39.610000
 21.800000,-54.740000,-43.190000
 12.580000,-46.090000,-42.190000
-1.110000,-41.750000,-35.900000
-8.470000,-39.490000,-22.740000
-7.280000,-37.290000,-5.750000
-0.040000,-32.620000, 12.480000
 9.020000,-24.060000, 26.670000
 13.320000,-11.330000, 33.410000
 12.020000, 0.830000, 32.290000
 5.580000, 10.680000, 22.720000
-0.650000, 18.370000, 9.430000
-3.640000, 22.610000,-3.780000
-5.100000, 22.740000,-11.830000
-5.800000, 20.310000,-11.820000
-5.940000, 18.220000,-5.010000
-6.720000, 17.010000, 4.310000
-8.500000, 17.460000, 13.790000
-12.100000, 19.620000, 20.250000
-16.450000, 23.120000, 22.650000
-19.650000, 27.160000, 19.710000
-20.860000, 30.880000, 14.320000
-23.060000, 34.960000, 7.340000
-17.420000, 36.930000, 2.130000
-14.560000, 36.380000, 3.120000
-9.800000, 34.710000, 7.980000
-6.710000, 31.540000, 14.350000
-6.670000, 26.770000, 17.620000
-6.060000, 23.020000, 16.210000
-2.340000, 19.020000, 10.560000
 5.050000, 14.960000, 2.610000
 15.040000, 9.650000,-5.280000
 24.440000, 2.230000,-11.400000
 33.640000,-8.380000,-17.180000
 41.780000,-20.900000,-21.620000
 46.950000,-35.320000,-24.370000
 52.350000,-47.960000,-25.580000
 54.920000,-58.810000,-26.260000
 55.140000,-65.470000,-27.610000
 48.820000,-70.960000,-29.290000
 37.750000,-75.350000,-32.870000
 26.720000,-78.050000,-38.140000
 21.880000,-80.410000,-42.050000
 23.930000,-83.540000,-43.190000
 29.870000,-87.990000,-42.540000
 35.520000,-93.350000,-41.290000
 38.470000,-100.130000,-41.290000
 38.010000,-106.890000,-43.300000
 35.480000,-113.550000,-46.930000
 30.720000,-119.530000,-50.240000
 25.780000,-124.870000,-53.330000
 23.090000,-128.610000,-55.910000
 23.250000,-131.330000,-58.280000
 25.770000,-133.650000,-61.800000
 30.340000,-136.080000,-65.750000
 35.820000,-139.160000,-67.850000
 40.670000,-142.830000,-67.600000
 42.760000,-147.410000,-64.780000
 43.060000,-151.870000,-60.720000
 41.080000,-156.040000,-56.940000
 37.220000,-159.570000,-54.740000
 30.950000,-162.410000,-53.900000
 24.200000,-165.320000,-53.560000
 8.510000,-166.160000,-44.050000
-6.870000,-165.260000,-28.340000
-9.590000,-163.910000,-20.670000
 1.540000,-158.470000,-27.840000
 11.330000,-149.920000,-48.850000
 13.990000,-142.770000,-66.520000
 15.220000,-136.410000,-74.350000
 13.630000,-132.230000,-76.910000
 11.820000,-127.740000,-79.140000
 7.800000,-126.640000,-76.410000
 10.570000,-126.070000,-69.830000
 16.070000,-123.770000,-63.530000
 17.880000,-120.900000,-62.290000
 16.060000,-118.200000,-67.120000
 18.230000,-116.550000,-74.170000
 24.950000,-118.150000,-80.290000
 33.470000,-122.170000,-84.750000
 38.850000,-128.170000,-86.790000
 39.570000,-137.670000,-86.190000
 31.190000,-149.640000,-84.380000
 20.800000,-163.160000,-81.670000
 17.880000,-174.070000,-79.360000
 21.690000,-182.290000,-77.980000
 27.590000,-188.290000,-77.960000
 32.000000,-192.770000,-79.270000
 36.210000,-195.400000,-81.320000
 41.960000,-197.220000,-83.350000
 47.230000,-197.770000,-84.580000
 50.590000,-197.600000,-85.490000
 51.490000,-197.060000,-86.780000
 49.650000,-196.660000,-90.120000
 48.410000,-196.350000,-94.190000
 49.450000,-193.510000,-96.930000
 52.300000,-188.830000,-96.390000
 57.710000,-182.670000,-93.950000
 63.250000,-176.400000,-91.610000
 63.580000,-170.830000,-89.550000
 57.420000,-167.800000,-89.700000
 48.120000,-168.160000,-92.350000
 39.900000,-172.320000,-98.170000
 39.930000,-178.620000,-106.200000
 49.020000,-185.300000,-114.570000
 61.590000,-193.790000,-120.430000
 71.500000,-202.490000,-120.680000
 76.410000,-211.070000,-112.970000
 77.270000,-218.060000,-100.080000
 77.380000,-223.060000,-84.600000
 85.640000,-225.870000,-73.960000
 92.340000,-226.370000,-73.480000
 90.520000,-226.960000,-80.170000
 86.700000,-227.840000,-87.090000
 79.600000,-230.250000,-91.610000
 72.160000,-233.120000,-96.420000
 64.440000,-236.230000,-97.360000
 59.450000,-240.650000,-93.820000
 59.450000,-244.260000,-90.250000
 60.500000,-247.010000,-89.270000
 60.560000,-248.520000,-88.650000
 60.320000,-248.960000,-87.190000
 61.280000,-246.960000,-86.230000
 64.520000,-243.140000,-87.020000
 63.750000,-239.300000,-89.430000
 55.770000,-235.670000,-92.050000
 40.800000,-232.250000,-93.290000
 26.600000,-229.200000,-93.080000
 20.590000,-224.740000,-91.000000
 25.950000,-218.350000,-85.990000
 39.650000,-208.870000,-79.510000
 51.540000,-198.470000,-75.240000
 53.070000,-188.150000,-74.360000
 48.140000,-179.390000,-75.440000
 38.230000,-172.020000,-76.070000
 29.100000,-165.390000,-75.920000
 21.850000,-159.130000,-75.770000
 15.510000,-154.740000,-76.290000
 10.310000,-152.550000,-76.340000
 5.440000,-153.140000,-74.840000
 0.000000,-155.080000,-69.870000
-6.170000,-156.710000,-62.260000
-12.570000,-156.080000,-54.080000
-17.170000,-149.480000,-49.620000
-15.050000,-143.260000,-50.670000
-2.460000,-135.410000,-57.670000
 16.750000,-130.910000,-70.060000
 32.360000,-130.180000,-84.860000
 36.450000,-135.010000,-93.740000
 29.630000,-145.260000,-95.320000
 18.160000,-156.870000,-91.700000
 9.320000,-167.190000,-84.560000
 8.580000,-173.450000,-76.490000
 16.530000,-173.450000,-70.630000
 27.730000,-169.670000,-69.460000
 37.620000,-162.000000,-72.710000
 44.160000,-151.100000,-78.550000
 46.640000,-137.590000,-82.970000
 45.410000,-125.320000,-82.700000
 40.480000,-115.120000,-77.090000
 33.960000,-106.670000,-68.260000
 27.580000,-98.090000,-57.590000
 21.710000,-90.640000,-46.030000
 18.590000,-83.710000,-34.220000
 20.680000,-75.330000,-25.460000
 29.120000,-64.350000,-22.450000
 38.870000,-53.000000,-24.320000
 41.750000,-46.360000,-28.360000
 37.510000,-47.580000,-33.930000
 28.540000,-54.460000,-38.780000
 19.240000,-63.030000,-40.420000
 12.930000,-68.350000,-37.730000
 8.590000,-67.900000,-33.210000
 2.230000,-60.030000,-30.060000
-7.380000,-46.900000,-28.470000
-20.390000,-30.710000,-26.120000
-34.350000,-16.540000,-18.640000
-41.700000,-4.000000,-6.450000
-29.700000, 9.640000, 5.940000
-3.320000, 21.230000, 13.600000
 14.740000, 24.960000, 15.090000
 25.260000, 21.030000, 15.440000
 30.700000, 16.900000, 15.850000
 29.850000, 12.380000, 13.060000
 23.510000, 8.860000, 9.210000
 15.290000, 6.230000, 8.400000
 11.550000, 5.350000, 10.340000
 16.260000, 4.060000, 10.470000
 25.350000, 2.290000, 7.030000
 33.290000,-0.900000, 2.430000
 37.300000,-5.560000,-0.960000
 37.510000,-11.460000,-4.350000
 30.230000,-19.410000,-8.080000
 20.290000,-31.040000,-13.030000
 13.480000,-42.290000,-20.900000
 14.490000,-52.430000,-31.530000
 21.690000,-60.350000,-43.060000
 29.200000,-66.340000,-51.130000
 33.740000,-73.870000,-53.720000
 33.310000,-81.810000,-50.690000
 31.150000,-89.450000,-44.970000
 30.870000,-97.470000,-39.570000
 35.990000,-107.200000,-36.250000
 45.080000,-118.410000,-35.890000
 52.250000,-130.120000,-38.560000
 53.820000,-141.560000,-44.950000
 47.060000,-153.260000,-52.130000
 35.540000,-162.570000,-58.730000
 24.300000,-169.450000,-63.640000
 17.000000,-173.800000,-66.660000
 16.290000,-175.890000,-67.970000
 19.130000,-176.020000,-66.220000
 23.580000,-175.390000,-61.700000
 27.160000,-174.800000,-57.650000
 28.060000,-174.640000,-56.120000
 26.720000,-176.030000,-57.290000
 24.700000,-179.150000,-59.950000
 24.410000,-184.510000,-62.850000
 27.090000,-191.000000,-64.540000
 32.450000,-198.640000,-66.450000
 39.000000,-206.030000,-70.140000
 45.090000,-213.900000,-76.520000
 50.010000,-222.460000,-83.690000
 51.190000,-230.540000,-87.610000
 50.600000,-235.510000,-86.620000
 45.200000,-238.750000,-83.490000
 38.470000,-238.640000,-82.230000
 29.850000,-236.770000,-83.400000
 20.150000,-231.730000,-86.160000
 11.810000,-224.970000,-88.200000
 6.360000,-215.900000,-90.090000
 3.380000,-204.140000,-94.480000
 1.470000,-192.370000,-105.480000
-4.880000,-181.960000,-120.730000
-13.480000,-174.520000,-129.830000
-6.480000,-174.900000,-124.000000
 16.680000,-178.000000,-107.030000
 44.130000,-178.830000,-91.250000
 59.840000,-179.580000,-81.220000
 64.080000,-181.540000,-78.210000
 61.600000,-185.900000,-80.680000
 56.620000,-193.290000,-85.420000
 51.600000,-202.200000,-87.470000
 46.800000,-209.900000,-87.160000
 46.120000,-214.700000,-87.910000
 47.640000,-218.030000,-91.810000
 50.050000,-220.200000,-95.690000
 52.890000,-221.740000,-95.190000
 54.320000,-222.210000,-92.300000
 51.900000,-219.660000,-90.820000
 46.050000,-214.000000,-90.140000
 37.910000,-206.250000,-89.540000
 31.810000,-196.830000,-88.710000
 31.560000,-188.250000,-88.220000
 34.580000,-183.250000,-89.220000
 39.660000,-181.780000,-91.120000
 45.730000,-183.940000,-93.230000
 51.090000,-188.830000,-96.450000
 55.550000,-195.090000,-100.830000
 58.810000,-202.030000,-106.800000
 59.990000,-208.270000,-113.850000
 57.250000,-214.960000,-121.580000
 48.410000,-220.510000,-125.800000
 43.940000,-223.470000,-118.870000
 48.800000,-226.900000,-101.410000
 60.090000,-230.610000,-82.580000
 75.590000,-230.640000,-72.180000
 88.180000,-226.350000,-71.690000
 93.170000,-219.040000,-74.490000
 88.400000,-210.580000,-78.750000
 74.770000,-203.720000,-84.640000
 55.800000,-201.800000,-89.950000
 37.100000,-205.530000,-91.870000
 24.890000,-213.990000,-87.550000
 22.700000,-222.640000,-82.200000
 29.460000,-226.630000,-79.270000
 40.230000,-225.830000,-78.580000
 50.890000,-223.160000,-75.850000
 57.480000,-218.370000,-73.900000
 58.030000,-213.010000,-74.770000
 54.970000,-208.110000,-76.480000
 49.670000,-203.740000,-76.120000
 42.830000,-199.660000,-73.000000
 35.820000,-194.830000,-70.900000
 28.300000,-190.190000,-71.160000
 22.060000,-186.140000,-73.060000
 19.250000,-182.930000,-73.920000
 22.100000,-180.540000,-72.900000
 25.920000,-178.520000,-71.290000
 24.290000,-178.440000,-71.380000
 18.220000,-178.840000,-74.520000
 12.870000,-179.430000,-79.970000
 12.060000,-178.200000,-84.320000
 15.660000,-173.810000,-85.410000
 22.690000,-166.050000,-82.680000
 28.090000,-156.050000,-77.120000
 27.760000,-146.010000,-70.000000
 20.780000,-137.070000,-62.240000
 10.340000,-130.870000,-54.340000
 1.120000,-126.670000,-48.410000
-2.490000,-123.190000,-46.030000
-3.250000,-119.320000,-48.830000
-3.840000,-116.630000,-57.730000
-2.150000,-117.200000,-66.950000
 3.670000,-120.790000,-69.480000
 10.870000,-125.450000,-66.640000
 19.020000,-126.870000,-60.780000
 26.810000,-123.240000,-52.930000
 31.960000,-114.440000,-45.980000
 33.470000,-102.940000,-42.520000
 32.220000,-90.950000,-42.860000
 26.740000,-83.960000,-45.640000
 19.670000,-81.380000,-48.080000
 14.640000,-81.960000,-45.800000
 11.940000,-82.400000,-39.070000
 12.770000,-80.410000,-31.020000
 14.540000,-76.490000,-24.160000
 14.870000,-71.290000,-19.990000
 14.170000,-65.380000,-20.260000
 13.800000,-57.490000,-24.490000
 13.750000,-50.030000,-31.320000
 15.060000,-43.380000,-38.120000
 17.000000,-38.580000,-40.880000
 17.370000,-35.090000,-39.360000
 13.160000,-31.960000,-35.940000
 3.130000,-28.290000,-32.860000
-11.830000,-24.870000,-29.740000
-29.810000,-21.450000,-24.590000
-42.380000,-18.160000,-17.940000
-40.450000,-14.250000,-11.120000
-24.570000,-9.510000,-5.090000
-3.700000,-4.870000, 0.870000
 10.980000,-1.410000, 6.610000
 18.870000, 2.630000, 9.060000
 20.330000, 7.760000, 8.560000
 14.210000, 11.350000, 8.330000
 4.870000, 12.470000, 9.440000
-0.060000, 12.770000, 12.890000
 4.640000, 12.880000, 16.490000
 12.220000, 12.450000, 17.600000
 21.160000, 11.670000, 15.740000
 27.450000, 9.320000, 11.840000
 31.050000, 5.090000, 6.580000
 30.510000,-1.350000,-0.350000
 26.710000,-10.600000,-9.720000
 22.030000,-21.280000,-20.420000
 20.550000,-32.250000,-28.960000
 20.870000,-42.170000,-35.250000
 20.130000,-50.830000,-39.540000
 18.250000,-59.390000,-41.480000
 21.320000,-68.630000,-40.210000
 29.570000,-81.260000,-35.140000
 43.180000,-94.050000,-31.070000
 60.900000,-104.330000,-33.400000
 74.460000,-113.370000,-40.860000
 84.250000,-121.530000,-49.460000
 86.240000,-128.210000,-57.180000
 78.770000,-133.220000,-62.380000
 67.290000,-135.610000,-65.550000
 51.530000,-136.540000,-67.460000
 35.630000,-135.540000,-68.000000
 23.440000,-133.730000,-65.070000
 18.520000,-130.720000,-56.380000
 19.780000,-127.890000,-46.240000
 21.680000,-128.700000,-41.400000
 23.410000,-134.450000,-42.850000
 25.300000,-145.750000,-48.440000
 26.940000,-160.670000,-55.420000
 27.830000,-176.870000,-60.020000
 27.450000,-190.820000,-62.580000
 26.870000,-201.060000,-65.240000
 26.190000,-207.270000,-69.770000
 27.070000,-210.010000,-73.500000
 29.210000,-210.640000,-74.930000
 33.610000,-209.110000,-72.910000
 37.540000,-206.970000,-67.600000
 39.600000,-203.580000,-63.190000
 39.170000,-200.120000,-63.000000
 39.740000,-197.120000,-66.410000
 41.590000,-197.080000,-68.610000
 45.100000,-200.300000,-66.760000
 47.170000,-205.920000,-65.110000
 48.280000,-211.550000,-65.940000
 48.760000,-216.010000,-68.170000
 49.350000,-218.740000,-69.780000
 50.930000,-220.010000,-68.870000
 53.040000,-220.040000,-62.450000
 49.090000,-221.030000,-52.020000
 37.640000,-223.670000,-41.800000
 19.610000,-227.010000,-34.390000
-0.220000,-230.090000,-34.760000
-15.540000,-229.270000,-45.930000
-23.170000,-223.450000,-65.960000
-27.640000,-217.350000,-86.630000
-16.930000,-208.230000,-101.200000
 4.800000,-197.330000,-106.970000
 24.810000,-188.420000,-110.280000
 37.800000,-184.580000,-110.030000
 46.220000,-184.220000,-105.860000
 50.060000,-187.670000,-99.250000
 51.580000,-193.960000,-91.880000
 52.270000,-202.210000,-84.710000
 52.050000,-211.230000,-78.080000
 48.550000,-218.460000,-73.010000
 40.610000,-223.400000,-70.450000
 29.110000,-225.260000,-71.220000
 18.140000,-225.010000,-75.580000
 13.560000,-221.610000,-81.560000
 21.790000,-216.020000,-86.030000
 36.540000,-210.010000,-87.330000
 46.930000,-205.060000,-89.050000
 52.380000,-203.010000,-91.900000
 53.320000,-203.560000,-94.800000
 52.270000,-205.320000,-96.720000
 49.900000,-208.910000,-98.030000
 46.390000,-213.150000,-100.990000
 41.410000,-217.100000,-105.910000
 38.200000,-219.060000,-112.230000
 38.550000,-220.120000,-118.590000
 42.590000,-219.220000,-125.510000
 48.060000,-218.540000,-134.000000
 48.770000,-216.570000,-140.250000
 41.970000,-217.870000,-135.560000
 36.320000,-224.080000,-115.820000
 47.160000,-227.180000,-87.740000
 64.870000,-218.710000,-63.320000
 73.890000,-203.270000,-54.270000
 75.830000,-186.800000,-54.330000
 75.960000,-171.960000,-55.980000
 73.130000,-162.690000,-59.030000
 66.010000,-160.880000,-63.280000
 55.170000,-166.090000,-66.700000
 40.740000,-175.690000,-67.980000
 25.910000,-184.480000,-67.200000
 16.760000,-189.070000,-66.940000
 14.830000,-190.840000,-65.750000
 20.050000,-190.900000,-65.190000
 31.090000,-188.740000,-66.160000
 39.770000,-185.810000,-68.640000
 40.740000,-183.900000,-70.740000
 34.510000,-182.760000,-69.980000
 24.590000,-181.770000,-69.000000
 15.580000,-180.320000,-67.890000
 9.510000,-179.030000,-66.730000
 9.200000,-177.030000,-66.450000
 14.770000,-174.730000,-66.040000
 24.320000,-173.380000,-63.620000
 33.040000,-173.480000,-60.370000
 37.250000,-175.110000,-59.510000
 37.900000,-176.660000,-63.030000
 34.200000,-178.750000,-67.510000
 28.160000,-179.580000,-70.090000
 21.090000,-178.640000,-69.000000
 14.530000,-175.030000,-64.630000
 8.730000,-168.440000,-58.230000
 6.640000,-159.730000,-51.090000
 9.010000,-148.460000,-45.000000
 14.250000,-133.350000,-40.620000
 16.690000,-116.450000,-43.990000
 13.860000,-96.230000,-54.480000
 2.320000,-79.780000,-62.890000
-3.340000,-69.900000,-66.480000
 3.000000,-63.800000,-59.430000
 12.580000,-57.210000,-45.480000
 18.490000,-50.830000,-28.160000
 19.890000,-42.620000,-9.290000
 13.100000,-34.900000, 0.650000
 4.390000,-26.190000, 1.070000
-3.150000,-21.670000,-3.030000
-2.830000,-20.700000,-8.310000
 4.990000,-23.540000,-14.430000
 14.340000,-28.640000,-18.790000
 21.350000,-34.160000,-19.000000
 23.870000,-35.900000,-15.780000
 21.120000,-35.850000,-9.510000
 14.360000,-32.080000,-3.160000
 6.320000,-25.250000,-1.160000
-4.380000,-18.260000,-4.360000
-15.880000,-15.410000,-10.230000
-17.330000,-14.930000,-14.240000
-10.560000,-15.630000,-15.150000
-1.650000,-16.540000,-14.870000
 5.490000,-17.410000,-13.520000
 8.230000,-18.250000,-13.830000
 3.050000,-17.830000,-16.560000
-8.250000,-17.040000,-21.580000
-21.010000,-15.450000,-27.000000
-28.370000,-12.560000,-29.300000
-32.220000,-12.250000,-24.660000
-31.460000,-14.230000,-13.370000
-19.980000,-15.810000,-0.230000
-6.640000,-16.860000, 6.520000
 5.800000,-18.900000, 6.120000
 16.800000,-20.070000, 1.650000
 26.180000,-20.740000,-5.190000
 32.770000,-19.830000,-10.540000
 34.120000,-16.680000,-12.730000
 30.380000,-11.900000,-12.190000
 25.490000,-7.220000,-10.180000
 16.770000,-3.510000,-8.700000
 7.660000,-0.150000,-7.970000
-2.290000, 0.070000,-7.650000
-11.540000,-3.180000,-8.280000
-18.670000,-9.680000,-12.300000
-20.140000,-18.150000,-16.260000
-14.160000,-26.900000,-19.090000
-1.470000,-32.510000,-18.730000
 12.160000,-34.400000,-16.100000
 20.490000,-34.960000,-13.890000
 20.700000,-36.120000,-12.450000
 17.120000,-38.280000,-11.700000
 15.740000,-39.490000,-11.120000
 18.380000,-41.050000,-11.610000
 23.480000,-42.210000,-12.960000
 28.850000,-43.810000,-14.000000
 30.740000,-46.880000,-16.220000
 27.030000,-51.510000,-21.600000
 20.590000,-57.570000,-27.520000
 15.980000,-64.710000,-31.480000
 15.510000,-72.320000,-32.620000
 18.030000,-78.310000,-30.350000
 24.330000,-79.890000,-26.370000
 32.000000,-78.450000,-23.590000
 36.060000,-75.740000,-23.530000
 35.560000,-72.690000,-23.790000
 32.770000,-70.700000,-26.170000
 29.250000,-71.190000,-30.830000
 27.790000,-73.130000,-35.650000
 29.270000,-76.720000,-37.640000
 32.480000,-81.580000,-37.870000
 36.710000,-87.510000,-37.860000
 40.610000,-95.030000,-38.640000
 43.450000,-104.580000,-41.040000
 44.330000,-115.670000,-45.930000
 42.020000,-126.330000,-50.290000
 39.350000,-134.580000,-54.730000
 36.030000,-140.520000,-60.090000
 31.870000,-144.550000,-64.640000
 27.050000,-148.610000,-69.410000
 21.970000,-154.030000,-74.340000
 16.630000,-161.320000,-77.320000
 13.750000,-168.890000,-78.380000
 16.660000,-174.310000,-77.540000
 24.960000,-176.220000,-76.560000
 35.770000,-175.090000,-76.190000
 43.930000,-172.580000,-75.720000
 45.470000,-170.640000,-74.890000
 42.140000,-169.250000,-74.030000
 37.640000,-169.540000,-72.720000
 36.120000,-171.190000,-70.930000
 39.510000,-174.510000,-70.030000
 44.230000,-179.840000,-70.960000
 47.120000,-186.720000,-74.080000
 45.960000,-195.110000,-75.900000
 44.080000,-203.820000,-75.000000
 42.990000,-211.040000,-71.230000
 43.200000,-216.840000,-67.120000
 44.930000,-221.480000,-64.110000
 46.410000,-226.210000,-63.220000
 43.750000,-231.310000,-64.690000
 34.990000,-234.980000,-66.300000
 22.380000,-237.820000,-67.850000
 12.620000,-236.310000,-71.960000
 7.450000,-228.710000,-79.510000
 6.400000,-216.890000,-89.740000
 10.200000,-202.800000,-100.410000
 18.700000,-189.880000,-109.050000
 30.680000,-180.990000,-108.930000
 40.940000,-176.020000,-100.950000
 46.300000,-173.740000,-89.880000
 45.260000,-171.670000,-80.520000
 37.290000,-171.600000,-75.880000
 26.990000,-173.560000,-76.290000
 19.690000,-175.910000,-77.770000
 19.710000,-177.430000,-78.390000
 29.430000,-178.340000,-77.380000
 40.670000,-178.280000,-76.730000
 45.590000,-179.670000,-77.430000
 45.600000,-181.700000,-79.960000
 44.660000,-185.900000,-83.610000
 45.750000,-189.830000,-87.930000
 50.120000,-192.930000,-91.580000
 55.640000,-195.190000,-93.320000
 57.090000,-196.240000,-93.290000
 55.770000,-196.290000,-92.260000
 52.920000,-193.780000,-92.450000
 50.110000,-190.000000,-92.360000
 49.260000,-185.630000,-92.510000
 51.350000,-181.410000,-92.480000
 55.990000,-177.670000,-91.020000
 59.620000,-174.960000,-87.450000
 60.570000,-172.620000,-83.560000
 58.160000,-170.070000,-81.260000
 52.930000,-166.740000,-81.260000
 45.350000,-164.880000,-83.390000
 38.840000,-164.310000,-85.180000
 34.970000,-166.950000,-82.450000
 39.830000,-170.950000,-73.990000
 50.380000,-173.860000,-63.070000
 63.160000,-174.430000,-53.820000
 76.800000,-173.950000,-47.160000
 85.930000,-172.830000,-42.910000
 87.480000,-171.310000,-39.100000
 83.610000,-169.640000,-37.870000
 75.090000,-169.790000,-44.560000
 63.270000,-173.890000,-58.160000
 50.880000,-181.800000,-73.920000
 38.820000,-192.480000,-85.950000
 27.340000,-201.400000,-91.060000
 21.260000,-205.700000,-88.630000
 22.390000,-205.870000,-79.740000
 32.760000,-200.190000,-66.410000
 47.630000,-189.700000,-55.970000
 57.310000,-178.980000,-51.120000
 58.480000,-171.670000,-51.040000
 52.840000,-169.060000,-53.930000
 43.320000,-169.560000,-57.640000
 32.670000,-170.680000,-58.330000
 23.320000,-170.290000,-56.280000
 17.370000,-168.650000,-52.490000
 15.190000,-166.840000,-50.520000
 17.250000,-165.050000,-50.760000
 20.380000,-164.130000,-53.540000
 22.770000,-163.190000,-56.570000
 23.380000,-162.650000,-57.510000
 22.240000,-162.070000,-56.360000
 19.490000,-161.740000,-54.140000
 17.870000,-160.930000,-51.530000
 19.380000,-159.020000,-49.410000
 23.050000,-154.900000,-46.860000
 26.730000,-147.890000,-43.770000
 28.220000,-139.400000,-40.610000
 25.690000,-130.070000,-40.200000
 21.350000,-122.190000,-42.410000
 18.220000,-116.090000,-46.410000
 16.580000,-111.500000,-51.870000
 9.700000,-107.220000,-59.830000
-0.640000,-103.420000,-66.820000
-4.110000,-100.700000,-67.670000
-2.160000,-96.540000,-60.770000
 5.990000,-90.270000,-48.940000
 17.260000,-82.120000,-36.310000
 24.580000,-73.030000,-28.170000
 24.480000,-64.290000,-24.800000
 18.260000,-55.910000,-25.410000
 8.320000,-50.240000,-28.130000
 1.690000,-48.600000,-29.890000
 0.200000,-50.320000,-29.360000
 4.250000,-53.880000,-22.770000
 9.120000,-57.030000,-12.840000
 9.230000,-58.400000,-4.330000
 6.110000,-58.280000, 0.840000
 2.830000,-56.690000, 2.350000
 1.970000,-53.870000, 0.920000
 5.800000,-50.700000,-2.700000
 10.020000,-49.090000,-7.610000
 14.380000,-49.580000,-12.850000
 15.410000,-51.480000,-18.940000
 13.530000,-53.640000,-24.820000
 9.310000,-55.170000,-30.440000
 3.010000,-55.400000,-36.140000
-4.260000,-53.870000,-41.400000
-11.550000,-51.250000,-46.030000
-18.060000,-47.720000,-49.980000
-22.220000,-44.240000,-49.520000
-30.470000,-43.510000,-41.090000
-38.380000,-45.170000,-24.670000
-30.800000,-43.030000,-5.080000
-17.480000,-36.290000, 6.880000
-4.250000,-28.310000, 8.220000
 9.710000,-20.010000, 4.450000
 21.290000,-13.870000, 0.400000
 26.830000,-8.540000,-1.770000
 23.750000,-4.830000,-2.790000
 14.590000,-1.640000,-1.600000
 6.960000, 2.930000, 1.240000
 4.400000, 8.970000, 2.800000
 4.620000, 14.190000, 3.030000
 4.610000, 16.450000, 3.430000
 3.370000, 14.290000, 4.520000
 0.830000, 8.480000, 4.030000
-2.030000, 0.030000, 0.830000
-3.320000,-9.750000,-4.500000
-2.210000,-19.230000,-11.190000
 3.620000,-25.510000,-18.770000
 10.030000,-29.780000,-24.540000
 14.910000,-33.090000,-27.580000
 16.920000,-37.490000,-28.570000
 19.400000,-42.910000,-28.320000
 23.500000,-50.300000,-26.900000
 28.700000,-59.320000,-23.500000
 34.470000,-68.740000,-20.630000
 38.320000,-75.620000,-20.290000
 39.140000,-79.470000,-22.130000
 36.720000,-80.510000,-25.410000
 33.450000,-78.490000,-30.370000
 30.700000,-75.970000,-35.600000
 29.960000,-73.370000,-37.950000
 31.600000,-72.600000,-37.170000
 31.760000,-73.250000,-34.830000
 31.360000,-74.100000,-33.250000
 29.730000,-75.690000,-33.220000
 26.450000,-77.550000,-34.690000
 23.910000,-81.190000,-36.540000
 24.190000,-87.090000,-37.740000
 25.660000,-94.970000,-39.180000
 25.590000,-104.730000,-41.770000
 24.220000,-114.850000,-44.520000
 22.700000,-124.970000,-47.240000
 21.180000,-135.480000,-49.650000
 21.850000,-145.810000,-52.690000
 26.060000,-156.220000,-55.830000
 33.870000,-166.920000,-58.860000
 41.180000,-176.190000,-62.000000
 44.930000,-184.160000,-65.930000
 46.370000,-191.370000,-70.710000
 45.800000,-197.760000,-74.270000
 44.670000,-202.800000,-75.600000
 43.120000,-206.910000,-75.190000
 41.180000,-208.870000,-74.890000
 39.220000,-209.090000,-75.160000
 36.840000,-207.590000,-74.830000
 34.380000,-205.250000,-72.040000
 29.830000,-202.280000,-66.510000
 21.550000,-199.340000,-60.870000
 13.180000,-196.380000,-58.540000
 7.640000,-192.830000,-59.100000
 7.580000,-188.290000,-61.320000
 13.450000,-179.590000,-64.290000
 20.190000,-167.810000,-71.620000
 19.820000,-153.490000,-86.860000
 12.480000,-138.740000,-102.810000
 13.940000,-128.060000,-107.470000
 23.120000,-125.200000,-98.480000
 33.940000,-127.770000,-82.450000
 41.600000,-130.970000,-64.780000
 38.950000,-134.380000,-53.670000
 32.120000,-136.890000,-51.680000
 25.910000,-139.320000,-55.120000
 21.660000,-144.800000,-57.870000
 16.670000,-155.500000,-58.500000
 14.820000,-167.500000,-61.560000
 19.670000,-176.860000,-67.660000
 29.060000,-182.450000,-74.230000
 41.300000,-185.770000,-77.160000
 52.840000,-188.640000,-78.070000
 58.020000,-192.300000,-77.620000
 55.060000,-197.540000,-76.950000
 46.250000,-201.950000,-76.710000
 37.610000,-202.980000,-77.970000
 32.280000,-199.550000,-81.090000
 32.720000,-192.800000,-84.950000
 38.090000,-185.290000,-87.900000
 42.300000,-179.850000,-88.700000
 42.870000,-178.380000,-88.540000
 40.770000,-180.450000,-91.490000
 40.570000,-184.700000,-99.700000
 44.140000,-190.740000,-111.910000
 50.190000,-199.920000,-123.270000
 54.660000,-211.850000,-131.880000
 53.640000,-222.410000,-135.110000
 49.520000,-228.220000,-129.720000
 47.930000,-231.000000,-111.450000
 53.090000,-233.110000,-84.350000
 67.420000,-232.140000,-65.220000
 79.460000,-227.480000,-63.590000
 88.100000,-219.490000,-67.900000
 91.480000,-212.040000,-70.060000
 89.650000,-206.620000,-74.360000
 82.930000,-204.110000,-83.330000
 76.140000,-204.570000,-94.050000
 72.350000,-208.430000,-99.900000
 65.850000,-213.290000,-99.190000
 53.860000,-216.160000,-94.450000
 43.280000,-213.590000,-87.360000
 37.310000,-205.960000,-78.200000
 37.150000,-196.550000,-67.510000
 42.670000,-187.780000,-58.160000
 48.190000,-179.420000,-52.030000
 48.550000,-174.610000,-49.930000
 42.160000,-171.140000,-51.830000
 31.270000,-168.350000,-56.240000
 19.330000,-166.960000,-61.100000
 13.220000,-167.120000,-65.350000
 14.780000,-169.630000,-69.410000
 24.320000,-173.700000,-71.680000
 38.660000,-178.350000,-72.150000
 51.650000,-182.760000,-71.010000
 57.120000,-185.030000,-70.930000
 53.390000,-186.190000,-71.310000
 41.280000,-186.610000,-72.040000
 26.670000,-186.830000,-74.510000
 16.620000,-185.980000,-80.550000
 14.060000,-184.350000,-84.350000
 18.090000,-182.460000,-81.060000
 22.520000,-181.000000,-77.580000
 24.290000,-178.710000,-75.310000
 16.850000,-176.560000,-74.580000
-0.070000,-172.850000,-76.350000
-7.900000,-165.790000,-79.860000
 5.960000,-150.870000,-78.560000
 27.250000,-131.830000,-71.290000
 37.900000,-114.890000,-62.510000
 38.580000,-103.910000,-54.210000
 31.440000,-97.900000,-47.280000
 23.580000,-95.700000,-40.400000
 20.130000,-95.510000,-32.350000
 20.830000,-94.800000,-25.830000
 22.890000,-91.650000,-23.320000
 22.620000,-85.970000,-24.390000
 20.370000,-79.640000,-26.910000
 16.920000,-74.700000,-30.260000
 13.600000,-73.290000,-32.960000
 12.890000,-75.450000,-33.970000
 13.800000,-79.120000,-35.160000
 15.290000,-83.260000,-38.700000
 16.380000,-86.900000,-45.140000
 15.900000,-90.000000,-53.560000
 15.900000,-92.830000,-63.180000
 16.330000,-96.030000,-71.160000
 13.740000,-100.030000,-76.890000
 9.360000,-102.520000,-75.170000
-2.380000,-105.180000,-60.330000
-9.700000,-105.710000,-34.930000
-5.680000,-96.240000,-13.690000
-0.670000,-80.230000,-9.910000
 5.560000,-65.030000,-16.820000
 16.250000,-54.870000,-26.080000
 25.880000,-50.410000,-33.790000
 29.540000,-49.380000,-37.300000
 25.710000,-50.800000,-36.170000
 17.810000,-51.080000,-32.320000
 12.050000,-47.930000,-26.600000
 6.450000,-42.400000,-18.960000
 1.430000,-36.930000,-10.030000
-4.460000,-31.000000, 1.020000
-3.830000,-22.380000, 12.700000
 1.330000,-12.160000, 18.790000
 4.850000,-4.680000, 17.870000
 2.120000,-0.320000, 11.810000
-1.870000, 1.250000, 2.130000
-2.510000, 2.480000,-7.910000
 0.430000, 4.510000,-14.150000
 4.410000, 6.640000,-14.840000
 8.030000, 8.200000,-10.820000
 12.050000, 8.220000,-2.770000
 16.290000, 4.940000, 6.280000
 18.230000,-1.210000, 11.490000
 17.510000,-8.730000, 10.590000
 13.790000,-17.640000, 4.300000
 10.790000,-26.870000,-6.610000
 12.120000,-37.410000,-20.180000
 19.380000,-49.400000,-34.540000
 28.530000,-61.900000,-44.330000
 38.000000,-72.890000,-47.350000
 45.800000,-81.280000,-44.160000
 46.370000,-87.780000,-38.480000
 41.270000,-91.030000,-32.160000
 33.740000,-92.240000,-27.300000
 28.310000,-91.670000,-23.810000
 27.760000,-88.350000,-22.330000
 31.110000,-83.690000,-25.000000
 33.720000,-79.230000,-31.940000
 32.270000,-76.260000,-40.430000
 27.260000,-76.980000,-50.510000
 21.570000,-82.700000,-59.630000
 19.880000,-92.260000,-65.930000
 23.500000,-105.220000,-67.160000
 29.380000,-118.370000,-63.510000
 36.010000,-129.570000,-58.290000
 41.240000,-137.850000,-52.090000
 44.790000,-142.780000,-46.060000
 45.900000,-144.980000,-40.480000
 44.570000,-144.410000,-36.720000
 40.480000,-142.130000,-36.530000
 33.580000,-138.590000,-40.860000
 25.090000,-134.700000,-47.600000
 20.080000,-131.910000,-51.450000
 19.960000,-129.900000,-50.740000
 23.560000,-128.790000,-48.350000
 31.070000,-128.160000,-47.180000
 40.560000,-127.880000,-47.600000
 48.930000,-128.830000,-48.090000
 51.450000,-130.250000,-48.410000
 48.600000,-132.400000,-49.670000
 41.110000,-135.530000,-51.160000
 33.000000,-138.670000,-51.640000
 25.230000,-142.170000,-49.670000
 18.080000,-144.890000,-45.890000
 11.920000,-146.350000,-41.720000
 6.220000,-147.910000,-38.120000
 1.270000,-149.790000,-37.850000
-2.030000,-151.610000,-41.220000
-2.580000,-151.840000,-48.880000
 1.280000,-148.900000,-60.320000
 8.970000,-144.230000,-72.060000
 16.600000,-138.140000,-81.400000
 21.400000,-132.310000,-89.140000
 24.230000,-129.260000,-93.410000
 28.030000,-128.610000,-88.570000
 32.660000,-131.670000,-74.410000
 34.380000,-134.690000,-57.910000
 32.320000,-137.030000,-50.170000
 33.380000,-139.610000,-54.060000
 37.280000,-145.450000,-61.210000
 36.120000,-156.360000,-61.730000
 27.980000,-172.220000,-55.740000
 19.090000,-182.870000,-53.800000
 19.570000,-193.010000,-61.380000
 18.400000,-199.180000,-74.050000
 19.090000,-202.320000,-84.690000
 27.500000,-196.250000,-89.350000
 49.960000,-184.020000,-85.900000
 72.410000,-176.100000,-77.120000
 80.610000,-175.370000,-68.980000
 76.310000,-176.780000,-63.330000
 61.330000,-180.410000,-63.320000
 41.950000,-184.980000,-70.800000
 28.250000,-189.390000,-82.490000
 23.610000,-193.350000,-94.290000
 28.930000,-196.350000,-104.640000
 42.700000,-199.030000,-112.230000
 58.190000,-204.260000,-110.700000
 71.410000,-211.870000,-99.830000
 74.480000,-214.440000,-86.440000
 69.710000,-210.550000,-77.540000
 62.650000,-205.870000,-72.800000
 61.570000,-202.670000,-68.670000
 68.200000,-198.850000,-66.420000
 74.120000,-192.320000,-67.220000
 77.550000,-186.410000,-68.060000
 75.260000,-182.400000,-70.710000
 69.350000,-180.030000,-78.380000
 60.740000,-179.870000,-90.700000
 51.000000,-181.360000,-99.100000
 42.260000,-180.240000,-99.970000
 37.960000,-177.480000,-92.120000
 41.510000,-172.210000,-78.110000
 50.340000,-164.260000,-62.800000
 59.930000,-156.410000,-49.470000
 65.560000,-151.130000,-41.820000
 66.290000,-147.920000,-39.900000
 60.530000,-146.960000,-41.610000
 48.270000,-147.940000,-43.540000
 32.900000,-149.360000,-44.340000
 20.160000,-150.590000,-45.580000
 15.830000,-149.290000,-46.930000
 18.350000,-146.280000,-46.200000
 27.490000,-140.800000,-44.800000
 38.090000,-133.560000,-43.580000
 44.870000,-127.700000,-44.420000
 43.960000,-125.530000,-46.990000
 37.560000,-126.020000,-47.460000
 29.800000,-128.590000,-46.670000
 25.080000,-130.060000,-46.290000
 24.780000,-131.020000,-46.650000
 29.050000,-130.920000,-48.350000
 34.800000,-130.050000,-49.690000
 39.560000,-128.120000,-49.480000
 41.210000,-126.960000,-47.660000
 38.200000,-126.650000,-44.610000
 29.610000,-128.520000,-40.610000
 17.200000,-131.670000,-38.550000
 2.890000,-134.930000,-40.890000
-11.390000,-136.920000,-46.220000
-27.960000,-137.060000,-53.580000
-38.160000,-135.030000,-61.190000
-31.410000,-130.250000,-66.020000
-9.280000,-122.690000,-67.250000
 16.410000,-114.720000,-63.050000
 28.480000,-109.130000,-55.620000
 28.610000,-105.200000,-47.840000
 21.550000,-103.610000,-42.500000
 13.060000,-103.010000,-42.660000
 8.780000,-102.220000,-47.610000
 8.490000,-102.450000,-53.600000
 8.050000,-106.140000,-57.370000
 5.830000,-113.530000,-57.100000
 6.170000,-119.600000,-52.830000
 14.630000,-121.570000,-45.960000
 28.510000,-118.700000,-38.220000
 38.880000,-112.840000,-32.620000
 41.450000,-106.830000,-30.430000
 37.800000,-102.510000,-30.190000
 32.350000,-102.000000,-30.430000
 26.590000,-103.070000,-31.400000
 21.450000,-104.300000,-32.380000
 17.900000,-104.410000,-34.420000
 17.250000,-102.510000,-37.520000
 19.670000,-99.500000,-41.930000
 22.420000,-95.320000,-47.670000
 24.510000,-92.810000,-55.340000
 25.180000,-91.640000,-63.940000
 23.280000,-93.390000,-70.560000
 20.110000,-97.170000,-69.380000
 13.140000,-101.500000,-50.290000
 4.360000,-108.370000,-18.180000
 2.740000,-107.710000, 9.000000
 0.470000,-94.120000, 14.180000
-0.940000,-75.310000, 2.100000
 5.030000,-56.290000,-13.030000
 13.490000,-42.680000,-27.320000
 21.240000,-35.440000,-36.430000
 25.130000,-32.880000,-37.840000
 24.860000,-32.230000,-35.100000
 22.870000,-32.250000,-31.110000
 19.290000,-30.960000,-23.510000
 11.590000,-27.700000,-13.290000
 4.130000,-20.360000,-2.470000
 1.610000,-9.240000, 3.960000
 7.000000, 3.630000, 5.820000
 12.880000, 13.030000, 5.090000
 11.590000, 15.630000, 2.350000
 4.350000, 11.730000,-3.540000
-5.120000, 2.100000,-10.140000
-11.680000,-10.300000,-17.620000
-14.830000,-20.470000,-23.240000
-13.140000,-25.020000,-23.690000
-5.360000,-24.920000,-20.330000
 5.380000,-21.250000,-14.000000
 13.470000,-18.460000,-6.600000
 15.290000,-17.440000, 1.500000
 11.130000,-17.280000, 6.570000
 3.510000,-17.920000, 8.180000
-3.720000,-18.380000, 6.250000
-8.180000,-17.570000, 4.020000
-6.730000,-14.760000, 4.850000
-1.050000,-9.430000, 7.420000
 5.800000,-0.710000, 9.930000
 10.430000, 9.650000, 10.400000
 12.260000, 18.670000, 7.080000
 12.250000, 24.120000, 0.700000
 10.560000, 23.510000,-5.530000
 9.640000, 18.490000,-9.100000
 11.460000, 10.690000,-9.660000
 18.700000, 0.150000,-8.480000
 31.830000,-10.610000,-8.330000
 50.480000,-20.430000,-11.830000
 68.830000,-28.200000,-19.670000
 76.490000,-34.000000,-27.510000
 72.880000,-40.830000,-33.320000
 62.070000,-48.710000,-36.610000
 48.480000,-57.690000,-36.740000
 35.050000,-66.770000,-34.830000
 25.820000,-76.340000,-32.520000
 22.850000,-86.010000,-30.190000
 25.900000,-95.630000,-27.020000
 31.950000,-104.230000,-26.000000
 35.030000,-112.280000,-30.190000
 31.210000,-119.890000,-38.490000
 25.440000,-127.480000,-46.210000
 21.380000,-134.310000,-50.260000
 21.030000,-140.260000,-49.800000
 24.080000,-144.060000,-47.640000
 28.590000,-146.980000,-46.330000
 30.700000,-150.090000,-47.500000
 29.770000,-154.270000,-50.490000
 28.420000,-160.410000,-52.070000
 28.430000,-168.900000,-50.230000
 30.350000,-178.470000,-48.540000
 33.050000,-187.510000,-50.080000
 34.240000,-195.280000,-53.860000
 34.250000,-201.930000,-59.700000
 33.100000,-206.450000,-65.070000
 33.350000,-208.030000,-69.210000
 33.550000,-206.220000,-70.820000
 32.900000,-202.020000,-69.000000
 26.070000,-196.660000,-64.680000
 13.000000,-190.800000,-61.690000
-0.320000,-186.910000,-60.900000
-8.320000,-180.870000,-60.800000
-7.290000,-174.540000,-59.040000
 1.880000,-165.480000,-56.320000
 13.360000,-154.110000,-56.820000
 18.920000,-142.830000,-62.110000
 19.890000,-134.380000,-71.770000
 21.940000,-129.540000,-81.000000
 28.840000,-130.570000,-84.250000
 36.120000,-138.360000,-80.970000
 41.550000,-150.340000,-73.320000
 40.670000,-162.410000,-66.320000
 31.140000,-173.310000,-63.470000
 18.800000,-181.290000,-64.470000
 11.700000,-185.910000,-67.830000
 14.900000,-186.820000,-71.020000
 29.100000,-185.660000,-74.370000
 47.640000,-183.190000,-76.000000
 59.370000,-182.390000,-76.690000
 62.490000,-183.610000,-78.530000
 59.180000,-186.120000,-81.880000
 52.020000,-189.680000,-84.610000
 43.140000,-193.560000,-85.760000
 35.830000,-197.740000,-86.220000
 30.860000,-201.280000,-87.040000
 29.350000,-204.270000,-89.110000
 32.100000,-205.430000,-93.140000
 38.420000,-204.640000,-99.380000
 48.140000,-202.860000,-104.440000
 58.370000,-199.350000,-105.440000
 64.750000,-198.260000,-104.720000
 66.290000,-198.710000,-105.800000
 55.890000,-202.870000,-103.170000
 38.320000,-209.730000,-91.000000
 30.480000,-213.000000,-76.170000
 38.460000,-206.310000,-70.350000
 57.350000,-192.480000,-72.830000
 72.540000,-179.140000,-74.900000
 78.510000,-165.780000,-74.970000
 77.640000,-152.700000,-73.700000
 74.310000,-140.290000,-69.640000
 71.880000,-131.370000,-62.700000
 69.800000,-126.780000,-54.670000
 63.730000,-128.740000,-46.930000
 52.240000,-137.770000,-40.770000
 35.670000,-150.350000,-38.150000
 18.470000,-162.450000,-38.760000
 11.870000,-169.810000,-39.870000
 18.170000,-170.800000,-41.190000
 30.590000,-167.310000,-41.610000
 39.610000,-162.350000,-43.500000
 40.200000,-158.510000,-49.870000
 34.690000,-155.090000,-58.410000
 24.820000,-153.830000,-65.360000
 17.140000,-154.110000,-66.940000
 15.790000,-157.310000,-63.930000
 19.480000,-162.350000,-58.850000
 28.550000,-166.820000,-53.030000
 40.060000,-169.940000,-50.260000
 49.080000,-173.950000,-53.460000
 53.290000,-177.120000,-62.130000
 53.830000,-179.910000,-72.840000
 51.170000,-182.670000,-79.680000
 45.480000,-184.330000,-79.500000
 36.790000,-184.040000,-74.670000
 26.860000,-181.870000,-68.000000
 19.780000,-178.030000,-60.500000
 17.220000,-171.810000,-53.610000
 19.230000,-163.240000,-49.540000
 23.380000,-155.200000,-52.740000
 22.890000,-146.820000,-64.440000
 10.380000,-140.810000,-82.540000
-5.060000,-139.720000,-99.630000
-9.700000,-142.660000,-109.300000
-4.510000,-146.290000,-109.620000
 7.330000,-147.970000,-100.870000
 22.240000,-147.510000,-83.800000
 34.800000,-143.080000,-66.650000
 37.500000,-137.800000,-57.580000
 35.130000,-132.120000,-51.900000
 30.880000,-129.740000,-45.320000
 24.700000,-131.610000,-39.380000
 20.980000,-136.380000,-37.610000
 23.290000,-138.230000,-39.030000
 25.960000,-136.890000,-38.830000
 24.830000,-133.350000,-37.740000
 22.030000,-128.250000,-37.820000
 19.390000,-122.960000,-40.170000
 21.430000,-117.210000,-44.260000
 28.470000,-112.200000,-48.080000
 36.910000,-111.910000,-52.020000
 47.370000,-116.250000,-55.970000
 54.550000,-124.550000,-60.670000
 58.210000,-134.210000,-64.460000
 55.250000,-143.650000,-68.220000
 45.380000,-150.040000,-73.910000
 30.830000,-153.480000,-79.150000
 16.470000,-152.230000,-83.580000
 6.190000,-147.870000,-89.850000
 3.380000,-143.740000,-96.130000
 8.410000,-138.290000,-95.540000
 13.740000,-134.610000,-81.920000
 15.910000,-132.570000,-60.330000
 20.960000,-129.290000,-41.400000
 29.380000,-121.390000,-31.670000
 38.020000,-109.400000,-29.010000
 42.650000,-98.900000,-27.040000
 42.510000,-90.710000,-26.000000
 35.850000,-84.960000,-26.250000
 21.860000,-80.670000,-28.010000
 9.290000,-74.690000,-30.310000
 2.680000,-67.140000,-31.930000
 2.620000,-58.500000,-31.940000
 5.930000,-49.500000,-27.540000
 9.740000,-40.690000,-16.630000
 14.450000,-32.460000,-4.030000
 19.250000,-25.900000, 5.700000
 22.400000,-21.390000, 10.780000
 19.560000,-19.280000, 8.540000
 9.870000,-19.020000, 1.210000
-2.650000,-19.780000,-7.580000
-12.930000,-19.960000,-13.080000
-16.030000,-16.120000,-14.220000
-10.830000,-10.430000,-13.330000
 0.130000,-4.340000,-10.780000
 9.720000,-1.340000,-5.540000
 13.580000,-2.080000, 0.580000
 13.510000,-5.060000, 3.440000
 11.490000,-8.460000, 2.120000
 10.090000,-11.620000,-3.870000
 11.120000,-13.320000,-13.580000
 14.280000,-14.800000,-20.790000
 21.110000,-15.010000,-22.440000
 29.530000,-13.910000,-22.220000
 35.200000,-10.510000,-22.020000
 37.800000,-5.750000,-21.350000
 38.830000, 1.610000,-19.550000
 32.730000, 8.060000,-16.870000
 20.890000, 13.890000,-15.490000
 6.110000, 16.320000,-15.800000
-8.320000, 13.520000,-16.030000
-15.940000, 7.280000,-14.360000
-13.190000, 1.730000,-12.670000
-2.670000,-2.710000,-11.220000
 10.230000,-7.220000,-10.800000
 20.800000,-12.770000,-13.090000
 26.360000,-21.180000,-18.200000
 28.910000,-32.160000,-25.180000
 28.990000,-46.510000,-31.250000
 26.230000,-63.700000,-34.550000
 21.070000,-80.710000,-34.690000
 15.850000,-95.250000,-33.670000
 13.450000,-105.360000,-34.240000
 16.110000,-111.400000,-36.000000
 22.900000,-115.570000,-38.030000
 30.390000,-118.320000,-39.900000
 36.910000,-120.960000,-41.450000
 41.970000,-122.960000,-43.270000
 44.700000,-125.350000,-44.620000
 44.670000,-128.660000,-44.700000
 43.630000,-133.250000,-44.170000
 41.820000,-137.960000,-44.380000
 38.060000,-143.930000,-45.150000
 31.530000,-150.960000,-45.640000
 24.590000,-157.410000,-44.930000
 21.060000,-162.370000,-42.790000
 21.580000,-164.900000,-41.160000
 25.590000,-164.830000,-40.370000
 30.290000,-163.340000,-39.500000
 33.950000,-161.500000,-37.750000
 31.170000,-160.160000,-35.170000
 19.960000,-158.090000,-33.130000
 5.320000,-153.000000,-33.720000
-7.800000,-143.250000,-42.840000
-16.450000,-131.260000,-61.560000
-14.400000,-119.950000,-79.430000
-0.320000,-114.760000,-81.740000
 14.970000,-118.140000,-72.280000
 26.900000,-124.800000,-59.790000
 32.090000,-133.230000,-50.270000
 33.240000,-142.120000,-45.060000
 35.430000,-151.100000,-44.360000
 38.690000,-161.450000,-45.930000
 42.660000,-173.420000,-49.060000
 40.520000,-186.870000,-53.470000
 32.600000,-198.440000,-59.350000
 26.700000,-205.150000,-67.070000
 29.350000,-205.810000,-75.780000
 40.940000,-204.320000,-83.620000
 56.520000,-204.930000,-87.020000
 64.750000,-210.250000,-85.640000
 62.480000,-217.500000,-83.700000
 53.240000,-223.470000,-82.440000
 41.280000,-227.050000,-82.480000
 31.050000,-228.060000,-83.630000
 27.480000,-227.410000,-86.440000
 32.220000,-225.880000,-90.580000
 41.250000,-225.010000,-95.200000
 50.160000,-224.710000,-99.190000
 55.550000,-225.360000,-103.390000
 55.530000,-226.580000,-106.180000
 51.450000,-227.510000,-108.050000
 43.920000,-227.360000,-108.250000
 35.760000,-226.580000,-108.910000
 28.000000,-226.930000,-113.870000
 24.920000,-225.760000,-119.870000
 29.450000,-223.540000,-115.980000
 46.650000,-217.800000,-99.900000
 74.220000,-207.690000,-80.640000
 95.970000,-193.920000,-67.330000
 101.090000,-180.500000,-59.680000
 95.820000,-168.740000,-54.940000
 85.000000,-159.990000,-52.240000
 71.800000,-153.890000,-53.780000
 55.340000,-153.430000,-58.850000
 42.000000,-159.930000,-66.120000
 32.860000,-171.140000,-73.210000
 26.050000,-184.380000,-76.740000
 23.420000,-196.880000,-75.790000
 24.290000,-205.800000,-72.530000
 29.920000,-207.210000,-69.020000
 40.600000,-201.050000,-65.210000
 51.790000,-188.960000,-62.000000
 57.570000,-174.920000,-60.180000
 56.900000,-160.870000,-59.690000
 51.670000,-150.420000,-58.710000
 43.450000,-143.780000,-55.640000
 33.350000,-140.980000,-52.000000
 20.990000,-140.950000,-49.140000
 9.950000,-143.910000,-49.380000
 3.770000,-148.360000,-51.260000
 5.160000,-152.940000,-53.170000
 13.670000,-156.680000,-55.500000
 24.800000,-159.200000,-57.870000
 34.020000,-161.950000,-58.820000
 38.150000,-165.460000,-57.080000
 37.080000,-169.760000,-54.120000
 32.060000,-173.630000,-50.650000
 24.790000,-176.400000,-48.590000
 18.100000,-176.550000,-49.030000
 12.540000,-175.480000,-51.300000
 9.380000,-173.000000,-57.780000
 7.740000,-169.560000,-72.290000
-0.280000,-166.270000,-91.220000
-8.960000,-167.320000,-102.990000
-2.740000,-170.910000,-100.630000
 14.790000,-170.640000,-92.560000
 36.870000,-164.950000,-86.090000
 54.560000,-156.480000,-78.760000
 63.260000,-146.290000,-68.120000
 62.380000,-136.120000,-54.380000
 52.060000,-128.290000,-40.890000
 34.990000,-123.720000,-31.610000
 16.410000,-122.610000,-29.660000
 4.700000,-123.230000,-34.110000
 4.380000,-125.400000,-37.810000
 10.010000,-129.640000,-36.250000
 19.120000,-131.670000,-32.610000
 31.400000,-130.260000,-34.240000
 43.560000,-124.700000,-41.740000
 48.340000,-120.140000,-49.220000
 47.040000,-119.250000,-54.000000
 42.350000,-123.170000,-55.960000
 33.350000,-131.120000,-55.890000
 19.710000,-142.220000,-55.190000
 5.370000,-153.610000,-56.490000
-2.580000,-161.320000,-61.260000
-2.450000,-164.760000,-70.230000
 6.190000,-161.880000,-85.390000
 20.450000,-155.410000,-100.770000
 32.880000,-149.860000,-111.540000
 36.560000,-146.960000,-116.640000
 25.900000,-151.160000,-107.820000
 17.060000,-158.880000,-83.090000
 20.800000,-162.030000,-49.800000
 20.610000,-158.500000,-22.870000
 18.740000,-149.350000,-12.890000
 20.060000,-135.430000,-14.720000
 24.240000,-116.970000,-22.840000
 31.320000,-95.310000,-35.520000
 36.090000,-75.440000,-46.780000
 37.210000,-59.580000,-54.220000
 38.210000,-49.130000,-54.930000
 34.200000,-44.790000,-47.710000
 23.410000,-44.130000,-33.370000
 6.880000,-43.940000,-17.100000
-6.900000,-41.560000,-4.990000
-11.450000,-37.310000, 1.700000
-8.510000,-34.090000, 3.640000
-2.610000,-32.770000, 1.380000
 3.870000,-34.120000,-4.160000
 7.960000,-36.890000,-11.230000
 9.260000,-38.570000,-18.320000
 5.620000,-37.150000,-25.540000
-1.540000,-33.290000,-29.560000
-7.250000,-26.770000,-26.850000
-10.170000,-18.760000,-19.090000
-10.180000,-10.560000,-8.970000
-7.950000,-1.950000, 2.290000
-8.630000, 4.840000, 10.800000
-15.180000, 8.740000, 13.240000
-24.670000, 11.090000, 9.190000
-27.740000, 10.560000, 1.580000
-21.030000, 8.170000,-5.290000
-8.120000, 3.540000,-9.300000
 3.720000,-3.080000,-11.890000
 12.750000,-9.670000,-13.500000
 18.660000,-14.570000,-12.840000
 19.960000,-16.140000,-10.700000
 16.340000,-15.350000,-9.220000
 10.210000,-14.070000,-11.570000
 2.950000,-13.410000,-15.880000
-1.870000,-16.160000,-21.220000
-5.030000,-21.180000,-25.290000
-2.790000,-27.260000,-27.540000
 4.530000,-30.770000,-28.410000
 15.140000,-33.500000,-28.960000
 22.630000,-38.880000,-28.710000
 27.020000,-45.430000,-27.320000
 27.410000,-52.950000,-26.450000
 27.830000,-59.890000,-28.410000
 29.160000,-65.590000,-32.980000
 31.930000,-72.060000,-38.010000
 34.800000,-77.930000,-40.320000
 35.490000,-83.060000,-39.710000
 31.920000,-88.900000,-40.150000
 28.770000,-95.110000,-44.990000
 33.580000,-101.520000,-51.420000
 53.060000,-106.340000,-53.540000
 77.700000,-110.090000,-51.670000
 93.130000,-115.480000,-48.860000
 97.540000,-117.610000,-48.000000
 88.740000,-122.830000,-47.160000
 72.650000,-129.840000,-48.640000
 56.480000,-137.810000,-52.060000
 42.260000,-148.320000,-56.160000
 32.570000,-159.670000,-58.140000
 27.510000,-169.000000,-54.740000
 28.790000,-176.010000,-46.280000
 38.370000,-178.560000,-35.990000
 54.800000,-176.090000,-29.030000
 67.570000,-171.010000,-26.450000
 69.650000,-166.890000,-26.960000
 60.950000,-164.800000,-31.090000
 44.070000,-163.030000,-40.650000
 25.190000,-162.350000,-52.380000
 13.980000,-163.790000,-60.540000
 13.980000,-165.090000,-61.440000
 21.040000,-167.160000,-58.100000
 30.010000,-168.770000,-53.090000
 38.850000,-170.640000,-48.450000
 43.580000,-171.130000,-50.030000
 43.100000,-171.540000,-58.640000
 40.700000,-172.280000,-70.150000
 40.070000,-177.590000,-78.680000
 36.140000,-187.290000,-82.040000
 23.230000,-195.310000,-80.820000
 3.460000,-199.520000,-78.190000
-15.000000,-198.020000,-76.520000
-24.170000,-191.700000,-75.090000
-19.720000,-184.690000,-71.480000
 9.540000,-178.170000,-63.900000
 43.900000,-176.890000,-53.770000
 60.250000,-181.540000,-48.540000
 63.570000,-188.640000,-49.630000
 58.860000,-195.320000,-55.950000
 51.850000,-199.310000,-63.980000
 44.640000,-200.250000,-68.490000
 36.310000,-199.830000,-67.480000
 28.580000,-197.000000,-62.840000
 24.610000,-191.280000,-57.240000
 25.270000,-184.490000,-54.680000
 28.410000,-178.670000,-56.750000
 32.170000,-175.900000,-60.630000
 36.280000,-176.460000,-63.770000
 40.200000,-177.830000,-65.960000
 45.610000,-180.230000,-67.690000
 50.430000,-181.200000,-71.250000
 51.540000,-179.310000,-77.470000
 47.790000,-175.830000,-85.740000
 39.590000,-173.420000,-93.650000
 31.550000,-170.360000,-94.640000
 32.460000,-165.710000,-88.120000
 46.240000,-158.770000,-77.640000
 62.620000,-150.740000,-69.810000
 77.740000,-143.410000,-66.120000
 90.570000,-138.450000,-65.960000
 98.950000,-137.830000,-66.920000
 99.580000,-140.290000,-67.330000
 92.430000,-148.140000,-64.220000
 76.980000,-156.160000,-59.430000
 58.430000,-163.450000,-55.100000
 42.300000,-166.980000,-55.770000
 31.530000,-167.230000,-60.520000
 28.390000,-165.450000,-64.160000
 33.050000,-162.510000,-63.690000
 44.290000,-158.630000,-59.250000
 54.040000,-156.140000,-52.350000
 58.230000,-153.880000,-46.730000
 55.290000,-152.790000,-42.230000
 48.170000,-152.610000,-39.120000
 40.740000,-151.480000,-39.120000
 36.060000,-148.430000,-39.760000
 34.210000,-146.510000,-38.640000
 33.930000,-145.530000,-36.330000
 34.430000,-147.180000,-33.970000
 33.340000,-151.320000,-32.540000
 33.450000,-156.290000,-33.480000
 34.220000,-161.730000,-38.180000
 36.580000,-167.780000,-43.040000
 39.500000,-174.540000,-47.220000
 40.260000,-181.210000,-48.650000
 38.610000,-186.580000,-48.350000
 34.220000,-190.840000,-47.470000
 29.070000,-192.760000,-47.540000
 25.370000,-191.960000,-48.760000
 24.130000,-187.610000,-48.870000
 25.110000,-181.900000,-45.210000
 27.030000,-175.160000,-40.750000
 26.970000,-168.180000,-41.620000
 27.350000,-163.520000,-48.670000
 18.380000,-162.320000,-61.020000
 0.150000,-165.700000,-76.270000
-3.570000,-173.080000,-85.090000
 4.520000,-178.520000,-83.220000
 16.320000,-179.710000,-74.060000
 30.370000,-174.230000,-61.580000
 38.240000,-164.670000,-48.940000
 35.690000,-154.870000,-40.960000
 24.050000,-148.190000,-41.840000
 10.370000,-146.120000,-47.230000
 8.420000,-147.430000,-50.670000
 23.570000,-149.070000,-50.700000
 38.320000,-151.930000,-50.570000
 43.570000,-155.120000,-50.950000
 39.330000,-157.910000,-50.480000
 31.100000,-159.870000,-50.390000
 27.220000,-159.120000,-50.200000
 30.870000,-153.640000,-50.700000
 37.200000,-145.900000,-52.030000
 42.000000,-140.410000,-55.310000
 42.900000,-137.450000,-59.470000
 40.090000,-137.310000,-61.470000
 34.900000,-139.260000,-59.720000
 28.310000,-141.060000,-55.420000
 21.250000,-140.640000,-51.250000
 15.550000,-137.190000,-49.670000
 11.110000,-130.710000,-51.830000
 9.510000,-123.570000,-57.430000
 10.670000,-118.250000,-64.470000
 12.950000,-116.030000,-68.110000
 17.180000,-113.560000,-65.000000
 22.080000,-112.190000,-57.190000
 30.080000,-111.540000,-45.740000
 39.660000,-110.760000,-32.570000
 44.940000,-107.930000,-21.730000
 47.540000,-100.280000,-15.680000
 45.790000,-89.150000,-13.850000
 37.290000,-76.120000,-13.820000
 25.620000,-63.670000,-16.800000
 16.820000,-54.320000,-25.480000
 11.150000,-49.960000,-35.500000
 6.740000,-50.700000,-40.980000
 0.650000,-54.110000,-40.330000
-7.550000,-57.180000,-34.280000
-15.060000,-56.500000,-25.360000
-13.860000,-51.320000,-15.090000
-4.210000,-42.390000,-7.070000
 6.120000,-32.080000,-3.810000
 9.140000,-24.480000,-5.880000
 5.670000,-20.500000,-7.930000
-0.720000,-20.580000,-7.300000
-5.650000,-20.970000,-3.450000
-7.680000,-20.580000, 0.540000
-7.210000,-18.780000, 2.190000
-5.700000,-16.250000, 1.280000
-3.610000,-13.830000, 0.170000
-3.360000,-12.110000, 0.650000
-6.710000,-8.910000, 1.510000
-12.580000,-5.770000, 0.770000
-17.730000,-2.560000,-2.350000
-19.700000,-0.680000,-5.140000
-17.790000, 0.410000,-7.410000
-12.960000, 1.810000,-7.420000
-8.960000, 2.380000,-4.830000
-8.110000, 2.900000,-0.900000
-7.410000, 3.610000, 1.670000
-5.160000, 3.850000, 1.240000
-0.760000, 3.390000,-0.190000
 5.220000, 2.230000,-1.480000
 10.770000, 0.730000,-4.180000
 13.330000,-2.460000,-8.800000
 12.930000,-7.780000,-15.460000
 8.320000,-16.120000,-22.790000
 6.520000,-25.990000,-28.200000
 9.040000,-36.330000,-32.080000
 14.220000,-46.060000,-35.520000
 19.240000,-55.960000,-37.700000
 23.780000,-64.360000,-38.870000
 29.060000,-69.500000,-40.510000
 34.450000,-71.740000,-41.990000
 40.350000,-72.760000,-43.580000
 46.060000,-73.660000,-47.140000
 48.330000,-76.360000,-50.670000
 44.580000,-80.330000,-52.390000
 36.590000,-85.480000,-52.640000
 26.800000,-88.700000,-51.410000
 18.770000,-89.610000,-47.870000
 15.430000,-87.800000,-43.270000
 16.540000,-85.040000,-39.080000
 19.980000,-82.870000,-37.100000
 23.400000,-83.630000,-37.880000
 26.100000,-86.610000,-39.830000
 27.520000,-91.400000,-40.920000
 28.200000,-97.010000,-41.220000
 27.880000,-102.780000,-41.720000
 27.100000,-109.200000,-42.960000
 26.910000,-115.680000,-44.330000
 27.520000,-122.250000,-45.930000
 29.030000,-128.090000,-46.830000
 31.100000,-132.870000,-46.490000
 33.670000,-136.940000,-44.710000
 37.640000,-140.840000,-42.550000
 42.270000,-143.800000,-41.350000
 47.200000,-145.600000,-42.410000
 51.890000,-146.770000,-45.190000
 55.320000,-146.720000,-48.250000
 55.800000,-146.360000,-49.180000
 51.810000,-146.080000,-47.210000
 43.870000,-144.050000,-43.480000
 34.970000,-144.660000,-39.420000
 26.850000,-142.690000,-35.250000
 22.170000,-140.130000,-30.450000
 21.050000,-137.240000,-26.870000
 17.570000,-134.400000,-27.550000
 17.620000,-131.220000,-33.540000
 19.250000,-129.050000,-45.100000
 17.220000,-127.020000,-61.950000
 13.780000,-127.870000,-79.290000
 13.380000,-134.650000,-87.320000
 12.100000,-145.290000,-84.960000
 14.670000,-155.220000,-76.520000
 19.250000,-162.520000,-64.360000
 22.040000,-166.290000,-52.560000
 20.930000,-167.850000,-45.160000
 16.830000,-169.660000,-43.490000
 13.570000,-170.910000,-46.130000
 13.690000,-172.750000,-51.240000
 19.060000,-174.700000,-55.660000
 28.700000,-177.700000,-56.650000
 36.320000,-181.100000,-55.210000
 38.540000,-183.300000,-55.670000
 36.910000,-184.800000,-60.510000
 34.420000,-185.530000,-67.230000
 34.710000,-185.720000,-74.500000
 37.050000,-187.160000,-80.900000
 38.760000,-190.000000,-84.830000
 39.390000,-192.860000,-86.210000
 40.060000,-194.840000,-84.650000
 40.950000,-195.190000,-81.550000
 42.070000,-193.410000,-78.700000
 42.420000,-190.750000,-77.860000
 42.090000,-187.140000,-80.060000
 41.240000,-184.630000,-84.540000
 40.400000,-183.080000,-87.610000
 38.930000,-183.320000,-89.100000
 37.600000,-181.710000,-91.160000
 37.600000,-179.250000,-92.780000
 38.350000,-176.570000,-92.990000
 39.050000,-176.490000,-93.100000
 35.040000,-179.430000,-95.840000
 27.200000,-180.510000,-100.030000
 28.860000,-179.980000,-99.810000
 42.780000,-177.060000,-92.740000
 62.010000,-172.770000,-79.960000
 77.440000,-167.050000,-67.840000
 85.230000,-160.200000,-60.460000
 87.460000,-152.070000,-57.830000
 82.950000,-145.430000,-57.570000
 73.470000,-142.470000,-58.900000
 62.580000,-142.700000,-62.980000
 52.030000,-146.870000,-68.990000
 41.450000,-155.190000,-74.770000
 31.070000,-164.760000,-77.870000
 23.350000,-172.490000,-78.080000
 19.630000,-177.270000,-76.780000
 22.500000,-177.960000,-73.040000
 33.540000,-174.050000,-66.230000
 48.380000,-166.410000,-58.840000
 58.880000,-158.700000,-53.250000
 62.530000,-152.120000,-49.990000
 57.960000,-148.250000,-48.920000
 48.640000,-146.120000,-50.020000
 37.880000,-146.120000,-51.120000
 30.380000,-148.410000,-52.540000
 25.200000,-153.400000,-53.800000
 23.760000,-159.290000,-54.580000
 26.980000,-166.060000,-55.890000
 34.190000,-172.730000,-58.130000
 41.620000,-178.030000,-60.900000
 46.870000,-181.590000,-63.290000
 47.980000,-183.910000,-65.110000
 45.300000,-185.080000,-64.580000
 41.690000,-184.640000,-61.230000
 39.300000,-183.410000,-56.310000
 39.820000,-181.160000,-49.860000
 41.290000,-176.870000,-44.580000
 38.800000,-172.510000,-42.010000
 32.380000,-168.880000,-44.600000
 21.570000,-166.740000,-54.320000
 12.810000,-165.000000,-69.290000
 6.190000,-163.620000,-83.510000
 0.040000,-164.120000,-90.940000
 3.770000,-166.340000,-87.520000
 16.730000,-163.510000,-78.950000
 29.660000,-155.960000,-70.300000
 34.130000,-147.830000,-61.020000
 28.360000,-141.970000,-50.480000
 19.570000,-138.740000,-43.560000
 17.620000,-137.090000,-41.140000
 22.290000,-137.170000,-40.030000
 29.870000,-137.680000,-39.810000
 34.010000,-138.650000,-41.530000
 31.510000,-139.670000,-44.870000
 27.720000,-137.730000,-48.640000
 25.510000,-132.030000,-50.580000
 24.480000,-123.420000,-50.430000
 23.540000,-113.820000,-48.930000
 20.810000,-105.710000,-47.940000
 17.870000,-97.760000,-48.890000
 15.030000,-91.140000,-50.240000
 10.540000,-87.580000,-52.960000
 4.960000,-85.070000,-56.350000
 1.670000,-82.870000,-59.770000
-1.580000,-81.670000,-62.870000
-1.690000,-80.910000,-65.000000
 4.770000,-80.400000,-64.460000
 13.920000,-79.290000,-61.510000
 19.920000,-77.810000,-56.000000
 25.030000,-75.900000,-44.540000
 31.930000,-72.230000,-28.420000
 37.700000,-65.610000,-16.590000
 42.930000,-59.040000,-12.020000
 47.490000,-56.560000,-11.670000
 49.430000,-57.100000,-15.300000
 48.400000,-60.080000,-21.740000
 43.010000,-62.190000,-30.130000
 31.060000,-62.390000,-37.350000
 10.930000,-60.730000,-38.700000
-9.830000,-55.280000,-31.300000
-23.570000,-46.740000,-16.700000
-24.930000,-34.950000,-0.810000
-12.720000,-21.100000, 9.410000
 3.640000,-10.590000, 12.580000
 13.520000,-3.780000, 12.760000
 13.830000,-0.240000, 10.450000
 6.000000,-0.470000, 6.930000
-7.330000,-3.230000, 3.360000
-17.350000,-5.780000, 0.160000
-19.910000,-6.980000,-1.650000
-14.530000,-6.640000,-1.500000
-6.110000,-4.190000,-0.210000
-0.790000,-2.630000, 1.410000
-0.600000,-2.290000, 2.780000
-5.520000,-4.290000, 3.410000
-12.470000,-7.850000, 3.450000
-17.410000,-12.370000, 3.250000
-18.890000,-15.350000, 3.590000
-15.280000,-15.510000, 5.030000
-7.460000,-12.580000, 6.470000
 3.500000,-6.490000, 6.700000
 12.190000, 2.130000, 5.580000
 15.860000, 10.420000, 4.450000
 13.210000, 15.890000, 3.810000
 8.360000, 18.160000, 3.310000
-1.770000, 16.320000, 3.510000
-6.630000, 11.880000, 5.810000
-5.830000, 5.910000, 7.920000
 1.160000, 0.350000, 7.380000
 11.060000,-4.930000, 2.010000
 21.070000,-9.860000,-6.540000
 29.030000,-15.340000,-15.960000
 32.550000,-21.750000,-25.240000
 30.890000,-28.620000,-32.080000
 26.490000,-34.700000,-35.260000
 22.610000,-40.070000,-36.120000
 19.510000,-44.050000,-35.650000
 17.030000,-46.250000,-33.840000
 15.200000,-47.620000,-30.840000
 14.130000,-47.720000,-28.680000
 14.480000,-47.520000,-28.610000
 15.240000,-48.250000,-29.780000
 15.490000,-51.890000,-31.930000
 15.960000,-57.310000,-34.580000
 17.350000,-65.260000,-37.710000
 20.660000,-75.190000,-41.580000
 24.660000,-86.050000,-44.830000
 27.990000,-96.910000,-46.700000
 30.410000,-107.040000,-48.070000
 33.010000,-115.190000,-50.060000
 34.780000,-122.230000,-52.800000
 35.000000,-127.740000,-55.500000
 36.240000,-132.670000,-56.640000
 40.270000,-136.460000,-55.680000
 45.840000,-139.120000,-53.990000
 50.760000,-141.930000,-53.100000
 52.930000,-144.310000,-52.650000
 51.910000,-147.340000,-51.720000
 46.760000,-150.740000,-49.180000
 39.410000,-153.780000,-45.860000
 32.250000,-156.380000,-41.900000
 26.170000,-158.410000,-37.380000
 23.450000,-158.520000,-33.410000
 24.730000,-156.690000,-30.870000
 28.370000,-152.100000,-31.960000
 31.090000,-145.670000,-35.630000
 32.710000,-138.410000,-41.390000
 32.800000,-130.310000,-49.250000
 30.690000,-123.220000,-58.020000
 25.540000,-117.340000,-65.160000
 20.520000,-115.090000,-68.990000
 17.670000,-117.290000,-66.880000
 15.500000,-123.130000,-59.370000
 11.610000,-131.090000,-49.790000
 11.150000,-138.230000,-44.700000
 18.860000,-143.330000,-45.550000
 27.170000,-148.910000,-49.480000
 30.620000,-156.090000,-53.110000
 28.330000,-165.800000,-54.840000
 25.220000,-175.490000,-56.400000
 22.880000,-182.380000,-58.500000
 22.620000,-185.810000,-60.840000
 24.740000,-188.670000,-62.700000
 28.410000,-192.500000,-65.670000
 33.760000,-197.870000,-69.090000
 40.020000,-204.400000,-71.430000
 43.390000,-212.020000,-73.380000
 43.030000,-218.440000,-75.210000
 41.290000,-221.610000,-76.680000
 40.480000,-221.120000,-78.700000
 41.000000,-219.410000,-81.430000
 40.800000,-219.420000,-84.150000
 40.600000,-220.600000,-85.860000
 41.220000,-221.080000,-87.220000
 43.060000,-220.940000,-89.980000
 46.380000,-220.320000,-95.010000
 48.040000,-221.430000,-101.190000
 46.960000,-225.960000,-108.320000
 44.180000,-233.090000,-114.770000
 41.530000,-241.520000,-115.190000
 42.940000,-244.030000,-107.490000
 51.020000,-239.470000,-91.380000
 58.700000,-228.160000,-75.850000
 65.210000,-212.030000,-67.620000
 70.160000,-196.540000,-68.330000
 67.990000,-182.580000,-74.000000
 61.280000,-173.250000,-78.960000
 54.260000,-166.970000,-81.050000
 49.510000,-163.330000,-81.980000
 46.520000,-161.610000,-82.510000
 44.790000,-160.590000,-80.690000
 41.060000,-160.220000,-76.500000
 35.390000,-158.170000,-72.450000
 30.360000,-153.600000,-68.300000
 29.080000,-148.210000,-62.080000
 32.460000,-140.880000,-54.040000
 37.630000,-132.460000,-46.320000
 41.960000,-125.090000,-40.830000
 43.110000,-120.660000,-38.290000
 40.280000,-118.390000,-37.110000
 34.580000,-117.990000,-38.010000
 27.770000,-118.640000,-39.530000
 21.590000,-120.890000,-39.850000
 16.950000,-125.620000,-38.110000
 14.250000,-132.180000,-37.130000
 16.030000,-139.290000,-38.910000
 22.640000,-146.870000,-44.350000
 29.470000,-155.910000,-49.960000
 32.090000,-164.930000,-53.680000
 29.800000,-173.490000,-56.410000
 25.290000,-180.840000,-59.440000
 20.720000,-187.460000,-63.140000
 19.700000,-191.000000,-65.510000
 20.450000,-192.520000,-69.030000
 21.790000,-192.570000,-77.180000
 24.310000,-189.960000,-86.780000
 29.250000,-186.930000,-89.450000
 37.130000,-181.790000,-81.640000
 45.300000,-174.450000,-68.100000
 47.970000,-163.280000,-56.080000
 42.820000,-150.590000,-46.160000
 28.850000,-140.660000,-41.220000
 10.770000,-136.880000,-43.500000
-2.850000,-137.600000,-48.180000
-9.830000,-146.440000,-50.860000
-3.940000,-158.350000,-52.680000
 10.300000,-168.480000,-57.260000
 19.340000,-174.740000,-62.370000
 23.000000,-176.120000,-64.000000
 26.770000,-173.480000,-62.120000
 32.910000,-166.130000,-60.610000
 41.220000,-155.320000,-59.560000
 48.420000,-145.800000,-56.870000
 47.480000,-141.090000,-53.870000
 37.120000,-140.460000,-52.930000
 21.570000,-142.800000,-53.310000
 6.010000,-145.890000,-54.780000
-1.460000,-146.820000,-58.870000
 0.030000,-144.380000,-65.540000
 11.640000,-138.760000,-73.700000
 25.250000,-131.610000,-81.490000
 33.670000,-126.830000,-87.060000
 33.630000,-126.030000,-90.190000
 28.540000,-129.990000,-87.700000
 22.000000,-136.830000,-74.150000
 16.740000,-144.500000,-47.250000
 16.750000,-148.410000,-14.820000
 22.440000,-144.360000, 10.320000
 28.630000,-132.180000, 17.860000
 29.830000,-112.720000, 12.770000
 27.880000,-90.730000, 0.580000
 24.840000,-71.540000,-16.530000
 23.640000,-58.120000,-33.000000
 24.930000,-49.870000,-44.350000
 25.320000,-46.540000,-48.810000
 21.910000,-47.030000,-46.150000
 13.450000,-48.800000,-37.680000
 4.440000,-51.000000,-25.880000
 4.210000,-52.280000,-16.220000
 14.510000,-52.830000,-11.800000
 26.280000,-52.870000,-10.310000
 30.580000,-52.990000,-12.250000
 23.960000,-52.960000,-19.370000
 8.450000,-51.580000,-32.190000
-8.630000,-48.280000,-44.110000
-20.100000,-42.680000,-47.200000
-21.760000,-34.900000,-39.380000
-13.870000,-24.750000,-22.980000
-3.150000,-13.100000,-3.810000
 3.950000,-0.390000, 10.520000
 5.770000, 8.510000, 16.010000
 3.560000, 13.810000, 16.190000
-0.830000, 15.320000, 13.380000
-6.160000, 14.420000, 9.270000
-11.510000, 12.390000, 3.870000
-15.180000, 10.700000,-1.470000
-14.800000, 9.650000,-5.530000
-9.840000, 10.910000,-6.560000
-1.410000, 12.990000,-3.000000
 5.060000, 16.030000, 2.000000
 5.750000, 19.430000, 3.900000
 1.640000, 22.500000, 1.760000
-5.490000, 23.570000,-1.380000
-10.540000, 22.380000,-3.460000
-12.750000, 19.190000,-2.510000
-8.960000, 15.300000,-1.440000
-4.820000, 10.970000,-1.610000
-2.120000, 7.220000,-3.590000
-1.880000, 4.630000,-5.460000
-3.350000, 3.470000,-6.690000
-5.350000, 3.320000,-6.700000
-6.760000, 3.410000,-5.620000
-8.190000, 4.150000,-3.800000
-9.470000, 4.520000,-1.190000
-8.910000, 4.680000, 0.150000
-5.320000, 4.660000, 0.110000
 0.880000, 4.830000,-1.430000
 6.780000, 3.600000,-3.210000
 10.070000, 0.620000,-4.960000
 9.980000,-4.010000,-5.700000
 6.330000,-9.410000,-4.930000
 2.220000,-14.580000,-3.580000
 0.770000,-19.120000,-3.640000
 3.200000,-22.930000,-4.600000
 8.050000,-27.420000,-7.320000
 14.870000,-32.240000,-10.800000
 21.100000,-35.900000,-15.610000
 25.670000,-40.170000,-21.090000
 30.360000,-45.060000,-26.860000
 35.800000,-49.830000,-32.610000
 39.930000,-55.870000,-37.220000
 41.510000,-61.790000,-39.490000
 41.910000,-67.160000,-41.230000
 42.170000,-71.880000,-44.020000
 43.350000,-76.010000,-47.930000
 44.770000,-81.230000,-50.950000
 45.440000,-88.930000,-52.040000
 44.190000,-99.040000,-53.240000
 41.000000,-110.090000,-53.760000
 37.690000,-121.350000,-54.360000
 35.380000,-132.090000,-54.450000
 33.970000,-142.390000,-53.990000
 33.260000,-151.480000,-51.760000
 32.900000,-158.680000,-47.640000
 31.640000,-164.490000,-42.690000
 29.240000,-168.100000,-37.880000
 25.880000,-171.290000,-35.700000
 22.860000,-174.270000,-35.620000
 23.130000,-176.030000,-35.940000
 25.670000,-176.230000,-34.740000
 30.150000,-174.900000,-32.700000
 33.640000,-172.860000,-33.990000
 33.770000,-170.140000,-38.540000
 27.590000,-167.280000,-45.700000
 19.380000,-163.830000,-55.930000
 13.510000,-158.910000,-69.840000
 7.400000,-153.090000,-83.940000
 3.900000,-148.960000,-89.000000
 1.390000,-152.030000,-81.930000
 1.600000,-158.840000,-70.540000
 7.480000,-163.120000,-63.130000
 17.140000,-165.560000,-60.140000
 28.590000,-168.910000,-58.900000
 39.590000,-172.940000,-57.890000
 43.730000,-181.770000,-56.330000
 39.400000,-193.640000,-56.150000
 32.430000,-204.930000,-59.410000
 25.080000,-213.610000,-66.890000
 20.850000,-218.580000,-74.560000
 23.210000,-219.790000,-79.740000
 30.930000,-219.290000,-82.230000
 38.670000,-218.030000,-81.960000
 44.810000,-215.900000,-79.670000
 46.610000,-213.160000,-77.870000
 44.120000,-211.140000,-78.770000
 38.330000,-210.410000,-82.970000
 33.220000,-211.740000,-88.000000
 33.180000,-214.500000,-90.160000
 38.530000,-216.170000,-90.040000
 43.580000,-215.960000,-89.680000
 44.860000,-212.210000,-91.020000
 43.240000,-204.740000,-94.610000
 40.170000,-194.800000,-98.770000
 35.460000,-185.610000,-103.720000
 30.130000,-178.980000,-109.350000
 28.320000,-174.870000,-111.790000
 31.840000,-173.830000,-108.700000
 39.340000,-176.030000,-99.380000
 49.350000,-176.360000,-84.560000
 57.580000,-174.980000,-67.320000
 62.690000,-171.720000,-52.030000
 70.790000,-166.780000,-41.890000
 79.870000,-159.200000,-40.150000
 82.310000,-151.530000,-44.100000
 76.850000,-143.580000,-48.000000
 64.190000,-137.850000,-51.430000
 43.850000,-135.800000,-56.760000
 22.580000,-137.570000,-65.100000
 10.280000,-143.100000,-73.370000
 9.050000,-149.640000,-78.260000
 14.410000,-154.720000,-80.540000
 21.810000,-159.900000,-78.900000
 25.960000,-165.330000,-72.100000
 30.290000,-167.890000,-62.810000
 37.130000,-165.070000,-54.770000
 43.500000,-160.110000,-50.720000
 46.510000,-154.740000,-50.000000
 44.480000,-151.330000,-50.580000
 38.830000,-150.070000,-51.670000
 32.050000,-149.660000,-54.940000
 26.480000,-150.740000,-59.600000
 23.640000,-154.540000,-64.380000
 24.170000,-160.830000,-68.050000
 28.200000,-170.120000,-68.960000
 34.490000,-180.540000,-68.240000
 40.150000,-191.990000,-67.590000
 43.710000,-202.410000,-69.360000
 45.720000,-212.020000,-73.450000
 47.140000,-219.770000,-76.700000
 47.890000,-224.770000,-78.540000
 45.130000,-225.730000,-81.300000
 37.570000,-222.180000,-85.880000
 28.330000,-214.420000,-89.350000
 19.350000,-202.930000,-90.510000
 11.670000,-189.850000,-91.020000
 6.010000,-179.670000,-89.900000
 3.440000,-173.090000,-85.680000
 7.650000,-168.380000,-77.770000
 20.810000,-162.290000,-65.470000
 36.190000,-149.760000,-55.750000
 43.970000,-132.040000,-54.120000
 43.510000,-117.440000,-57.060000
 32.370000,-112.070000,-58.800000
 18.160000,-115.540000,-58.080000
 11.320000,-122.890000,-53.680000
 17.270000,-129.220000,-48.310000
 20.760000,-133.730000,-45.220000
 21.410000,-137.190000,-46.400000
 26.310000,-139.940000,-50.540000
 34.780000,-143.280000,-56.630000
 43.680000,-146.120000,-62.750000
 49.960000,-147.310000,-67.530000
 51.990000,-145.630000,-70.660000
 48.640000,-141.820000,-72.350000
 39.540000,-137.300000,-71.710000
 23.220000,-133.200000,-68.450000
 3.420000,-129.780000,-65.740000
-9.230000,-127.690000,-66.100000
-9.610000,-126.320000,-71.160000
 3.480000,-123.520000,-77.310000
 25.420000,-120.960000,-80.500000
 44.200000,-122.900000,-73.490000
 54.070000,-129.040000,-56.690000
 55.150000,-133.480000,-38.610000
 44.580000,-133.070000,-24.590000
 29.900000,-127.190000,-13.960000
 24.740000,-117.800000,-11.030000
 26.110000,-104.300000,-14.740000
 29.320000,-89.480000,-21.990000
 32.000000,-76.410000,-28.470000
 28.640000,-68.400000,-35.200000
 19.870000,-64.250000,-41.340000
 10.490000,-62.210000,-44.000000
 1.910000,-61.960000,-41.290000
-3.700000,-61.940000,-34.380000
-3.160000,-59.680000,-26.420000
 7.500000,-55.980000,-20.200000
 23.370000,-54.540000,-16.990000
 34.060000,-55.400000,-15.580000
 34.350000,-56.790000,-17.450000
 25.290000,-57.650000,-25.760000
 10.510000,-56.300000,-37.540000
-3.530000,-53.060000,-44.590000
-13.570000,-46.720000,-42.140000
-17.240000,-37.640000,-31.190000
-15.460000,-26.110000,-14.830000
-10.260000,-12.740000, 2.220000
-5.480000, 0.790000, 14.220000
-5.190000, 11.290000, 18.610000
-9.080000, 18.460000, 16.160000
-9.540000, 21.060000, 10.120000
-5.610000, 20.550000, 4.060000
-1.910000, 17.730000,-1.610000
-1.930000, 14.380000,-5.130000
-5.130000, 10.220000,-4.550000
-7.990000, 8.040000,-1.310000
