-250.130000, 216.210000, 175.550000
-249.540000, 250.120000, 170.640000
-231.840000, 250.120000, 165.240000
-225.170000, 250.120000, 164.930000
-225.980000, 250.120000, 176.540000
-231.790000, 250.120000, 202.110000
-243.190000, 250.120000, 235.170000
-250.130000, 250.120000, 250.120000
-250.130000, 250.120000, 250.120000
-250.130000, 250.120000, 250.120000
-250.130000, 250.120000, 250.120000
-228.060000, 250.120000, 250.120000
-178.590000, 232.600000, 250.120000
-131.230000, 218.750000, 250.120000
-105.220000, 212.140000, 250.120000
-95.900000, 203.730000, 250.120000
-86.430000, 193.560000, 250.120000
-68.930000, 186.670000, 250.120000
-47.130000, 180.540000, 250.120000
-33.540000, 167.650000, 250.120000
-25.590000, 146.970000, 250.120000
-26.790000, 118.490000, 250.120000
-27.610000, 91.240000, 250.120000
-20.700000, 74.850000, 250.120000
-2.670000, 62.970000, 250.120000
 23.510000, 58.350000, 234.690000
 50.650000, 55.570000, 194.410000
 80.010000, 55.450000, 152.960000
 103.960000, 63.350000, 113.420000
 117.580000, 74.750000, 76.480000
 124.200000, 81.410000, 46.120000
 130.000000, 79.010000, 23.150000
 136.940000, 73.990000, 3.890000
 137.860000, 72.730000,-17.530000
 126.450000, 77.030000,-44.680000
 102.730000, 82.650000,-71.730000
 90.670000, 86.470000,-95.960000
 102.740000, 88.930000,-118.260000
 122.640000, 102.130000,-143.440000
 132.800000, 131.150000,-171.290000
 119.640000, 164.710000,-197.580000
 101.460000, 201.000000,-214.160000
 86.380000, 238.940000,-215.160000
-18.420000,-250.130000,-126.840000
 224.940000, 83.430000,-157.970000
 82.240000, 36.310000,-156.560000
-20.590000,-26.570000,-182.370000
-103.950000,-1.760000,-122.660000
-111.320000, 28.120000,-119.600000
-38.770000, 58.030000,-112.090000
-6.030000, 71.250000,-99.350000
 21.270000, 79.580000,-97.230000
 3.420000, 62.750000,-108.620000
 13.930000, 46.800000,-113.240000
 33.490000, 43.140000,-123.230000
 58.330000, 38.720000,-139.570000
 80.590000, 31.780000,-166.510000
 106.770000, 23.970000,-198.200000
 132.860000, 15.500000,-232.510000
 138.350000, 10.800000,-250.130000
 123.700000, 8.130000,-250.130000
 119.770000, 7.570000,-250.130000
 123.810000, 3.340000,-250.130000
 107.030000,-7.130000,-250.130000
 91.550000,-10.730000,-250.130000
 96.700000, 1.050000,-250.130000
 57.500000, 8.700000,-250.130000
-70.870000,-15.490000,-250.130000
-242.090000,-63.730000,-250.130000
-250.130000,-67.640000,-250.130000
-250.130000,-29.870000,-250.130000
-250.130000, 45.540000,-250.130000
-250.130000, 133.030000,-250.130000
-250.130000, 93.720000,-250.130000
-250.130000, 36.790000,-250.130000
-250.130000,-23.960000,-250.130000
-175.800000,-20.370000,-208.870000
-72.160000,-35.310000,-81.730000
-41.060000,-19.880000, 35.890000
 7.240000,-6.920000, 122.830000
 235.430000, 26.610000, 168.400000
 250.120000, 166.870000, 157.870000
 250.120000, 159.640000, 143.090000
 214.480000, 143.140000, 111.560000
 100.240000, 84.610000, 80.380000
-26.360000, 11.190000, 47.880000
-142.510000,-66.370000, 20.350000
-234.700000,-130.880000, 2.640000
-250.130000,-172.550000,-8.730000
-250.130000,-201.290000,-23.010000
-250.130000,-218.540000,-42.500000
-250.130000,-218.090000,-56.960000
-188.610000,-211.600000,-59.700000
-127.360000,-204.830000,-50.740000
-75.900000,-196.630000,-34.790000
-36.710000,-186.660000,-7.420000
-11.810000,-170.560000, 28.000000
 2.700000,-145.610000, 66.030000
-0.740000,-116.100000, 101.720000
-21.190000,-83.450000, 130.210000
-56.000000,-53.830000, 146.830000
-100.080000,-29.380000, 152.740000
-146.370000,-10.800000, 150.260000
-190.760000, 0.170000, 140.310000
-227.660000, 7.090000, 125.120000
-250.130000, 12.620000, 106.320000
-250.130000, 15.950000, 91.320000
-250.130000, 18.430000, 78.510000
-250.130000, 20.210000, 69.820000
-250.130000, 19.890000, 64.800000
-250.130000, 16.790000, 63.970000
-250.130000, 11.470000, 66.260000
-250.130000, 3.350000, 72.280000
-250.130000,-5.000000, 79.700000
-250.130000,-11.160000, 87.330000
-243.740000,-12.180000, 93.220000
-233.830000,-9.040000, 96.490000
-228.490000,-5.350000, 97.220000
-231.930000,-4.680000, 96.290000
-245.800000,-10.400000, 94.550000
-250.130000,-16.010000, 91.240000
-250.130000,-22.830000, 85.950000
-250.130000,-39.630000, 80.300000
-250.130000,-75.970000, 78.450000
-250.130000,-110.630000, 73.830000
-250.130000,-129.860000, 63.840000
-250.130000,-132.660000, 52.760000
-250.130000,-118.670000, 45.940000
-250.130000,-90.900000, 46.670000
-250.130000,-67.590000, 61.320000
-250.130000,-60.380000, 91.790000
-250.130000,-69.640000, 138.050000
-250.130000,-85.410000, 195.120000
-250.130000,-99.920000, 250.120000
-250.130000,-107.750000, 250.120000
-250.130000,-100.630000, 250.120000
-250.130000,-88.670000, 250.120000
-250.130000,-68.910000, 250.120000
-250.130000,-31.960000, 250.120000
-234.680000, 34.880000, 250.120000
-164.900000, 112.660000, 250.120000
-119.790000, 175.880000, 250.120000
-91.320000, 215.580000, 207.320000
-84.920000, 226.230000, 170.750000
-101.240000, 216.090000, 144.540000
-111.640000, 199.230000, 130.410000
-152.400000, 168.750000, 109.930000
-184.720000, 135.450000, 99.360000
-195.450000, 114.040000, 87.610000
-182.130000, 106.320000, 73.040000
-150.340000, 111.930000, 61.410000
-121.460000, 128.900000, 56.030000
-119.160000, 151.950000, 60.060000
-141.390000, 176.490000, 74.760000
-173.530000, 198.190000, 97.810000
-198.880000, 215.280000, 135.190000
-212.120000, 213.910000, 184.820000
-210.680000, 212.900000, 235.800000
-202.090000, 214.770000, 250.120000
-184.910000, 195.740000, 250.120000
-168.510000, 155.820000, 250.120000
-138.340000, 106.490000, 250.120000
-108.590000, 63.110000, 250.120000
-80.870000, 36.700000, 250.120000
-60.950000, 21.140000, 250.120000
-52.280000, 3.810000, 250.120000
-53.930000,-19.360000, 250.120000
-61.320000,-46.030000, 250.120000
-69.400000,-74.570000, 250.120000
-60.700000,-97.540000, 250.120000
-33.250000,-112.950000, 250.120000
 2.130000,-114.610000, 250.120000
 33.880000,-98.380000, 250.120000
 54.750000,-69.530000, 250.120000
 69.520000,-41.060000, 250.120000
 84.510000,-13.410000, 232.290000
 89.910000, 8.050000, 188.060000
 79.120000, 25.570000, 151.280000
 58.660000, 37.540000, 119.420000
 36.190000, 44.420000, 91.110000
 22.470000, 49.410000, 64.330000
 25.090000, 55.100000, 37.840000
 33.330000, 63.370000, 9.850000
 40.060000, 69.610000,-21.470000
 48.580000, 74.150000,-53.260000
 67.130000, 80.990000,-84.150000
 100.290000, 99.180000,-113.510000
 133.930000, 131.840000,-144.960000
 146.740000, 181.780000,-182.900000
 117.410000, 235.860000,-224.960000
 71.080000, 250.120000,-250.130000
 27.370000, 250.120000,-250.130000
 98.380000, 49.250000,-250.130000
 250.120000, 151.190000,-165.380000
 199.470000, 128.440000,-250.130000
-35.350000, 2.880000,-204.320000
 34.210000, 33.790000,-207.090000
 2.300000, 51.320000,-244.240000
-47.090000, 61.080000,-250.130000
 9.020000, 103.470000,-250.130000
 76.030000, 131.280000,-250.130000
 81.850000, 128.500000,-250.130000
 56.900000, 110.160000,-250.130000
 7.140000, 78.930000,-250.130000
-48.340000, 44.620000,-250.130000
-80.900000, 28.010000,-250.130000
-88.830000, 24.550000,-250.130000
-75.180000, 26.530000,-250.130000
-26.840000, 39.140000,-250.130000
 27.480000, 50.090000,-250.130000
 56.490000, 39.590000,-250.130000
 64.180000, 21.600000,-250.130000
 63.720000, 7.420000,-250.130000
 70.960000,-0.740000,-250.130000
 87.510000,-0.430000,-250.130000
 85.710000, 0.660000,-250.130000
 10.310000, 14.540000,-250.130000
-74.590000,-49.510000,-250.130000
-96.120000,-148.340000,-250.130000
-69.880000,-173.190000,-250.130000
-107.670000,-99.420000,-250.130000
-218.310000,-87.870000,-250.130000
-250.130000,-58.660000,-94.040000
-250.130000,-50.970000, 45.450000
-250.130000,-36.500000, 132.780000
-250.130000,-27.410000, 187.580000
-218.800000,-5.930000, 211.590000
-176.280000, 29.140000, 195.790000
-136.010000, 66.850000, 160.390000
-103.220000, 87.580000, 117.200000
-66.690000, 90.040000, 66.580000
-39.470000, 81.520000, 22.830000
-18.380000, 78.740000,-3.830000
-8.600000, 58.040000,-29.600000
-7.970000, 33.960000,-42.890000
-27.090000,-2.050000,-39.640000
-46.410000,-47.290000,-24.080000
-75.320000,-100.580000,-15.040000
-104.790000,-142.910000,-13.420000
-119.670000,-182.630000,-13.960000
-119.840000,-210.130000,-14.160000
-106.900000,-226.950000,-14.320000
-77.760000,-238.870000,-10.280000
-30.260000,-248.680000, 7.420000
 41.920000,-250.130000, 45.270000
 127.170000,-239.610000, 92.410000
 186.810000,-202.190000, 133.800000
 215.860000,-144.800000, 169.830000
 211.160000,-78.510000, 193.190000
 179.320000,-15.030000, 203.260000
 130.740000, 37.750000, 202.780000
 73.980000, 70.220000, 197.320000
 12.650000, 77.160000, 193.030000
-51.870000, 63.800000, 189.790000
-113.680000, 38.860000, 186.270000
-166.490000, 9.420000, 180.880000
-205.420000,-15.890000, 172.320000
-226.060000,-31.870000, 160.640000
-225.220000,-35.670000, 146.820000
-208.830000,-28.030000, 130.800000
-185.340000,-10.260000, 112.970000
-161.680000, 12.270000, 94.510000
-144.050000, 33.600000, 76.220000
-135.810000, 49.350000, 60.580000
-140.660000, 57.800000, 48.600000
-151.270000, 60.040000, 39.500000
-158.920000, 55.270000, 31.920000
-192.150000, 25.770000, 30.060000
-245.230000,-14.010000, 34.040000
-250.130000,-32.840000, 28.920000
-250.130000,-30.830000, 15.030000
-250.130000,-9.110000, 9.150000
-250.130000, 26.220000, 13.260000
-250.130000, 68.730000, 31.260000
-250.130000, 96.870000, 63.310000
-250.130000, 104.770000, 108.290000
-250.130000, 94.240000, 155.800000
-250.130000, 77.570000, 200.570000
-250.130000, 57.060000, 238.930000
-250.130000, 42.990000, 250.120000
-250.130000, 50.490000, 250.120000
-250.130000, 75.770000, 250.120000
-250.130000, 109.680000, 250.120000
-250.130000, 142.120000, 215.750000
-203.200000, 165.460000, 178.390000
-153.930000, 177.130000, 145.090000
-149.830000, 168.640000, 119.610000
-187.110000, 142.520000, 110.970000
-237.410000, 104.290000, 109.830000
-250.130000, 63.840000, 102.760000
-250.130000, 32.380000, 88.080000
-250.130000, 18.820000, 72.180000
-250.130000, 27.000000, 60.690000
-239.480000, 45.920000, 54.770000
-196.200000, 76.000000, 50.640000
-163.870000, 106.340000, 47.090000
-149.190000, 132.520000, 45.000000
-158.110000, 144.400000, 48.480000
-184.100000, 141.620000, 58.570000
-210.360000, 130.350000, 76.750000
-221.740000, 121.910000, 97.970000
-212.140000, 129.890000, 116.610000
-214.300000, 142.980000, 133.060000
-250.130000, 144.010000, 150.320000
-250.130000, 149.680000, 173.660000
-250.130000, 168.430000, 199.720000
-250.130000, 198.900000, 221.810000
-250.130000, 225.640000, 242.760000
-250.130000, 233.410000, 250.120000
-250.130000, 223.070000, 250.120000
-250.130000, 198.230000, 250.120000
-250.130000, 155.580000, 250.120000
-217.140000, 114.500000, 250.120000
-131.390000, 102.400000, 250.120000
-48.010000, 110.450000, 250.120000
 0.410000, 109.950000, 250.120000
 11.910000, 102.150000, 250.120000
 12.190000, 84.670000, 250.120000
 15.640000, 59.960000, 250.120000
 23.090000, 37.620000, 250.120000
 32.410000, 20.350000, 250.120000
 37.730000,-0.320000, 250.120000
 37.900000,-23.930000, 250.120000
 43.940000,-44.870000, 250.120000
 61.010000,-57.760000, 250.120000
 85.190000,-55.900000, 250.120000
 111.640000,-46.600000, 250.120000
 138.120000,-33.810000, 250.120000
 152.220000,-23.670000, 250.120000
 144.920000,-19.690000, 190.030000
 129.020000,-21.990000, 131.730000
 115.360000,-20.720000, 78.400000
 104.130000,-12.000000, 28.880000
 88.150000, 1.640000,-18.640000
 65.640000, 13.640000,-66.380000
 49.000000, 29.990000,-109.250000
 60.540000, 68.330000,-148.340000
 88.790000, 115.890000,-182.910000
 100.870000, 180.800000,-210.490000
 59.620000, 250.120000,-234.290000
-6.990000, 250.120000,-239.960000
-37.430000, 250.120000,-234.350000
 250.120000, 250.120000, 22.690000
 154.650000,-111.780000,-238.840000
-134.060000,-40.860000,-76.350000
-188.260000,-99.670000,-58.870000
-239.310000,-38.620000,-92.480000
-161.740000, 30.160000,-63.330000
-51.910000, 71.130000,-59.540000
 13.200000, 78.870000,-47.120000
 16.620000, 63.860000,-29.000000
 5.310000, 46.550000,-17.080000
-0.050000, 35.490000,-5.810000
-2.990000, 29.350000, 7.630000
 4.840000, 29.540000, 17.270000
 28.080000, 36.210000, 16.580000
 46.830000, 42.620000, 3.320000
 61.970000, 41.650000,-16.780000
 81.520000, 41.130000,-39.030000
 113.220000, 40.760000,-60.110000
 152.930000, 41.640000,-75.450000
 185.790000, 39.370000,-92.870000
 192.930000, 29.190000,-115.930000
 165.320000, 8.050000,-140.660000
 103.740000,-13.830000,-170.950000
 53.670000,-31.680000,-204.290000
 47.380000,-34.910000,-245.060000
 100.410000,-22.880000,-250.130000
 157.170000,-11.930000,-250.130000
 166.340000,-0.630000,-250.130000
 95.900000, 10.960000,-250.130000
-4.370000, 20.810000,-250.130000
-71.480000, 37.620000,-250.130000
-98.660000, 68.430000,-250.130000
-130.030000, 91.610000,-250.130000
-185.100000, 94.270000,-250.130000
-204.160000, 101.670000,-250.130000
-157.360000, 132.680000,-250.130000
-95.060000, 172.870000,-250.130000
-106.090000, 183.320000,-250.130000
-182.810000, 143.600000,-250.130000
-250.130000, 89.040000,-250.130000
-250.130000, 56.110000,-250.130000
-250.130000, 42.830000,-250.130000
-250.130000, 33.600000,-250.130000
-250.130000, 32.810000,-250.130000
-250.130000, 33.900000,-250.130000
-231.800000, 28.060000,-250.130000
-169.740000, 15.590000,-202.730000
-111.230000, 5.460000,-139.660000
-15.020000, 11.450000,-69.350000
 109.360000, 29.270000,-11.060000
 113.370000, 33.930000, 36.160000
 69.190000, 5.000000, 68.940000
 25.960000,-19.000000, 76.790000
-14.320000,-42.970000, 70.200000
-55.300000,-67.240000, 55.170000
-96.540000,-84.780000, 33.570000
-128.610000,-89.520000, 9.980000
-146.290000,-86.160000,-11.630000
-154.900000,-78.950000,-28.450000
-163.030000,-75.220000,-37.410000
-173.680000,-74.540000,-38.350000
-185.580000,-79.460000,-29.680000
-190.640000,-86.110000,-9.550000
-184.090000,-89.350000, 16.930000
-171.410000,-85.240000, 41.880000
-159.270000,-73.880000, 61.350000
-153.260000,-59.350000, 75.090000
-156.160000,-45.010000, 83.180000
-164.870000,-34.100000, 87.400000
-175.860000,-25.930000, 89.260000
-184.660000,-22.460000, 90.350000
-189.540000,-21.770000, 89.540000
-190.350000,-21.930000, 87.590000
-191.650000,-19.960000, 82.470000
-196.040000,-18.050000, 74.640000
-202.700000,-15.900000, 65.300000
-213.120000,-16.080000, 55.490000
-227.220000,-19.840000, 47.190000
-232.240000,-22.260000, 40.540000
-225.510000,-21.470000, 36.740000
-222.230000,-17.480000, 35.080000
-238.700000,-19.010000, 37.120000
-250.130000,-25.920000, 41.970000
-250.130000,-30.210000, 49.720000
-250.130000,-32.880000, 60.190000
-250.130000,-26.430000, 71.490000
-250.130000,-14.090000, 82.110000
-250.130000, 3.710000, 91.380000
-250.130000, 21.620000, 100.980000
-250.130000, 34.120000, 110.390000
-250.130000, 38.530000, 120.100000
-250.130000, 37.480000, 132.930000
-250.130000, 34.690000, 148.090000
-250.130000, 34.580000, 163.580000
-250.130000, 38.630000, 176.800000
-250.130000, 43.380000, 186.230000
-250.130000, 49.400000, 191.190000
-250.130000, 55.120000, 191.600000
-250.130000, 60.250000, 188.580000
-239.280000, 64.900000, 182.630000
-221.050000, 71.040000, 176.470000
-204.250000, 80.190000, 170.590000
-191.240000, 89.300000, 165.040000
-182.270000, 101.450000, 162.590000
-184.950000, 106.830000, 162.490000
-197.890000, 106.540000, 164.230000
-220.250000, 99.190000, 168.320000
-246.290000, 87.580000, 173.970000
-250.130000, 75.220000, 179.230000
-250.130000, 74.950000, 180.630000
-223.290000, 85.930000, 178.110000
-176.380000, 106.030000, 173.820000
-140.960000, 124.220000, 172.710000
-130.540000, 132.140000, 178.130000
-139.220000, 132.640000, 190.480000
-153.510000, 130.540000, 204.370000
-153.350000, 130.030000, 219.470000
-126.200000, 133.840000, 237.040000
-84.640000, 140.900000, 250.120000
-47.850000, 152.350000, 250.120000
-34.290000, 163.420000, 250.120000
-31.700000, 173.090000, 250.120000
-29.800000, 171.150000, 250.120000
-19.830000, 167.050000, 250.120000
-2.720000, 164.410000, 250.120000
 11.920000, 156.300000, 250.120000
 26.900000, 142.320000, 250.120000
 38.930000, 119.780000, 250.120000
 50.660000, 94.050000, 250.120000
 63.400000, 75.120000, 250.120000
 71.090000, 62.220000, 250.120000
 74.250000, 47.800000, 250.120000
 77.370000, 30.150000, 250.120000
 80.800000, 10.340000, 250.120000
 87.600000,-2.290000, 250.120000
 91.380000,-6.530000, 250.120000
 98.580000,-1.730000, 250.120000
 108.720000, 6.280000, 250.120000
 118.660000, 13.480000, 223.930000
 119.930000, 15.960000, 184.160000
 118.930000, 12.240000, 142.210000
 115.740000, 6.250000, 100.700000
 120.320000, 4.220000, 60.000000
 132.900000, 11.730000, 18.880000
 146.970000, 27.580000,-18.000000
 152.850000, 46.030000,-51.420000
 140.860000, 58.800000,-83.260000
 117.870000, 66.200000,-114.960000
 114.450000, 89.870000,-143.160000
 134.070000, 148.470000,-168.890000
 134.700000, 218.430000,-192.640000
 93.920000, 250.120000,-210.000000
 39.230000, 250.120000,-220.650000
 7.480000, 250.120000,-224.120000
 250.120000,-250.130000,-69.470000
 75.100000, 15.400000,-250.130000
 132.250000, 82.410000,-106.210000
-116.310000, 4.140000,-79.640000
-40.900000, 13.490000,-51.960000
-134.670000, 38.430000,-36.970000
-107.280000, 59.220000,-28.450000
-39.530000, 66.930000,-27.460000
-4.800000, 58.280000,-21.790000
-9.080000, 44.820000,-15.540000
-19.940000, 40.840000,-12.800000
-24.320000, 41.350000,-14.840000
-9.240000, 48.410000,-17.090000
 12.390000, 59.190000,-23.820000
 28.320000, 67.940000,-37.030000
 43.800000, 74.600000,-58.710000
 60.910000, 79.190000,-82.220000
 81.580000, 83.910000,-107.140000
 110.350000, 88.980000,-132.630000
 145.250000, 90.670000,-156.350000
 174.130000, 87.290000,-180.870000
 171.430000, 72.480000,-208.400000
 135.100000, 55.810000,-242.490000
 84.540000, 38.450000,-250.130000
 29.640000, 31.160000,-250.130000
 43.070000, 48.350000,-250.130000
 113.700000, 76.090000,-250.130000
 170.750000, 102.580000,-250.130000
 170.250000, 125.680000,-250.130000
 79.880000, 140.830000,-250.130000
-64.850000, 155.070000,-250.130000
-193.080000, 181.410000,-250.130000
-247.910000, 228.350000,-250.130000
-250.130000, 250.120000,-250.130000
-250.130000, 250.120000,-250.130000
-250.130000, 229.190000,-250.130000
-250.130000, 187.050000,-250.130000
-250.130000, 149.530000,-250.130000
-250.130000, 104.170000,-236.620000
-250.130000, 62.880000,-191.550000
-250.130000, 38.620000,-147.680000
-250.130000, 26.290000,-111.870000
-240.250000, 21.780000,-84.830000
-223.360000, 21.180000,-63.740000
-210.220000, 21.840000,-49.350000
-200.130000, 18.750000,-40.670000
-193.810000, 14.020000,-39.560000
-197.310000,-2.850000,-38.770000
-202.870000,-23.410000,-37.560000
-204.380000,-43.210000,-34.310000
-193.910000,-55.000000,-27.040000
-170.930000,-56.560000,-17.150000
-138.910000,-49.510000,-8.590000
-105.760000,-38.640000,-2.110000
-70.730000,-28.540000, 3.570000
-39.910000,-21.600000, 7.260000
-14.040000,-15.830000, 9.210000
 5.900000,-15.290000, 10.980000
 20.800000,-17.720000, 11.700000
 33.420000,-20.600000, 14.020000
 41.100000,-24.010000, 12.590000
 44.480000,-27.120000, 7.720000
 43.450000,-27.210000,-0.470000
 38.170000,-23.070000,-11.490000
 28.990000,-18.970000,-24.250000
 18.000000,-15.390000,-37.580000
 4.900000,-12.700000,-49.210000
-10.780000,-8.810000,-57.090000
-31.650000,-5.640000,-60.870000
-59.810000,-5.000000,-59.950000
-96.610000,-7.960000,-54.820000
-137.480000,-14.030000,-44.000000
-175.830000,-23.370000,-26.960000
-209.030000,-35.480000,-7.440000
-233.270000,-45.380000, 11.020000
-248.550000,-52.090000, 25.160000
-250.130000,-53.420000, 35.000000
-250.130000,-52.450000, 39.350000
-250.130000,-51.270000, 40.780000
-247.920000,-50.790000, 41.800000
-238.140000,-52.330000, 43.290000
-226.200000,-57.120000, 46.350000
-212.450000,-61.670000, 51.630000
-202.580000,-64.330000, 57.290000
-215.920000,-72.160000, 62.900000
-244.250000,-79.210000, 69.990000
-250.130000,-82.780000, 78.200000
-250.130000,-84.020000, 85.770000
-250.130000,-82.290000, 92.930000
-250.130000,-78.580000, 99.080000
-250.130000,-73.330000, 102.650000
-244.150000,-64.270000, 105.830000
-224.370000,-50.910000, 106.080000
-217.960000,-37.940000, 106.660000
-222.030000,-31.560000, 112.510000
-230.800000,-31.060000, 118.390000
-239.710000,-36.220000, 125.390000
-240.160000,-40.060000, 134.000000
-229.800000,-36.980000, 143.300000
-212.480000,-26.380000, 148.050000
-191.590000,-9.330000, 148.530000
-170.110000, 12.500000, 144.790000
-149.770000, 34.500000, 138.760000
-134.250000, 53.220000, 132.350000
-129.660000, 66.560000, 126.820000
-136.740000, 73.530000, 122.490000
-152.450000, 75.630000, 119.180000
-167.610000, 75.900000, 114.460000
-171.790000, 79.090000, 106.410000
-171.160000, 83.290000, 97.990000
-171.060000, 88.480000, 86.060000
-173.480000, 88.510000, 74.160000
-178.440000, 88.480000, 62.810000
-173.170000, 90.060000, 51.590000
-154.770000, 101.960000, 41.000000
-147.320000, 112.290000, 32.300000
-162.630000, 119.980000, 28.920000
-193.470000, 121.340000, 32.130000
-225.130000, 116.890000, 44.440000
-249.630000, 103.960000, 62.980000
-250.130000, 93.660000, 85.350000
-250.130000, 98.270000, 108.270000
-241.870000, 114.700000, 137.410000
-222.850000, 133.700000, 172.030000
-209.190000, 145.090000, 212.530000
-199.950000, 148.190000, 250.120000
-185.950000, 142.160000, 250.120000
-157.820000, 131.740000, 250.120000
-131.740000, 130.140000, 250.120000
-106.670000, 126.920000, 250.120000
-74.710000, 116.740000, 250.120000
-56.530000, 109.040000, 250.120000
-67.570000, 95.460000, 250.120000
-94.040000, 80.530000, 250.120000
-122.290000, 55.460000, 250.120000
-136.180000, 20.430000, 250.120000
-124.250000,-13.930000, 250.120000
-80.350000,-32.540000, 250.120000
-18.940000,-30.440000, 250.120000
 27.840000,-9.590000, 250.120000
 50.170000, 18.340000, 250.120000
 61.350000, 36.890000, 250.120000
 72.190000, 44.460000, 250.120000
 80.830000, 46.710000, 250.120000
 81.590000, 45.800000, 231.580000
 75.150000, 46.520000, 203.080000
 61.130000, 44.040000, 170.310000
 45.070000, 37.870000, 133.800000
 33.250000, 30.080000, 97.310000
 34.520000, 24.170000, 64.660000
 51.900000, 20.820000, 33.300000
 77.900000, 21.200000, 3.720000
 103.700000, 30.100000,-28.130000
 120.560000, 46.300000,-64.270000
 134.110000, 66.770000,-102.090000
 151.450000, 92.550000,-133.610000
 154.970000, 146.880000,-160.840000
 110.950000, 211.610000,-190.700000
 60.170000, 250.120000,-214.950000
 48.840000, 250.120000,-238.000000
 250.120000,-250.130000,-125.580000
 250.120000, 157.430000,-241.220000
 173.570000, 30.040000,-81.490000
-250.130000,-75.060000,-45.500000
-135.950000,-60.610000,-43.250000
-207.040000,-2.640000,-19.690000
-116.810000, 41.430000,-21.000000
-34.590000, 69.380000,-22.850000
-0.800000, 71.120000,-15.160000
 3.620000, 56.780000,-7.240000
-18.320000, 34.430000,-3.510000
-19.680000, 28.790000,-0.240000
-14.900000, 30.800000, 4.660000
-4.510000, 33.790000, 6.700000
 12.270000, 39.540000, 4.340000
 30.750000, 53.430000,-5.790000
 45.050000, 66.840000,-21.310000
 58.350000, 75.290000,-34.700000
 68.240000, 69.600000,-42.540000
 76.870000, 52.380000,-49.900000
 65.250000, 32.270000,-66.250000
 62.060000, 11.770000,-81.700000
 56.490000, 4.540000,-104.430000
 59.410000, 5.180000,-129.280000
 72.120000, 11.770000,-156.820000
 96.310000, 23.890000,-185.480000
 122.280000, 34.340000,-214.360000
 142.580000, 39.320000,-245.000000
 145.040000, 37.180000,-250.130000
 133.040000, 36.670000,-250.130000
 131.610000, 41.670000,-250.130000
 116.940000, 53.080000,-250.130000
 79.470000, 49.040000,-250.130000
 50.640000, 33.350000,-250.130000
 29.830000, 13.380000,-250.130000
 21.220000, 18.350000,-250.130000
-7.700000, 70.860000,-209.660000
-52.190000, 69.570000,-121.190000
-140.540000, 69.770000,-68.660000
-171.280000, 71.470000,-26.230000
-153.280000, 81.760000, 0.340000
-122.220000, 93.220000, 14.750000
-102.510000, 99.690000, 17.440000
-103.740000, 101.410000, 13.160000
-114.260000, 101.190000, 8.120000
-128.000000, 98.260000, 2.030000
-140.250000, 94.740000,-3.510000
-137.920000, 95.810000,-10.800000
-111.910000, 104.700000,-21.610000
-78.020000, 115.930000,-35.530000
-58.050000, 120.960000,-50.170000
-62.540000, 118.220000,-63.610000
-87.350000, 106.180000,-73.970000
-104.610000, 91.490000,-84.770000
-96.200000, 84.700000,-96.950000
-69.320000, 85.160000,-108.730000
-41.180000, 88.760000,-119.420000
-33.490000, 92.630000,-126.790000
-48.350000, 89.220000,-129.150000
-75.170000, 88.160000,-129.210000
-89.610000, 88.930000,-132.220000
-89.630000, 97.170000,-136.120000
-86.640000, 106.770000,-141.750000
-91.010000, 112.830000,-144.770000
-109.540000, 113.440000,-143.440000
-142.080000, 110.480000,-137.030000
-180.160000, 105.490000,-128.180000
-216.610000, 100.060000,-118.660000
-245.640000, 92.450000,-109.800000
-250.130000, 79.900000,-102.550000
-250.130000, 63.640000,-96.320000
-250.130000, 50.240000,-91.740000
-250.130000, 40.300000,-89.250000
-236.290000, 35.600000,-89.160000
-217.380000, 33.190000,-91.950000
-202.610000, 33.550000,-95.680000
-194.350000, 32.470000,-100.080000
-191.390000, 28.320000,-102.840000
-192.160000, 19.480000,-101.190000
-193.760000, 11.500000,-93.470000
-196.950000, 3.830000,-80.350000
-200.360000,-2.940000,-63.200000
-202.480000,-9.350000,-42.490000
-202.190000,-15.280000,-19.140000
-198.460000,-19.390000, 4.560000
-194.350000,-20.640000, 26.690000
-190.450000,-19.460000, 46.850000
-189.000000,-17.260000, 62.670000
-187.810000,-16.050000, 73.540000
-185.150000,-17.500000, 80.580000
-179.500000,-18.560000, 83.860000
-173.080000,-19.000000, 83.420000
-166.430000,-18.230000, 79.900000
-156.350000,-15.180000, 72.370000
-140.240000,-10.420000, 63.090000
-124.360000,-5.030000, 52.840000
-111.700000,-1.350000, 42.230000
-116.720000,-2.340000, 32.650000
-156.480000,-14.140000, 27.060000
-206.890000,-29.940000, 24.430000
-243.240000,-41.180000, 22.540000
-250.130000,-45.850000, 19.110000
-244.460000,-43.900000, 15.480000
-221.220000,-35.660000, 13.080000
-197.360000,-27.930000, 12.470000
-176.530000,-24.190000, 16.350000
-161.480000,-22.970000, 24.410000
-158.040000,-23.300000, 37.280000
-165.090000,-21.220000, 53.850000
-179.190000,-14.620000, 71.320000
-192.510000,-2.600000, 86.690000
-200.920000, 10.560000, 98.270000
-202.670000, 23.320000, 105.930000
-199.020000, 33.080000, 112.400000
-198.740000, 36.680000, 118.250000
-204.990000, 37.300000, 122.350000
-215.200000, 37.380000, 123.490000
-225.610000, 38.030000, 121.800000
-229.220000, 40.480000, 118.090000
-223.730000, 46.030000, 114.170000
-210.960000, 53.010000, 109.450000
-194.960000, 60.970000, 105.390000
-179.410000, 67.530000, 102.010000
-170.310000, 73.800000, 102.450000
-172.030000, 77.120000, 100.470000
-179.980000, 78.670000, 100.000000
-191.380000, 79.250000, 99.910000
-203.930000, 79.610000, 98.210000
-211.460000, 80.500000, 95.250000
-209.580000, 83.570000, 90.800000
-200.420000, 86.450000, 86.290000
-191.090000, 95.530000, 82.780000
-185.480000, 102.260000, 81.950000
-188.030000, 108.350000, 83.030000
-196.140000, 111.940000, 87.600000
-200.740000, 116.250000, 95.670000
-193.810000, 122.350000, 106.590000
-179.730000, 131.630000, 117.280000
-167.510000, 140.350000, 131.220000
-161.610000, 146.470000, 149.610000
-157.830000, 157.440000, 171.740000
-165.240000, 156.500000, 198.100000
-178.100000, 132.530000, 234.380000
-181.180000, 101.510000, 250.120000
-165.730000, 76.890000, 250.120000
-137.280000, 57.380000, 250.120000
-104.190000, 38.870000, 250.120000
-66.880000, 29.990000, 250.120000
-40.520000, 31.610000, 250.120000
-30.990000, 34.670000, 250.120000
-38.190000, 32.310000, 250.120000
-52.270000, 17.580000, 250.120000
-62.680000,-2.740000, 250.120000
-66.160000,-23.980000, 250.120000
-60.370000,-45.460000, 250.120000
-44.950000,-58.940000, 250.120000
-19.650000,-64.530000, 250.120000
 8.120000,-65.340000, 250.120000
 27.760000,-54.520000, 250.120000
 43.120000,-34.070000, 250.120000
 61.830000,-11.290000, 250.120000
 85.240000, 12.190000, 239.300000
 101.200000, 32.060000, 195.480000
 103.350000, 40.690000, 155.280000
 97.480000, 40.230000, 117.380000
 93.490000, 36.610000, 81.710000
 98.120000, 36.970000, 48.350000
 111.200000, 44.400000, 17.530000
 139.790000, 62.020000,-11.850000
 168.640000, 82.670000,-41.060000
 176.450000, 101.290000,-72.760000
 168.600000, 127.340000,-103.500000
 143.740000, 175.950000,-133.700000
 98.540000, 233.800000,-157.380000
 50.900000, 250.120000,-173.160000
 12.000000, 250.120000,-188.760000
-13.380000, 250.120000,-209.650000
 250.120000, 216.590000,-122.230000
 250.120000, 43.580000,-138.410000
-147.390000,-55.580000,-61.120000
-109.580000,-37.540000,-8.440000
-148.830000, 7.260000,-19.410000
-124.660000, 57.470000,-19.530000
-42.320000, 77.100000,-33.000000
 9.090000, 74.380000,-28.610000
-0.240000, 55.000000,-14.100000
-17.720000, 33.250000,-2.090000
-9.420000, 22.780000, 4.160000
 10.590000, 24.840000, 8.220000
 31.760000, 35.700000, 9.330000
 48.460000, 47.540000, 6.320000
 52.940000, 55.460000,-0.580000
 46.870000, 61.050000,-11.460000
 33.570000, 64.160000,-27.540000
 25.160000, 68.000000,-49.330000
 49.490000, 78.930000,-75.740000
 86.990000, 98.160000,-104.350000
 123.380000, 112.290000,-136.210000
 157.030000, 117.290000,-166.350000
 177.910000, 113.910000,-187.970000
 148.060000, 98.640000,-210.540000
 103.490000, 67.900000,-221.240000
 52.200000, 42.780000,-232.010000
 31.350000, 21.980000,-242.600000
 64.100000, 18.360000,-250.130000
 114.530000, 18.290000,-250.130000
 145.640000, 9.410000,-250.130000
 126.380000, 1.840000,-250.130000
 57.830000, 3.220000,-250.130000
-4.810000, 21.660000,-250.130000
 3.790000, 55.030000,-250.130000
 17.370000, 80.530000,-250.130000
-32.960000, 73.190000,-250.130000
-139.980000, 45.710000,-250.130000
-216.240000, 12.350000,-250.130000
-243.450000, 6.900000,-250.130000
-214.440000, 31.490000,-250.130000
-182.930000, 45.910000,-250.130000
-163.030000, 57.570000,-250.130000
-156.520000, 62.070000,-250.130000
-158.140000, 63.350000,-250.130000
-167.740000, 61.580000,-250.130000
-182.070000, 55.140000,-250.130000
-194.350000, 45.490000,-250.130000
-200.580000, 32.690000,-238.350000
-201.870000, 18.190000,-210.670000
-190.790000, 3.590000,-175.230000
-161.830000,-4.990000,-133.370000
-116.710000,-2.670000,-91.480000
-69.320000, 8.610000,-55.590000
-31.320000, 23.020000,-26.770000
-9.540000, 37.530000,-7.340000
-7.830000, 46.290000, 3.510000
-25.090000, 46.200000, 9.250000
-56.290000, 37.850000, 13.480000
-96.620000, 21.620000, 18.140000
-138.040000, 0.820000, 23.490000
-174.890000,-20.450000, 27.610000
-208.220000,-41.580000, 30.890000
-234.290000,-58.960000, 33.870000
-248.300000,-67.470000, 33.350000
-250.130000,-70.060000, 29.320000
-245.030000,-70.280000, 24.420000
-229.290000,-69.740000, 21.430000
-202.760000,-66.960000, 21.970000
-169.450000,-63.170000, 27.470000
-133.610000,-57.860000, 35.650000
-102.280000,-52.420000, 45.350000
-79.170000,-46.860000, 55.410000
-63.610000,-41.420000, 64.290000
-57.220000,-34.570000, 72.230000
-59.100000,-25.640000, 79.090000
-67.970000,-15.740000, 83.980000
-82.950000,-7.530000, 87.380000
-100.410000,-3.670000, 89.120000
-117.480000,-2.930000, 89.400000
-130.930000,-3.210000, 88.320000
-139.480000,-2.610000, 86.870000
-144.910000,-1.020000, 83.090000
-148.830000, 2.210000, 77.120000
-154.210000, 5.800000, 68.410000
-162.190000, 8.370000, 58.480000
-171.470000, 9.750000, 47.970000
-181.160000, 9.280000, 37.450000
-189.420000, 8.470000, 27.330000
-193.160000, 9.120000, 18.980000
-196.390000, 9.190000, 12.040000
-206.060000, 5.480000, 8.830000
-222.750000, 0.380000, 8.790000
-240.120000,-4.910000, 11.720000
-250.130000,-9.880000, 15.990000
-250.130000,-12.190000, 20.430000
-250.130000,-9.460000, 24.450000
-237.140000,-3.720000, 26.540000
-224.180000, 2.070000, 26.800000
-225.530000, 3.360000, 26.940000
-243.350000,-2.220000, 30.770000
-250.130000,-12.120000, 41.010000
-250.130000,-22.110000, 55.640000
-250.130000,-27.510000, 69.030000
-250.130000,-26.830000, 75.630000
-250.130000,-22.260000, 75.540000
-234.430000,-14.510000, 73.090000
-208.580000,-3.040000, 69.890000
-179.600000, 10.400000, 66.830000
-152.190000, 23.670000, 64.170000
-132.520000, 35.240000, 61.660000
-126.290000, 43.840000, 58.290000
-132.800000, 47.320000, 56.460000
-144.850000, 45.680000, 54.340000
-158.600000, 43.050000, 52.510000
-175.360000, 41.360000, 51.750000
-188.440000, 43.410000, 51.680000
-195.990000, 50.510000, 55.720000
-201.890000, 60.710000, 65.180000
-209.880000, 71.410000, 78.120000
-222.020000, 82.430000, 93.020000
-233.510000, 92.530000, 107.320000
-246.010000, 107.660000, 122.610000
-250.130000, 123.340000, 142.230000
-250.130000, 134.380000, 176.800000
-250.130000, 132.110000, 232.000000
-250.130000, 118.140000, 250.120000
-250.130000, 111.310000, 250.120000
-250.130000, 110.610000, 250.120000
-250.130000, 105.780000, 250.120000
-179.140000, 94.090000, 250.120000
-113.160000, 81.140000, 250.120000
-83.260000, 55.620000, 250.120000
-85.040000, 20.900000, 250.120000
-93.640000,-5.320000, 250.120000
-99.200000,-21.500000, 250.120000
-95.310000,-35.110000, 250.120000
-80.700000,-45.980000, 250.120000
-65.470000,-55.440000, 250.120000
-47.660000,-61.450000, 250.120000
-19.820000,-61.350000, 250.120000
 8.300000,-59.270000, 250.120000
 37.210000,-54.410000, 250.120000
 63.180000,-44.340000, 250.120000
 83.580000,-27.910000, 250.120000
 101.210000,-8.580000, 250.120000
 121.640000, 14.960000, 231.600000
 149.640000, 38.190000, 186.740000
 179.350000, 61.980000, 145.610000
 207.000000, 85.710000, 107.990000
 234.490000, 112.870000, 69.730000
 250.120000, 142.910000, 33.750000
 250.120000, 172.710000,-1.120000
 250.120000, 206.200000,-32.040000
 250.120000, 234.160000,-57.920000
 250.120000, 250.120000,-78.460000
 244.410000, 250.120000,-97.060000
 221.380000, 250.120000,-122.510000
 187.680000, 250.120000,-156.810000
 141.210000, 250.120000,-192.250000
-15.080000,-250.130000, 2.970000
 151.460000, 167.090000,-123.610000
 220.800000, 157.290000,-124.610000
-160.560000,-23.610000,-86.960000
-80.360000, 16.270000, 3.170000
-82.200000, 64.360000, 0.440000
 3.000000, 93.990000, 11.310000
 92.510000, 110.090000, 3.930000
 79.730000, 85.900000, 6.380000
 35.380000, 66.620000, 9.290000
 24.630000, 57.480000, 10.580000
 35.600000, 56.090000, 8.160000
 51.770000, 63.270000, 1.860000
 64.750000, 70.800000,-6.580000
 76.710000, 76.810000,-20.450000
 83.240000, 82.400000,-37.450000
 84.180000, 78.740000,-51.470000
 83.940000, 62.270000,-56.760000
 87.470000, 41.650000,-56.400000
 59.680000, 14.610000,-67.820000
 39.870000,-19.900000,-73.280000
 22.960000,-39.890000,-83.840000
 19.750000,-50.930000,-99.340000
 18.710000,-46.940000,-120.570000
 12.460000,-23.870000,-148.830000
-6.040000, 6.580000,-184.420000
-27.230000, 33.470000,-222.900000
-36.600000, 55.760000,-250.130000
-28.270000, 80.350000,-250.130000
-0.130000, 106.920000,-250.130000
 41.060000, 139.060000,-250.130000
 67.600000, 170.570000,-250.130000
 58.320000, 196.250000,-250.130000
-1.340000, 204.830000,-250.130000
-78.020000, 196.120000,-250.130000
-116.900000, 192.960000,-250.130000
-133.800000, 178.110000,-250.130000
-171.000000, 155.120000,-250.130000
-219.850000, 115.930000,-250.130000
-250.130000, 97.210000,-250.130000
-250.130000, 96.400000,-250.130000
-250.130000, 96.690000,-250.130000
-250.130000, 53.060000,-250.130000
-250.130000, 19.190000,-250.130000
-229.670000, 6.230000,-250.130000
-153.450000, 12.930000,-164.950000
-72.800000, 27.380000,-57.490000
 15.310000, 36.290000, 39.930000
 92.830000, 58.560000, 98.650000
 148.830000, 72.870000, 124.380000
 176.250000, 78.880000, 126.800000
 176.960000, 73.440000, 114.400000
 153.750000, 56.850000, 93.270000
 118.370000, 40.640000, 68.590000
 71.740000, 26.030000, 42.770000
 21.380000, 12.140000, 17.060000
-26.290000, 1.280000,-6.010000
-72.660000,-5.830000,-26.740000
-117.250000,-9.000000,-45.870000
-155.400000,-14.660000,-59.670000
-186.360000,-25.180000,-64.420000
-209.720000,-41.900000,-58.400000
-222.140000,-59.770000,-43.570000
-221.590000,-77.720000,-23.490000
-207.320000,-90.120000,-2.090000
-181.790000,-96.510000, 16.290000
-149.640000,-96.090000, 31.830000
-113.960000,-89.000000, 44.170000
-79.970000,-73.490000, 52.890000
-48.700000,-59.280000, 60.380000
-22.210000,-40.450000, 65.410000
-3.290000,-21.870000, 71.620000
 4.740000,-4.230000, 77.480000
 0.350000, 11.030000, 82.430000
-13.820000, 23.910000, 86.980000
-34.410000, 33.900000, 90.060000
-59.220000, 40.480000, 92.350000
-84.500000, 42.190000, 94.980000
-109.830000, 38.740000, 96.240000
-131.390000, 32.550000, 96.330000
-147.810000, 25.960000, 92.660000
-158.860000, 20.750000, 85.360000
-164.290000, 17.670000, 74.370000
-165.340000, 16.760000, 59.180000
-161.150000, 19.080000, 41.430000
-153.910000, 26.100000, 23.370000
-148.280000, 34.670000, 8.700000
-148.090000, 42.120000,-1.990000
-159.220000, 45.420000,-8.890000
-183.010000, 45.530000,-11.900000
-216.090000, 40.800000,-10.750000
-250.130000, 31.730000,-5.900000
-250.130000, 21.930000, 0.600000
-250.130000, 14.330000, 5.760000
-250.130000, 11.330000, 7.320000
-250.130000, 12.580000, 5.320000
-250.130000, 14.890000, 1.030000
-250.130000, 14.390000,-5.000000
-249.210000, 8.930000,-9.610000
-233.300000,-0.750000,-11.780000
-220.070000,-9.420000,-14.210000
-211.880000,-17.150000,-17.780000
-212.260000,-24.450000,-22.470000
-218.690000,-31.000000,-26.230000
-224.830000,-35.530000,-25.720000
-223.240000,-37.030000,-19.490000
-215.000000,-34.650000,-10.290000
-205.500000,-27.770000,-2.470000
-197.500000,-18.670000, 1.510000
-190.830000,-9.930000, 1.830000
-184.960000,-4.960000, 1.260000
-176.760000,-2.380000, 0.640000
-170.020000,-0.090000, 1.880000
-168.080000, 2.200000, 3.580000
-168.510000, 3.570000, 5.800000
-170.630000, 4.270000, 8.550000
-172.350000, 3.470000, 11.400000
-175.290000, 1.220000, 14.580000
-178.610000,-0.920000, 17.750000
-178.860000,-1.970000, 19.170000
-173.670000, 0.160000, 20.430000
-166.930000, 2.640000, 22.670000
-164.230000, 4.250000, 25.540000
-165.830000, 5.390000, 28.090000
-171.060000, 6.640000, 31.240000
-181.130000, 6.900000, 35.080000
-195.260000, 4.830000, 40.480000
-205.810000, 5.120000, 46.850000
-209.190000, 9.890000, 52.870000
-208.380000, 17.770000, 57.960000
-206.740000, 27.760000, 63.670000
-210.100000, 35.990000, 71.060000
-213.780000, 44.320000, 82.670000
-215.730000, 53.550000, 97.660000
-215.030000, 62.060000, 113.230000
-216.030000, 70.310000, 127.770000
-212.950000, 75.930000, 138.800000
-198.280000, 77.100000, 146.050000
-161.900000, 79.390000, 160.090000
-122.360000, 65.060000, 197.400000
-90.330000, 47.630000, 250.020000
-67.160000, 54.810000, 250.120000
-56.530000, 81.550000, 250.120000
-59.990000, 114.540000, 250.120000
-71.900000, 147.000000, 250.120000
-72.580000, 169.510000, 250.120000
-63.240000, 167.330000, 250.120000
-54.550000, 155.220000, 250.120000
-52.430000, 144.830000, 250.120000
-56.960000, 139.830000, 250.120000
-59.120000, 135.680000, 250.120000
-53.700000, 129.110000, 250.120000
-47.450000, 111.830000, 250.120000
-31.040000, 91.200000, 250.120000
-6.480000, 78.780000, 250.120000
 18.350000, 74.850000, 250.120000
 31.820000, 73.840000, 250.120000
 40.560000, 71.630000, 250.120000
 50.330000, 66.980000, 250.120000
 64.750000, 65.880000, 250.120000
 81.240000, 71.350000, 212.640000
 98.280000, 81.130000, 169.120000
 116.180000, 89.300000, 131.680000
 127.780000, 98.540000, 102.220000
 113.820000, 95.990000, 72.730000
 86.610000, 87.870000, 44.090000
 68.830000, 87.770000, 14.660000
 60.690000, 104.330000,-12.280000
 56.870000, 162.960000,-39.510000
 57.040000, 222.060000,-67.530000
 92.460000, 250.120000,-101.140000
 138.760000, 250.120000,-137.480000
 153.950000, 250.120000,-171.530000
 126.900000, 250.120000,-199.870000
 157.160000, 246.060000,-168.700000
 250.120000, 250.120000,-153.820000
 250.120000, 80.740000,-19.640000
-250.130000,-103.000000,-21.820000
-98.450000,-21.180000,-59.930000
-142.710000, 46.450000,-79.560000
-47.930000, 91.350000,-67.110000
-31.340000, 95.170000,-65.390000
-0.340000, 103.660000,-58.710000
-9.390000, 99.360000,-60.360000
-21.480000, 87.340000,-66.780000
-21.070000, 83.260000,-78.100000
 0.040000, 78.810000,-85.230000
 35.540000, 78.470000,-96.960000
 76.060000, 79.670000,-111.830000
 98.370000, 70.450000,-129.410000
 102.940000, 44.230000,-136.980000
 70.400000,-8.430000,-149.930000
 28.380000,-63.640000,-162.770000
 12.880000,-103.430000,-171.490000
 5.400000,-123.400000,-186.040000
 6.700000,-131.380000,-209.990000
 36.940000,-122.980000,-244.840000
 87.640000,-101.720000,-250.130000
 134.960000,-90.220000,-250.130000
 169.910000,-84.410000,-250.130000
 153.410000,-84.010000,-250.130000
 103.150000,-78.500000,-250.130000
 61.530000,-51.870000,-250.130000
 17.170000,-13.190000,-250.130000
-52.670000, 20.580000,-250.130000
-135.520000, 36.310000,-250.130000
-165.120000, 49.400000,-250.130000
-205.780000, 29.160000,-191.760000
-214.210000, 25.250000,-158.450000
-176.800000, 31.350000,-128.380000
-133.780000, 40.930000,-103.890000
-105.410000, 49.720000,-83.890000
-94.510000, 54.480000,-67.250000
-96.670000, 52.970000,-54.300000
-111.970000, 44.410000,-45.170000
-116.930000, 34.140000,-32.730000
-127.240000, 22.030000,-28.030000
-124.250000, 16.870000,-27.120000
-118.530000, 15.100000,-28.840000
-111.830000, 14.020000,-32.540000
-102.860000, 17.430000,-39.700000
-86.500000, 23.680000,-47.180000
-65.200000, 29.060000,-53.290000
-45.510000, 31.020000,-58.400000
-32.080000, 31.020000,-62.150000
-27.480000, 29.220000,-64.380000
-25.300000, 28.740000,-63.480000
-25.220000, 29.900000,-61.540000
-25.510000, 33.900000,-59.410000
-26.160000, 38.500000,-57.120000
-31.030000, 44.640000,-55.220000
-45.640000, 49.000000,-52.940000
-68.190000, 51.220000,-50.530000
-90.640000, 51.910000,-47.480000
-113.910000, 50.650000,-45.890000
-136.930000, 47.800000,-44.370000
-156.640000, 44.570000,-42.900000
-172.760000, 40.690000,-42.370000
-185.940000, 36.990000,-41.510000
-194.190000, 32.940000,-38.900000
-195.460000, 27.920000,-34.920000
-190.170000, 22.630000,-31.410000
-180.450000, 17.700000,-29.500000
-170.610000, 12.620000,-30.670000
-162.140000, 8.600000,-33.790000
-155.970000, 6.980000,-38.450000
-149.930000, 7.380000,-42.800000
-145.490000, 6.700000,-45.320000
-141.800000, 3.560000,-45.580000
-138.310000,-1.820000,-43.100000
-137.380000,-9.780000,-37.960000
-134.720000,-16.720000,-31.160000
-130.930000,-21.080000,-25.250000
-125.890000,-21.600000,-20.660000
-121.160000,-17.720000,-16.290000
-119.860000,-13.220000,-12.500000
-122.120000,-9.400000,-5.860000
-126.140000,-6.320000, 4.800000
-131.900000,-6.000000, 18.000000
-138.930000,-8.160000, 31.610000
-147.240000,-9.500000, 43.950000
-157.710000,-9.160000, 53.600000
-170.880000,-6.600000, 60.440000
-184.910000,-3.720000, 63.530000
-196.480000,-1.510000, 63.810000
-203.560000, 0.640000, 62.820000
-206.640000, 1.870000, 58.570000
-206.620000, 1.180000, 52.900000
-199.270000,-0.400000, 44.670000
-179.320000, 0.940000, 35.030000
-156.740000, 3.560000, 25.950000
-151.220000, 2.380000, 18.750000
-165.540000,-4.030000, 13.610000
-188.320000,-14.160000, 10.940000
-210.360000,-23.810000, 9.160000
-221.220000,-30.150000, 8.260000
-214.730000,-32.190000, 6.610000
-193.100000,-34.250000, 3.610000
-160.900000,-39.070000, 0.850000
-128.980000,-42.530000,-2.340000
-106.210000,-42.680000,-4.170000
-94.640000,-37.680000,-1.740000
-92.800000,-29.570000, 5.030000
-98.570000,-20.120000, 17.060000
-108.960000,-11.250000, 32.870000
-121.120000,-4.650000, 50.910000
-135.570000,-1.740000, 67.610000
-152.260000,-0.670000, 81.260000
-169.230000,-0.250000, 90.290000
-183.290000,-0.770000, 93.570000
-190.740000,-1.910000, 92.740000
-192.950000,-3.910000, 89.890000
-188.360000,-3.460000, 83.120000
-176.540000, 2.290000, 73.740000
-161.930000, 12.120000, 62.520000
-148.630000, 23.990000, 50.080000
-142.600000, 33.310000, 36.760000
-144.040000, 39.050000, 24.570000
-148.230000, 42.020000, 15.370000
-149.540000, 45.160000, 7.710000
-132.350000, 51.780000,-0.540000
-77.660000, 69.380000,-13.510000
-10.950000, 102.810000,-29.560000
-1.720000, 125.160000,-40.740000
-36.500000, 130.650000,-39.740000
-96.490000, 122.220000,-25.890000
-170.310000, 107.960000,-1.240000
-231.340000, 102.960000, 30.000000
-250.130000, 109.260000, 56.690000
-250.130000, 126.670000, 73.500000
-250.130000, 153.480000, 80.660000
-230.000000, 184.510000, 83.780000
-204.040000, 203.320000, 88.930000
-188.060000, 212.920000, 93.660000
-185.250000, 211.800000, 99.700000
-199.640000, 200.190000, 111.550000
-229.670000, 202.740000, 130.330000
-250.130000, 230.520000, 169.670000
-250.130000, 250.120000, 229.860000
-250.130000, 247.420000, 250.120000
-250.130000, 221.700000, 250.120000
-250.130000, 197.950000, 250.120000
-250.130000, 184.800000, 250.120000
-238.820000, 179.830000, 250.120000
-200.630000, 178.160000, 250.120000
-168.610000, 169.860000, 250.120000
-140.060000, 151.540000, 250.120000
-106.290000, 135.240000, 250.120000
-77.540000, 122.540000, 250.120000
-53.240000, 107.940000, 250.120000
-27.030000, 94.030000, 250.120000
 1.610000, 83.780000, 250.120000
 23.250000, 79.320000, 250.120000
 39.240000, 75.930000, 250.120000
 53.180000, 74.350000, 250.120000
 71.930000, 77.540000, 250.120000
 89.000000, 81.740000, 226.930000
 103.610000, 89.810000, 192.220000
 112.320000, 103.080000, 158.220000
 116.490000, 104.920000, 125.710000
 127.900000, 96.120000, 93.630000
 150.680000, 93.330000, 62.320000
 175.940000, 114.610000, 27.570000
 187.870000, 147.800000,-12.900000
 206.880000, 177.960000,-59.220000
 241.190000, 204.010000,-103.840000
 250.120000, 240.850000,-149.110000
 241.350000, 250.120000,-196.920000
 207.390000, 250.120000,-240.350000
 176.880000, 250.120000,-250.130000
 152.270000, 250.120000,-250.130000
 250.120000, 250.120000, 250.120000
 250.120000, 123.120000,-227.460000
 140.450000,-7.910000,-136.630000
-112.810000, 33.420000,-51.020000
-102.320000, 35.770000,-4.110000
-91.040000, 71.410000, 2.820000
-25.580000, 91.920000,-4.320000
 51.540000, 101.130000,-18.590000
 67.560000, 89.020000,-10.770000
 58.540000, 69.880000, 5.730000
 53.360000, 55.860000, 14.830000
 50.270000, 47.510000, 14.490000
 51.280000, 44.160000, 9.740000
 52.920000, 41.190000, 3.190000
 53.360000, 37.440000,-4.640000
 48.160000, 34.490000,-14.810000
 34.350000, 32.160000,-26.190000
 27.200000, 35.070000,-40.500000
 54.360000, 39.930000,-61.660000
 76.030000, 42.620000,-88.650000
 95.750000, 46.250000,-118.170000
 108.770000, 44.780000,-141.730000
 121.660000, 44.010000,-161.340000
 123.970000, 38.540000,-182.590000
 104.800000, 29.820000,-212.970000
 58.150000, 7.960000,-242.700000
 2.580000,-22.160000,-250.130000
-44.290000,-41.720000,-250.130000
-79.830000,-54.410000,-250.130000
-71.800000,-50.620000,-250.130000
 20.480000,-15.380000,-250.130000
 98.220000, 16.210000,-250.130000
 58.680000, 24.940000,-250.130000
-79.570000, 14.520000,-250.130000
-181.940000, 18.410000,-250.130000
-199.320000, 11.930000,-250.130000
-184.290000, 56.230000,-250.130000
-138.000000, 70.700000,-250.130000
-153.830000, 64.230000,-250.130000
-150.790000, 49.290000,-250.130000
-127.150000, 33.220000,-250.130000
-92.250000, 24.750000,-250.130000
-58.460000, 32.920000,-250.130000
-46.610000, 40.160000,-228.820000
-46.070000, 38.510000,-199.130000
-36.790000, 34.860000,-168.700000
-8.090000, 35.310000,-137.550000
 30.510000, 37.820000,-106.060000
 72.520000, 40.870000,-76.880000
 106.350000, 43.020000,-54.110000
 124.830000, 41.960000,-39.840000
 122.640000, 36.940000,-33.290000
 106.590000, 26.340000,-32.120000
 78.090000, 16.580000,-33.280000
 28.010000, 2.770000,-35.250000
-38.970000,-13.860000,-33.100000
-110.780000,-30.120000,-29.980000
-169.250000,-42.380000,-24.150000
-206.140000,-49.330000,-16.320000
-222.330000,-52.880000,-5.440000
-222.640000,-54.340000, 7.900000
-210.670000,-53.710000, 22.260000
-188.930000,-50.640000, 37.160000
-164.450000,-45.350000, 50.510000
-138.290000,-40.060000, 62.340000
-112.950000,-37.060000, 71.220000
-91.010000,-36.520000, 77.000000
-72.080000,-37.930000, 80.550000
-56.510000,-37.220000, 83.410000
-44.530000,-34.990000, 85.610000
-34.700000,-30.900000, 89.180000
-28.300000,-24.050000, 92.900000
-28.070000,-16.860000, 96.530000
-36.930000,-10.810000, 98.130000
-55.590000,-8.700000, 96.800000
-82.060000,-11.120000, 93.090000
-113.930000,-14.960000, 87.220000
-144.620000,-19.870000, 82.480000
-170.900000,-24.160000, 76.020000
-187.700000,-26.090000, 70.710000
-194.030000,-23.800000, 65.850000
-193.220000,-19.740000, 61.770000
-189.190000,-15.200000, 56.440000
-185.050000,-12.240000, 49.910000
-183.410000,-11.470000, 42.180000
-183.720000,-11.870000, 33.240000
-185.550000,-12.850000, 23.070000
-188.860000,-13.130000, 12.250000
-193.710000,-13.500000, 2.150000
-199.820000,-14.390000,-6.160000
-206.490000,-16.520000,-11.270000
-212.280000,-19.940000,-13.120000
-218.200000,-24.350000,-12.480000
-228.610000,-30.420000,-8.920000
-240.180000,-36.140000,-3.430000
-247.950000,-38.040000, 2.670000
-250.130000,-35.380000, 8.160000
-250.130000,-30.580000, 12.060000
-250.130000,-25.010000, 15.930000
-250.130000,-19.960000, 21.030000
-250.130000,-17.290000, 27.930000
-250.130000,-17.340000, 36.550000
-250.130000,-19.070000, 47.670000
-250.130000,-21.790000, 61.060000
-250.130000,-25.480000, 75.270000
-250.130000,-28.790000, 89.510000
-250.130000,-31.670000, 104.060000
-246.000000,-35.130000, 114.610000
-231.180000,-37.070000, 123.960000
-216.820000,-37.540000, 130.340000
-202.850000,-38.590000, 135.610000
-187.290000,-37.230000, 138.510000
-169.950000,-32.480000, 139.190000
-152.510000,-23.820000, 138.070000
-136.060000,-13.720000, 135.770000
-124.370000,-2.730000, 132.180000
-116.720000, 8.080000, 126.080000
-114.700000, 16.880000, 116.540000
-117.440000, 23.780000, 103.760000
-123.930000, 28.160000, 92.190000
-132.960000, 32.320000, 80.120000
-142.380000, 36.520000, 67.250000
-151.000000, 42.950000, 54.220000
-160.540000, 49.800000, 40.090000
-169.290000, 54.910000, 26.940000
-173.610000, 58.060000, 14.380000
-167.830000, 61.190000, 3.930000
-155.250000, 63.800000,-2.940000
-139.960000, 65.930000,-5.950000
-124.640000, 67.550000,-4.770000
-114.730000, 67.540000,-2.530000
-111.220000, 67.350000,-0.680000
-114.670000, 67.350000, 0.220000
-124.900000, 67.440000, 0.890000
-141.680000, 67.760000, 1.640000
-160.300000, 68.500000, 1.980000
-178.510000, 66.450000, 0.120000
-190.310000, 64.980000,-1.670000
-197.530000, 65.680000,-0.350000
-209.690000, 67.890000, 5.660000
-231.040000, 70.790000, 17.260000
-250.130000, 71.870000, 32.510000
-250.130000, 69.510000, 48.710000
-250.130000, 64.270000, 61.920000
-250.130000, 61.090000, 71.820000
-250.130000, 59.790000, 78.310000
-250.130000, 60.590000, 80.780000
-250.130000, 59.460000, 81.000000
-250.130000, 57.390000, 78.380000
-248.160000, 59.890000, 73.410000
-247.080000, 64.450000, 70.500000
-247.740000, 67.330000, 70.360000
-250.130000, 65.830000, 71.390000
-250.130000, 62.440000, 72.800000
-250.130000, 61.710000, 74.300000
-250.130000, 66.670000, 75.870000
-250.130000, 79.240000, 79.010000
-250.130000, 97.960000, 85.220000
-250.130000, 114.480000, 95.020000
-240.100000, 130.050000, 106.920000
-226.890000, 142.780000, 123.020000
-217.450000, 145.810000, 153.160000
-217.610000, 140.410000, 190.690000
-226.450000, 133.820000, 227.260000
-232.410000, 114.570000, 250.120000
-232.060000, 85.950000, 250.120000
-209.870000, 62.470000, 250.120000
-182.380000, 38.700000, 250.120000
-143.060000, 26.320000, 250.120000
-109.610000, 18.410000, 250.120000
-88.160000, 3.750000, 250.120000
-81.220000,-18.950000, 250.120000
-82.030000,-47.240000, 250.120000
-82.240000,-80.340000, 250.120000
-81.090000,-107.160000, 250.120000
-68.220000,-128.670000, 250.120000
-40.340000,-139.710000, 250.120000
-1.780000,-145.720000, 250.120000
 36.700000,-141.220000, 250.120000
 69.150000,-119.950000, 250.120000
 91.480000,-88.190000, 250.120000
 114.450000,-56.490000, 250.120000
 140.600000,-28.810000, 217.170000
 164.430000,-5.250000, 172.430000
 164.860000, 11.120000, 129.930000
 127.870000, 22.950000, 85.780000
 73.120000, 37.800000, 44.290000
 31.890000, 61.800000, 5.490000
 30.360000, 91.700000,-35.970000
 61.040000, 145.710000,-77.220000
 85.590000, 203.670000,-113.180000
 79.000000, 250.120000,-151.240000
 55.890000, 250.120000,-190.020000
 55.450000, 250.120000,-222.570000
 100.040000, 222.180000,-215.980000
 250.120000, 222.270000,-135.830000
 176.250000, 146.960000,-163.150000
-194.190000,-26.480000,-53.940000
-43.160000,-24.780000,-41.190000
-223.920000,-12.950000,-62.980000
-199.430000, 46.390000,-96.480000
-130.000000, 89.560000,-141.600000
-44.320000, 110.010000,-166.640000
 16.740000, 129.160000,-188.360000
 41.070000, 123.480000,-213.320000
 52.610000, 94.460000,-234.000000
 74.290000, 64.990000,-241.330000
 90.530000, 58.940000,-250.130000
 106.350000, 28.820000,-250.130000
 126.970000, 18.110000,-250.130000
 111.600000, 5.120000,-250.130000
 30.510000, 22.890000,-250.130000
-51.950000, 39.850000,-250.130000
-59.260000, 57.120000,-250.130000
 5.580000, 86.320000,-250.130000
 97.840000, 128.790000,-250.130000
 128.380000, 155.580000,-250.130000
 72.160000, 154.930000,-250.130000
-13.750000, 153.410000,-250.130000
-74.840000, 153.830000,-250.130000
-100.190000, 165.450000,-250.130000
-106.070000, 146.290000,-250.130000
-140.090000, 137.860000,-231.060000
-168.850000, 125.900000,-212.360000
-171.320000, 119.890000,-195.700000
-161.510000, 118.900000,-181.470000
-162.590000, 113.620000,-172.020000
-172.800000, 103.900000,-161.060000
-185.160000, 92.620000,-150.640000
-191.580000, 82.800000,-142.350000
-188.420000, 74.570000,-133.330000
-182.890000, 66.930000,-123.690000
-180.930000, 60.930000,-112.270000
-180.390000, 55.850000,-99.230000
-178.740000, 51.480000,-86.540000
-175.390000, 45.300000,-75.350000
-168.030000, 38.070000,-65.120000
-157.010000, 31.930000,-56.620000
-144.190000, 27.350000,-50.890000
-130.140000, 24.060000,-46.530000
-113.040000, 23.360000,-43.370000
-96.210000, 24.940000,-41.340000
-82.690000, 28.170000,-39.620000
-75.590000, 32.140000,-38.160000
-78.240000, 33.160000,-37.830000
-88.120000, 28.920000,-37.220000
-101.760000, 18.800000,-36.090000
-116.920000, 6.740000,-35.700000
-130.970000,-3.560000,-35.500000
-142.710000,-9.920000,-34.910000
-143.890000,-11.080000,-32.390000
-131.930000,-7.740000,-26.440000
-115.220000,-6.220000,-17.120000
-98.960000,-10.220000,-4.370000
-85.120000,-17.320000, 11.130000
-76.380000,-24.290000, 29.540000
-72.550000,-28.320000, 47.590000
-72.060000,-28.120000, 62.450000
-70.620000,-24.470000, 73.930000
-65.110000,-18.660000, 81.350000
-60.260000,-13.900000, 84.850000
-58.150000,-7.990000, 83.830000
-59.300000,-2.330000, 79.090000
-66.500000, 1.170000, 70.880000
-78.090000, 1.200000, 60.120000
-89.670000,-1.250000, 47.400000
-105.160000,-3.900000, 33.760000
-130.120000,-10.580000, 22.090000
-155.740000,-20.390000, 14.770000
-175.110000,-31.430000, 8.770000
-184.120000,-38.200000, 4.690000
-182.520000,-39.770000, 2.090000
-174.440000,-37.160000, 2.010000
-165.790000,-31.940000, 3.660000
-159.250000,-27.020000, 8.700000
-155.790000,-21.820000, 16.660000
-155.560000,-15.650000, 26.920000
-161.710000,-8.420000, 38.370000
-173.900000, 1.010000, 48.840000
-189.900000, 10.100000, 57.990000
-207.870000, 16.860000, 66.580000
-220.770000, 22.060000, 75.010000
-228.200000, 25.760000, 83.600000
-230.070000, 27.870000, 89.960000
-226.100000, 30.460000, 93.460000
-217.810000, 32.160000, 94.830000
-207.240000, 32.960000, 92.770000
-194.700000, 32.220000, 88.450000
-179.400000, 30.310000, 83.220000
-161.250000, 28.350000, 77.500000
-140.610000, 27.260000, 71.890000
-119.570000, 28.460000, 64.450000
-98.960000, 32.900000, 55.250000
-81.450000, 41.130000, 44.460000
-72.750000, 50.610000, 32.350000
-74.610000, 57.860000, 18.960000
-86.460000, 61.820000, 5.220000
-103.780000, 63.120000,-5.520000
-125.100000, 62.430000,-12.840000
-151.420000, 60.740000,-16.420000
-178.560000, 58.070000,-15.640000
-203.090000, 54.240000,-11.930000
-223.280000, 48.740000,-6.730000
-234.410000, 44.290000, 0.630000
-235.830000, 42.260000, 8.910000
-230.550000, 43.830000, 17.530000
-222.930000, 48.680000, 23.390000
-215.490000, 54.960000, 27.220000
-209.320000, 60.710000, 28.110000
-204.810000, 65.090000, 27.540000
-201.850000, 66.940000, 27.460000
-200.570000, 66.160000, 27.960000
-200.450000, 63.930000, 28.200000
-198.870000, 61.810000, 27.310000
-195.480000, 59.900000, 25.500000
-192.050000, 57.080000, 22.940000
-189.580000, 55.010000, 20.580000
-188.790000, 55.510000, 21.650000
-190.220000, 57.420000, 26.930000
-193.590000, 60.050000, 34.360000
-198.760000, 61.870000, 42.270000
-205.740000, 62.280000, 48.290000
-213.830000, 59.840000, 51.570000
-222.310000, 53.230000, 51.220000
-227.370000, 43.320000, 46.830000
-226.950000, 32.940000, 37.510000
-216.300000, 28.300000, 26.190000
-194.610000, 31.830000, 13.760000
-169.860000, 40.790000, 1.740000
-151.250000, 50.130000,-6.880000
-146.280000, 54.650000,-11.980000
-159.070000, 50.690000,-12.870000
-180.670000, 39.650000,-9.780000
-199.750000, 30.040000,-4.970000
-212.250000, 28.790000,-2.250000
-222.340000, 34.730000,-0.090000
-235.850000, 43.790000, 2.500000
-244.130000, 59.050000, 7.430000
-245.500000, 74.760000, 18.730000
-240.760000, 86.280000, 38.350000
-230.740000, 88.350000, 64.460000
-216.790000, 84.880000, 92.620000
-201.350000, 80.090000, 123.160000
-182.070000, 66.160000, 161.210000
-165.670000, 40.340000, 209.030000
-147.820000, 23.000000, 250.120000
-120.120000, 23.540000, 250.120000
-102.450000, 27.640000, 250.120000
-104.320000, 25.110000, 250.120000
-114.160000, 15.620000, 250.120000
-117.440000,-1.650000, 250.120000
-105.100000,-29.260000, 250.120000
-83.130000,-57.900000, 250.120000
-66.310000,-84.960000, 250.120000
-48.340000,-99.710000, 250.120000
-26.660000,-103.240000, 250.120000
-6.580000,-103.920000, 250.120000
 4.670000,-107.900000, 250.120000
 8.580000,-112.630000, 250.120000
 12.960000,-116.480000, 250.120000
 19.510000,-114.780000, 250.120000
 28.220000,-108.340000, 250.120000
 42.580000,-96.580000, 250.120000
 62.940000,-73.570000, 250.120000
 89.170000,-42.800000, 246.640000
 118.850000,-7.020000, 191.590000
 137.380000, 25.140000, 139.680000
 135.370000, 50.450000, 91.290000
 117.950000, 74.150000, 46.300000
 105.800000, 99.380000, 5.200000
 113.220000, 142.350000,-31.680000
 118.670000, 197.220000,-70.130000
 87.020000, 246.440000,-113.030000
 57.390000, 250.120000,-149.480000
 71.900000, 250.120000,-179.220000
 104.740000, 250.120000,-209.370000
 250.120000,-250.130000,-64.640000
 112.770000, 68.650000,-250.130000
 148.870000, 37.660000,-43.170000
-62.480000,-19.410000,-60.640000
-171.310000,-2.930000,-82.290000
-173.220000, 23.050000,-55.220000
-164.670000, 87.610000,-84.850000
-112.180000, 142.340000,-119.410000
-51.340000, 168.580000,-143.820000
 21.330000, 181.960000,-161.610000
 62.930000, 169.320000,-180.350000
 55.220000, 130.930000,-197.130000
 72.970000, 141.170000,-207.250000
 101.760000, 132.770000,-212.150000
 106.800000, 110.900000,-215.220000
 100.170000, 94.770000,-228.900000
 85.010000, 79.190000,-249.030000
 58.610000, 73.220000,-250.130000
 32.380000, 76.320000,-250.130000
 21.480000, 82.290000,-250.130000
 31.800000, 90.330000,-250.130000
 42.440000, 99.840000,-250.130000
 61.180000, 111.780000,-250.130000
 92.320000, 132.940000,-250.130000
 75.670000, 144.700000,-250.130000
-18.460000, 139.850000,-250.130000
-154.540000, 117.290000,-250.130000
-250.130000, 91.170000,-250.130000
-250.130000, 86.060000,-250.130000
-250.130000, 93.330000,-250.130000
-250.130000, 98.250000,-250.130000
-250.130000, 84.180000,-250.130000
-213.070000, 53.720000,-250.130000
-154.610000, 24.640000,-250.130000
-100.680000, 7.610000,-200.360000
-58.380000, 5.580000,-146.090000
-24.740000, 11.730000,-91.460000
 7.410000, 24.280000,-39.930000
 36.430000, 44.730000,-7.640000
 67.870000, 65.370000, 10.830000
 89.240000, 72.890000, 24.410000
 98.020000, 67.120000, 32.900000
 98.230000, 56.450000, 36.930000
 92.840000, 44.330000, 36.380000
 81.510000, 33.200000, 30.580000
 61.090000, 22.210000, 19.880000
 33.060000, 14.060000, 6.450000
-3.160000, 8.470000,-7.050000
-43.320000, 1.780000,-17.370000
-85.770000,-4.640000,-26.440000
-122.740000,-13.960000,-31.410000
-148.150000,-24.120000,-31.980000
-161.270000,-31.980000,-29.310000
-163.520000,-35.630000,-22.640000
-155.570000,-34.150000,-13.940000
-139.810000,-29.670000,-5.060000
-121.260000,-22.160000, 2.830000
-104.860000,-12.100000, 11.900000
-99.390000,-3.190000, 21.860000
-106.020000, 2.960000, 32.920000
-122.930000, 3.930000, 44.170000
-144.640000, 0.870000, 54.970000
-163.140000,-4.960000, 63.930000
-173.430000,-9.640000, 71.330000
-177.490000,-14.190000, 76.250000
-173.670000,-15.380000, 79.680000
-166.030000,-14.490000, 80.030000
-157.010000,-11.740000, 77.610000
-150.040000,-9.200000, 73.060000
-147.030000,-7.060000, 67.030000
-147.320000,-5.850000, 61.410000
-151.050000,-5.350000, 54.510000
-157.410000,-6.410000, 46.970000
-166.210000,-7.880000, 39.320000
-176.000000,-9.770000, 30.770000
-186.800000,-11.880000, 21.590000
-196.640000,-13.870000, 12.620000
-205.800000,-16.060000, 3.620000
-213.030000,-18.550000,-5.060000
-215.900000,-20.900000,-13.250000
-213.160000,-23.100000,-20.640000
-212.700000,-28.880000,-28.200000
-228.400000,-39.700000,-33.990000
-250.130000,-50.070000,-37.250000
-250.130000,-56.920000,-37.250000
-250.130000,-60.900000,-33.160000
-250.130000,-61.970000,-26.580000
-250.130000,-59.850000,-17.160000
-237.790000,-56.130000,-5.210000
-211.830000,-51.760000, 7.930000
-187.300000,-46.160000, 23.170000
-169.620000,-37.610000, 39.610000
-161.850000,-27.210000, 55.840000
-162.380000,-17.380000, 72.860000
-167.890000,-9.640000, 89.040000
-175.500000,-4.120000, 104.060000
-182.370000,-1.820000, 120.870000
-188.680000,-0.070000, 133.700000
-192.190000, 2.200000, 142.710000
-191.930000, 4.950000, 146.630000
-188.670000, 6.730000, 145.510000
-181.930000, 7.590000, 139.840000
-169.690000, 7.530000, 131.900000
-151.050000, 8.710000, 121.590000
-127.190000, 13.290000, 109.770000
-103.320000, 23.180000, 95.000000
-85.940000, 35.000000, 78.970000
-76.360000, 46.770000, 63.470000
-75.180000, 54.990000, 49.360000
-81.160000, 58.640000, 37.230000
-93.350000, 57.870000, 25.990000
-111.280000, 55.280000, 15.350000
-131.460000, 52.190000, 4.840000
-149.440000, 50.890000,-5.300000
-163.410000, 51.490000,-14.670000
-173.870000, 53.350000,-22.960000
-182.680000, 53.800000,-32.160000
-193.070000, 53.980000,-41.160000
-204.160000, 54.170000,-47.850000
-215.240000, 54.210000,-53.700000
-228.160000, 54.120000,-58.060000
-245.930000, 52.480000,-58.300000
-250.130000, 46.740000,-50.850000
-250.130000, 32.870000,-30.910000
-250.130000, 13.390000,-2.450000
-250.130000,-3.290000, 27.500000
-250.130000,-9.830000, 53.970000
-249.780000,-3.140000, 72.820000
-217.350000, 14.870000, 83.320000
-193.420000, 36.770000, 86.070000
-187.910000, 52.720000, 86.000000
-196.200000, 63.700000, 86.740000
-210.410000, 69.170000, 90.480000
-220.770000, 70.450000, 98.050000
-220.780000, 69.970000, 104.840000
-215.610000, 68.940000, 105.780000
-213.520000, 68.450000, 104.820000
-210.510000, 70.970000, 96.570000
-201.670000, 75.010000, 89.250000
-188.890000, 77.740000, 83.670000
-176.280000, 80.450000, 79.120000
-170.790000, 84.850000, 77.480000
-177.810000, 88.710000, 81.290000
-193.310000, 88.830000, 86.550000
-216.330000, 87.250000, 94.290000
-239.590000, 79.820000, 107.410000
-250.130000, 89.960000, 125.090000
-250.130000, 103.580000, 155.360000
-236.240000, 92.180000, 198.120000
-198.890000, 69.590000, 244.140000
-164.570000, 51.000000, 250.120000
-157.290000, 29.250000, 250.120000
-154.410000, 15.600000, 250.120000
-135.970000, 11.790000, 250.120000
-100.870000, 8.630000, 250.120000
-69.210000, 2.330000, 250.120000
-62.940000,-7.310000, 250.120000
-85.350000,-25.300000, 250.120000
-116.920000,-50.060000, 250.120000
-124.390000,-69.810000, 250.120000
-125.190000,-87.320000, 250.120000
-114.610000,-118.800000, 250.120000
-86.960000,-155.660000, 250.120000
-50.320000,-185.180000, 250.120000
-9.610000,-191.850000, 250.120000
 25.720000,-172.600000, 250.120000
 45.520000,-147.270000, 250.120000
 62.280000,-125.190000, 250.120000
 84.870000,-101.650000, 250.120000
 109.140000,-73.870000, 228.320000
 126.840000,-51.110000, 173.960000
 135.800000,-32.450000, 119.930000
 134.780000,-15.320000, 65.320000
 123.220000, 3.520000, 9.590000
 113.730000, 30.770000,-44.780000
 112.810000, 81.370000,-93.090000
 116.110000, 150.770000,-130.220000
 106.000000, 207.380000,-162.810000
 76.980000, 247.190000,-193.480000
 38.060000, 250.120000,-216.680000
 20.750000, 250.120000,-234.260000
 26.120000, 250.120000,-250.130000
 4.510000, 250.120000,-250.130000
 244.270000, 64.190000,-205.180000
 237.190000, 139.430000,-176.580000
-123.700000, 29.640000,-136.460000
-56.750000, 40.610000,-117.680000
-54.470000, 20.940000,-124.190000
-71.480000, 33.900000,-133.670000
-29.680000, 68.350000,-154.410000
 2.710000, 81.060000,-163.750000
 30.970000, 89.340000,-159.120000
 52.400000, 95.900000,-159.800000
 68.140000, 104.600000,-171.790000
 91.030000, 104.420000,-184.030000
 100.580000, 103.870000,-192.600000
 100.170000, 94.520000,-194.730000
 90.710000, 80.420000,-199.090000
 41.070000, 46.800000,-210.310000
 0.960000, 16.370000,-228.190000
-8.250000,-3.130000,-246.780000
 21.500000,-6.040000,-250.130000
 70.550000, 2.670000,-250.130000
 104.890000, 17.900000,-250.130000
 103.290000, 30.420000,-250.130000
 62.120000, 27.690000,-250.130000
 14.740000, 14.790000,-250.130000
 6.280000, 5.740000,-250.130000
 29.910000,-2.400000,-250.130000
 60.660000,-13.480000,-250.130000
 52.000000,-23.170000,-250.130000
-9.800000,-33.160000,-250.130000
-73.060000,-39.440000,-250.130000
-86.220000,-87.210000,-250.130000
-70.360000,-149.860000,-250.130000
-43.980000,-130.000000,-250.130000
 72.360000,-154.580000,-163.560000
 156.290000,-74.990000,-100.310000
 227.430000, 7.060000,-73.310000
 250.120000, 80.370000,-67.950000
 240.940000, 128.940000,-74.060000
 197.230000, 135.120000,-72.850000
 129.250000, 116.920000,-62.060000
 44.370000, 73.090000,-46.390000
-43.810000, 10.650000,-33.210000
-121.750000,-49.930000,-29.860000
-179.510000,-92.710000,-33.580000
-216.700000,-111.640000,-39.640000
-236.670000,-107.530000,-42.980000
-241.320000,-93.090000,-41.930000
-233.800000,-80.600000,-35.480000
-216.290000,-75.980000,-23.570000
-195.200000,-77.220000,-6.060000
-174.750000,-82.130000, 18.740000
-153.710000,-82.580000, 47.610000
-132.180000,-77.790000, 75.510000
-109.690000,-67.000000, 101.850000
-89.000000,-51.230000, 127.180000
-77.520000,-30.980000, 149.870000
-75.290000,-9.960000, 169.740000
-81.450000, 10.180000, 186.190000
-95.830000, 26.260000, 199.030000
-118.940000, 38.560000, 208.670000
-145.930000, 44.090000, 215.690000
-172.270000, 44.090000, 218.070000
-195.350000, 39.210000, 216.960000
-213.820000, 30.810000, 211.740000
-224.970000, 19.610000, 203.840000
-227.960000, 9.130000, 193.600000
-221.620000, 0.270000, 181.030000
-204.700000,-3.850000, 165.820000
-182.110000,-1.130000, 147.440000
-154.210000, 6.800000, 125.680000
-120.750000, 19.410000, 100.330000
-90.920000, 31.510000, 75.940000
-78.290000, 38.010000, 53.770000
-87.900000, 35.670000, 34.680000
-117.290000, 25.220000, 19.800000
-157.030000, 10.910000, 9.000000
-196.230000,-3.140000, 1.010000
-225.160000,-13.550000,-5.590000
-239.830000,-17.690000,-10.150000
-243.970000,-15.670000,-13.220000
-242.620000,-9.810000,-14.280000
-242.740000,-2.930000,-13.170000
-246.710000, 2.920000,-7.830000
-250.130000, 7.690000, 2.080000
-250.130000, 8.680000, 17.210000
-250.130000, 5.990000, 33.820000
-250.130000, 6.470000, 49.190000
-250.130000, 11.580000, 60.160000
-250.130000, 19.660000, 68.490000
-250.130000, 28.090000, 75.480000
-250.130000, 34.600000, 82.650000
-242.080000, 39.680000, 92.090000
-235.430000, 44.910000, 104.610000
-231.950000, 50.700000, 115.740000
-229.220000, 58.550000, 127.670000
-224.540000, 67.260000, 137.470000
-216.690000, 75.630000, 143.920000
-202.800000, 82.410000, 146.540000
-186.190000, 87.700000, 146.250000
-171.380000, 88.600000, 144.490000
-160.120000, 88.450000, 140.100000
-151.960000, 88.540000, 133.350000
-145.960000, 88.480000, 125.320000
-140.730000, 89.280000, 116.250000
-136.800000, 93.250000, 104.510000
-134.730000, 95.480000, 93.750000
-134.390000, 97.740000, 82.060000
-136.960000, 98.490000, 69.850000
-140.710000, 98.270000, 58.040000
-144.740000, 96.510000, 44.970000
-146.900000, 94.530000, 31.610000
-145.290000, 94.760000, 19.120000
-143.060000, 95.190000, 6.410000
-142.400000, 95.800000,-8.590000
-141.930000, 97.540000,-22.830000
-143.830000, 101.980000,-33.910000
-150.600000, 104.660000,-42.230000
-163.640000, 100.270000,-47.140000
-176.830000, 90.070000,-50.540000
-184.160000, 81.120000,-55.320000
-186.260000, 69.850000,-60.810000
-186.960000, 63.240000,-64.550000
-188.700000, 63.510000,-62.900000
-194.730000, 68.280000,-55.160000
-205.410000, 73.870000,-41.770000
-222.190000, 76.670000,-26.220000
-241.290000, 74.000000,-12.250000
-250.130000, 68.670000,-1.450000
-250.130000, 64.000000, 6.800000
-250.130000, 60.470000, 12.140000
-250.130000, 57.570000, 15.450000
-249.450000, 56.580000, 18.750000
-247.750000, 57.500000, 22.920000
-249.240000, 59.520000, 28.980000
-250.130000, 60.380000, 37.770000
-250.130000, 56.590000, 49.670000
-250.130000, 50.700000, 62.220000
-250.130000, 46.160000, 75.680000
-250.130000, 45.120000, 89.120000
-250.130000, 50.770000, 106.670000
-250.130000, 54.500000, 127.160000
-248.350000, 46.990000, 156.230000
-213.320000, 38.230000, 183.580000
-184.000000, 43.130000, 205.000000
-161.770000, 54.910000, 230.170000
-151.900000, 44.830000, 250.120000
-146.520000, 15.600000, 250.120000
-129.430000,-9.960000, 250.120000
-91.430000,-14.660000, 250.120000
-54.840000,-10.000000, 250.120000
-32.740000,-7.870000, 250.120000
-22.650000,-11.470000, 250.120000
-18.310000,-19.870000, 250.120000
-15.020000,-29.660000, 250.120000
-10.040000,-35.270000, 250.120000
-5.820000,-37.680000, 250.120000
-3.370000,-42.870000, 250.120000
-1.370000,-54.840000, 250.120000
 4.310000,-67.820000, 250.120000
 13.740000,-77.880000, 250.120000
 24.950000,-81.050000, 250.120000
 42.040000,-70.510000, 250.120000
 69.680000,-50.490000, 250.120000
 109.390000,-24.720000, 250.120000
 150.700000, 8.630000, 243.150000
 188.060000, 49.380000, 192.350000
 205.200000, 89.160000, 141.480000
 192.930000, 116.480000, 89.860000
 162.560000, 131.850000, 42.950000
 132.510000, 163.420000, 4.460000
 118.390000, 210.160000,-30.610000
 113.870000, 250.120000,-69.030000
 126.760000, 250.120000,-110.370000
 147.140000, 250.120000,-150.410000
 147.430000, 250.120000,-184.910000
 117.620000, 250.120000,-208.290000
 250.120000, 51.020000, 197.640000
 250.120000, 250.120000,-250.130000
 189.500000,-77.860000,-101.870000
-98.700000,-143.200000,-57.260000
-162.500000,-96.610000,-78.290000
-219.090000,-124.780000,-40.410000
-250.130000,-127.030000,-116.180000
-155.360000,-45.740000,-127.250000
-125.810000,-18.980000,-140.910000
-91.650000, 0.830000,-146.010000
-118.220000,-0.880000,-167.860000
-126.530000,-20.140000,-163.510000
-132.220000,-27.030000,-171.820000
-91.330000,-28.000000,-192.790000
 10.490000,-9.160000,-215.220000
 127.080000, 7.080000,-233.290000
 180.410000, 0.190000,-250.130000
 156.290000,-14.030000,-250.130000
 64.840000,-32.450000,-250.130000
-2.740000,-62.780000,-250.130000
 15.130000,-68.790000,-250.130000
 84.840000,-50.950000,-250.130000
 129.510000,-43.050000,-250.130000
 115.200000,-60.640000,-250.130000
 42.850000,-86.810000,-250.130000
-9.210000,-107.200000,-250.130000
 32.120000,-86.490000,-250.130000
 107.050000,-44.570000,-250.130000
 109.900000,-25.180000,-250.130000
 38.850000,-35.170000,-250.130000
-61.540000,-50.950000,-250.130000
-137.980000,-59.630000,-240.040000
-158.410000,-52.500000,-233.770000
-143.970000,-39.990000,-234.320000
-125.300000,-30.630000,-239.430000
-108.120000,-25.100000,-243.040000
-91.840000,-24.510000,-242.130000
-79.250000,-25.410000,-235.950000
-72.770000,-24.180000,-226.320000
-73.380000,-23.990000,-211.020000
-77.120000,-29.100000,-186.760000
-73.150000,-34.480000,-152.900000
-61.970000,-34.730000,-117.190000
-50.190000,-29.610000,-82.210000
-38.600000,-19.340000,-50.960000
-26.380000,-8.350000,-23.380000
-12.320000, 3.150000,-0.680000
 0.570000, 12.320000, 14.810000
 9.110000, 17.950000, 22.640000
 11.770000, 21.670000, 25.370000
 6.960000, 24.210000, 25.170000
-6.410000, 25.170000, 23.870000
-26.540000, 26.340000, 23.430000
-54.610000, 25.930000, 22.470000
-87.700000, 22.160000, 22.910000
-120.990000, 15.750000, 25.350000
-150.930000, 8.770000, 29.090000
-172.370000, 5.450000, 34.980000
-182.060000, 6.090000, 41.450000
-181.550000, 11.190000, 49.070000
-175.300000, 18.700000, 56.530000
-167.670000, 25.770000, 60.940000
-162.970000, 31.540000, 62.620000
-161.050000, 35.000000, 62.540000
-158.410000, 36.760000, 61.620000
-160.410000, 35.250000, 58.870000
-168.520000, 32.500000, 55.700000
-180.540000, 29.920000, 53.990000
-195.030000, 25.820000, 54.470000
-209.070000, 21.580000, 58.500000
-218.830000, 17.320000, 62.820000
-225.090000, 13.930000, 66.600000
-229.160000, 9.990000, 65.750000
-227.660000, 6.220000, 61.060000
-221.260000, 3.310000, 54.740000
-210.040000, 1.380000, 47.760000
-195.710000, 1.490000, 39.970000
-178.740000, 4.700000, 32.800000
-167.490000, 8.660000, 26.800000
-166.000000, 10.790000, 21.580000
-172.500000, 9.540000, 16.950000
-186.800000, 4.480000, 12.870000
-204.220000,-2.960000, 10.600000
-219.190000,-12.000000, 8.810000
-228.590000,-19.770000, 6.160000
-231.800000,-24.570000, 1.460000
-229.730000,-26.410000,-5.820000
-224.120000,-26.170000,-13.240000
-220.430000,-25.830000,-19.510000
-221.360000,-27.540000,-22.000000
-226.640000,-33.220000,-18.160000
-231.800000,-41.080000,-8.400000
-233.670000,-49.190000, 5.090000
-232.350000,-54.460000, 21.480000
-224.540000,-55.800000, 38.180000
-210.320000,-51.640000, 52.570000
-191.660000,-42.470000, 64.390000
-174.470000,-30.670000, 73.260000
-160.850000,-19.250000, 79.670000
-153.060000,-11.080000, 85.250000
-152.090000,-6.920000, 90.920000
-154.700000,-7.170000, 97.160000
-158.210000,-10.120000, 103.030000
-158.600000,-12.840000, 109.740000
-153.990000,-13.830000, 112.930000
-143.640000,-13.100000, 115.060000
-130.740000,-9.110000, 115.410000
-118.080000,-4.220000, 116.450000
-105.380000, 3.390000, 118.480000
-93.750000, 13.190000, 119.550000
-84.640000, 24.820000, 118.540000
-79.620000, 36.110000, 114.560000
-80.480000, 46.120000, 107.480000
-86.480000, 54.610000, 96.740000
-97.740000, 60.220000, 85.120000
-112.640000, 63.020000, 73.070000
-130.870000, 63.250000, 61.000000
-147.150000, 62.400000, 49.010000
-157.110000, 62.910000, 37.370000
-159.930000, 64.380000, 26.700000
-156.080000, 69.320000, 16.870000
-148.860000, 75.880000, 6.060000
-141.040000, 83.610000,-4.410000
-133.800000, 88.910000,-15.000000
-131.200000, 97.010000,-25.800000
-137.610000, 102.130000,-34.720000
-154.410000, 101.960000,-39.790000
-177.380000, 95.770000,-39.650000
-200.460000, 87.830000,-35.520000
-220.280000, 76.490000,-30.030000
-231.890000, 68.460000,-24.250000
-230.290000, 65.420000,-17.870000
-217.060000, 67.250000,-10.450000
-197.800000, 72.250000,-2.350000
-184.480000, 76.810000, 6.860000
-183.030000, 79.150000, 16.760000
-192.130000, 79.640000, 26.280000
-211.730000, 76.050000, 35.800000
-235.930000, 70.700000, 46.200000
-250.130000, 67.410000, 55.960000
-250.130000, 67.310000, 61.910000
-246.760000, 68.730000, 62.990000
-231.450000, 70.090000, 58.640000
-218.330000, 68.150000, 50.480000
-216.570000, 64.030000, 41.650000
-221.770000, 63.660000, 34.340000
-229.220000, 67.870000, 29.320000
-241.690000, 72.150000, 27.800000
-250.130000, 75.350000, 30.390000
-250.130000, 80.450000, 36.950000
-250.130000, 85.030000, 48.180000
-250.130000, 88.760000, 64.380000
-250.130000, 99.010000, 83.770000
-250.130000, 120.730000, 99.800000
-246.670000, 149.850000, 113.920000
-194.230000, 181.900000, 140.430000
-170.230000, 199.900000, 183.460000
-185.250000, 204.780000, 233.180000
-228.030000, 204.410000, 250.120000
-250.130000, 201.740000, 250.120000
-250.130000, 192.410000, 250.120000
-250.130000, 179.090000, 250.120000
-223.710000, 164.040000, 250.120000
-191.000000, 142.180000, 250.120000
-173.700000, 113.740000, 250.120000
-175.930000, 81.320000, 250.120000
-187.210000, 45.300000, 250.120000
-195.260000, 11.080000, 250.120000
-185.330000,-20.280000, 250.120000
-157.780000,-42.930000, 250.120000
-123.820000,-56.500000, 250.120000
-90.690000,-68.500000, 250.120000
-61.180000,-81.910000, 250.120000
-34.600000,-93.770000, 250.120000
-8.220000,-96.190000, 250.120000
 13.010000,-90.510000, 250.120000
 32.610000,-79.340000, 250.120000
 54.250000,-72.900000, 247.540000
 81.000000,-67.710000, 206.290000
 113.730000,-58.350000, 166.220000
 140.640000,-33.210000, 124.880000
 156.770000,-1.220000, 82.100000
 164.710000, 27.150000, 38.450000
 156.280000, 52.030000,-5.080000
 137.020000, 107.350000,-52.260000
 109.040000, 181.450000,-105.050000
 95.030000, 241.800000,-160.760000
 78.390000, 250.120000,-217.770000
 64.120000, 250.120000,-250.130000
 77.950000, 250.120000,-250.130000
 238.560000, 250.120000, 250.120000
 249.350000,-36.790000,-182.870000
 60.620000, 14.960000,-163.190000
-85.280000,-5.730000,-102.290000
