0.000665
0.007841
0.000224
0.011704
0.015146
0.017546
0.022043
0.004930
0.022901
0.007722
0.014612
0.014044
0.017181
0.013316
0.014306
0.014586
0.015133
0.014902
0.014628
0.014083
0.018452
0.011557
0.014709
0.015448
0.020650
0.009408
0.013875
0.026354
0.003220
0.014903
0.014900
0.017927
0.011729
0.014851
0.015007
0.014836
0.014609
0.015145
0.014850
0.014641
0.014790
0.014924
0.015545
0.014119
0.014808
0.017042
0.012501
0.015236
0.014673
0.015362
0.015073
0.018867
0.010006
0.023940
0.008121
0.012455
0.014704
0.015163
0.016017
0.013531
0.014836
0.014829
0.018520
0.011253
0.014628
0.016114
0.013672
0.018170
0.012124
0.014600
0.018722
0.010686
0.018020
0.012151
0.091168
0.006357
0.000165
0.000078
0.000067
0.000116
0.005922
0.016327
0.015098
0.096556
0.000309
0.000122
0.000105
0.000102
0.000100
0.005001
0.014460
0.015670
0.094391
0.004694
0.000142
0.000059
0.000053
0.000063
0.009092
0.016982
0.011294
0.092567
0.008287
0.000210
0.000101
0.000132
0.000081
0.002844
0.010380
0.018871
0.108736
0.022643
0.000204
0.000074
0.000059
0.000054
0.000053
0.000054
0.010768
0.128041
0.003717
0.000124
0.000062
0.000054
0.000063
0.000053
0.000060
0.000052
0.005561
0.015167
0.012544
0.019189
0.010005
0.018802
0.010458
0.022676
0.007512
0.014780
0.015030
0.015279
0.016645
0.012123
0.015315
0.015488
0.016052
0.012805
0.017208
0.013824
0.013952
0.023924
0.005062
0.017669
0.011825
0.014847
0.015179
0.014850
0.015846
0.013475
0.015413
0.014009
0.015116
0.014927
0.016620
0.015046
0.012483
0.015078
0.015318
0.014241
0.015231
0.015194
0.013925
0.014912
0.014781
0.016098
0.014193
0.015190
0.022024
0.006738
0.014854
0.015071
0.016461
0.018310
0.009746
0.014391
0.014810
0.015051
0.014819
0.014978
0.014700
0.014757
0.019840
0.014729
0.036573
0.000199
0.018623
0.000149
0.015236
0.018354
0.010269
0.015691
0.013450
0.015266
0.015216
0.018282
0.010741
0.016857
0.018485
0.031120
0.005084
0.007993
0.010871
0.018276
0.009813
0.014808
0.015545
0.014157
0.017191
0.012650
0.014640
0.017139
0.018196
0.010918
0.013737
0.015188
0.014081
0.014566
0.015592
0.015112
0.018436
0.010060
0.016440
0.013399
0.014863
0.016354
0.013300
0.016327
0.013119
0.016972
0.012882
0.015523
0.016231
0.012682
0.014870
0.016790
0.013722
0.014848
0.014550
0.014151
0.015564
0.014277
0.015121
0.014686
0.016309
0.013183
0.021101
0.009189
0.014045
0.014815
0.015010
0.015288
0.018051
0.011979
0.015081
0.013742
0.015133
0.023236
0.006648
0.015872
0.013417
0.014799
0.014811
0.014619
0.016435
0.013241
0.015153
0.014886
0.015957
0.013412
0.016249
0.016993
0.011559
0.014364
0.021725
0.008472
0.015104
0.018676
0.011407
0.016470
0.012408
0.015839
0.047696
0.000199
0.000090
0.010442
0.014468
0.014825
0.026900
0.003588
0.014258
0.014543
0.015825
0.017403
0.011888
0.014327
0.015349
0.081345
0.007617
0.000231
0.000117
0.000106
0.009494
0.004611
0.014639
0.015224
0.014345
0.015827
0.013852
0.015035
0.015271
0.016308
0.014699
0.015295
0.014648
0.012598
0.014766
0.016220
0.013364
0.019523
0.010113
0.015220
0.014683
0.059980
0.010288
0.000150
0.000091
0.004494
0.016664
0.013131
0.017823
0.011745
0.016272
0.014688
0.017173
0.012550
0.012652
0.015492
0.014302
0.014889
0.014991
0.015495
0.014906
0.014299
0.015607
0.015180
0.013110
0.015095
0.014666
0.014724
0.015953
0.013866
0.014809
0.021555
0.008157
0.015129
0.015244
0.014718
0.019129
0.010272
0.014630
0.016870
0.015378
0.021566
0.005973
0.016571
0.014871
0.012982
0.015317
0.015445
0.013962
0.014182
0.019624
0.010518
0.014397
0.014653
0.015615
0.017085
0.011971
0.015073
0.015412
0.014726
0.014725
0.014325
0.016402
0.014664
0.013522
0.015075
0.014937
0.016202
0.013917
0.014473
0.014593
0.014750
0.015524
0.015679
0.013229
0.014837
0.015866
0.013903
0.015061
0.015056
0.015647
0.014760
0.014237
0.014501
0.014452
0.014889
0.015185
0.016648
0.013006
0.014778
0.014651
0.014694
0.022029
0.007808
0.014667
0.014833
0.015478
0.014101
0.016865
0.012793
0.016418
0.013840
0.014448
0.022871
0.008611
0.013851
0.014861
0.014972
0.013882
0.017330
0.012533
0.014812
0.014812
0.014628
0.015402
0.014594
0.015734
0.013610
0.016867
0.012951
0.015090
0.015207
0.014941
0.014363
0.015140
0.024689
0.005630
0.014733
0.013801
0.014998
0.015780
0.013910
0.015962
0.013889
0.015902
0.013201
0.015107
0.016721
0.013019
0.014549
0.014904
0.014630
0.015194
0.014518
0.019369
0.014460
0.010965
0.018256
0.011233
0.018519
0.012329
0.048090
0.000238
0.000119
0.010078
0.014514
0.015172
0.022347
0.008107
0.021148
0.008668
0.013675
0.015421
0.018153
0.011577
0.014033
0.014904
0.014679
0.015892
0.015759
0.013124
0.014513
0.014767
0.017023
0.012854
0.020174
0.010428
0.016953
0.012559
0.014690
0.014258
0.018104
0.011584
0.015238
0.014249
0.014719
0.035449
0.003318
0.006158
0.015451
0.013809
0.016827
0.012849
0.015459
0.016071
0.013371
0.017000
0.012389
0.019401
0.009999
0.016530
0.014272
0.013906
0.015133
0.014468
0.014971
0.015222
0.015506
0.017449
0.011434
0.014604
0.014726
0.014798
0.014808
0.018916
0.011216
0.014466
0.015367
0.014043
0.015124
0.023142
0.006481
0.017041
0.012387
0.014929
0.016826
0.012741
0.017973
0.011847
0.015579
0.014090
0.014631
0.015637
0.015278
0.013960
0.014578
0.016643
0.013174
0.018042
0.014077
0.012844
0.015046
0.014439
0.014721
0.014738
0.015876
0.013683
0.015080
0.018125
0.011795
0.014260
0.015069
0.016293
0.013572
0.017011
0.013107
0.014945
0.014067
0.015497
0.014097
0.017793
0.011893
0.014924
0.014782
0.015321
0.015336
0.015116
0.014547
0.016667
0.012306
0.014812
0.014484
0.015175
0.014693
0.014712
0.014895
0.014617
0.014808
0.014758
0.016578
0.013310
0.018419
0.011190
0.016406
0.013431
0.022058
0.007439
0.017970
0.011610
0.016149
0.014430
0.014722
0.014779
0.014372
0.020214
0.018425
0.005673
0.016692
0.015691
0.013630
0.026369
0.005290
0.011322
0.029204
0.003789
0.012345
0.015520
0.014132
0.014181
0.014721
0.015254
0.019366
0.010420
0.014081
0.014893
0.015062
0.014755
0.015089
0.018187
0.011338
0.015039
0.015847
0.013839
0.016931
0.014494
0.013507
0.052735
0.009653
0.000246
0.003151
0.018326
0.004458
0.015534
0.013772
0.015954
0.016151
0.012888
0.015229
0.014211
0.027144
0.003811
0.013483
0.015413
0.014210
0.014897
0.016653
0.013035
0.015217
0.017095
0.012370
0.014801
0.015261
0.014828
0.014553
0.015076
0.014957
0.014219
0.014897
0.015206
0.014789
0.014459
0.014772
0.014931
0.016706
0.013794
0.014475
0.015967
0.013340
0.014931
0.015335
0.015661
0.013319
0.015293
0.016334
0.013346
0.014490
0.014691
0.015852
0.015989
0.012648
0.021243
0.010301
0.012950
0.016709
0.013291
0.014522
0.017219
0.012476
0.016512
0.013330
0.018017
0.011925
0.015651
0.015538
0.013931
0.014328
0.014306
0.015777
0.015208
0.014072
0.074489
0.008619
0.000306
0.000141
0.000112
0.005752
0.014490
0.016538
0.013877
0.014791
0.027484
0.003483
0.013434
0.013768
0.015898
0.013638
0.016053
0.014028
0.015005
0.014177
0.019947
0.010696
0.020295
0.009204
0.017053
0.024510
0.003237
0.015045
0.013779
0.015981
0.014025
0.014450
0.017278
0.014157
0.013119
0.022548
0.009574
0.012598
0.014710
0.016351
0.015117
0.013455
0.021756
0.007583
0.018389
0.011301
0.014731
0.014783
0.014661
0.014842
0.014858
0.016538
0.016570
0.012127
0.015783
0.013216
0.014983
0.017864
0.012286
0.014800
0.014158
0.016290
0.013237
0.016622
0.013625
0.042261
0.004195
0.000242
0.012763
0.014255
0.015555
0.014157
0.014868
0.015006
0.072298
0.006377
0.000242
0.000120
0.000112
0.009768
0.014541
0.014848
0.015131
0.014809
0.014919
0.015101
0.014993
0.014863
0.024437
0.005881
0.014182
0.014153
0.016867
0.015413
0.015982
0.011276
0.019360
0.010677
0.016321
0.012627
0.016360
0.017077
0.017240
0.010108
0.018281
0.010376
0.015393
0.014284
0.019230
0.009919
0.015677
0.014516
0.016772
0.012610
0.015106
0.014614
0.017934
0.011224
0.016522
0.013986
0.014240
0.018147
0.011771
0.015595
0.014125
0.015111
0.014132
0.016108
0.015871
0.016789
0.010959
0.020540
0.008825
0.014950
0.014786
0.014964
0.014818
0.014770
0.015467
0.014031
0.016476
0.016676
0.011469
0.033200
0.005781
0.005623
0.019097
0.010417
0.016471
0.014626
0.013426
0.014613
0.014765
0.014754
0.015559
0.014445
0.014563
0.019219
0.041618
0.004845
0.000248
0.008336
0.014689
0.016029
0.016033
0.013518
0.014819
0.014928
0.014829
0.015349
0.022698
0.008393
0.011843
0.015303
0.022876
0.006423
0.015064
0.027403
0.003048
0.019931
0.008539
0.014988
0.015474
0.015941
0.013318
0.018139
0.012266
0.014300
0.018003
0.016370
0.009810
0.014643
0.015705
0.014319
0.014673
0.014859
0.014688
0.017616
0.017747
0.009013
0.016702
0.014229
0.016632
0.011979
0.015870
0.015756
0.012758
0.015064
0.015432
0.013948
0.014871
0.015372
0.022516
0.007463
0.015087
0.019102
0.009396
0.014812
0.016255
0.014183
0.018351
0.010621
0.014817
0.015252
0.015598
0.013595
0.018594
0.011935
0.016378
0.015073
0.014719
0.012203
0.027040
0.004401
0.016270
0.011667
0.016137
0.013749
0.019521
0.010973
0.013943
0.014907
0.016627
0.014258
0.013449
0.016025
0.017307
0.011471
0.015012
0.015314
0.016012
0.012855
0.016077
0.013972
0.016156
0.013321
0.014682
0.014933
0.014834
0.014809
0.016416
0.029505
0.003440
0.014552
0.010324
0.015343
0.016662
0.015795
0.030965
0.000243
0.011861
0.030141
0.017051
0.006426
0.004119
0.015557
0.013791
0.016408
0.024492
0.003746
0.018132
0.011855
0.017930
0.011916
0.015304
0.013821
0.014822
0.015385
0.014718
0.014558
0.014760
0.016530
0.013204
0.014921
0.017649
0.011969
0.014764
0.015173
0.018018
0.011793
0.017176
0.012020
0.017102
0.013842
0.017581
0.011962
0.014028
0.014524
0.014727
0.015373
0.016623
0.014446
0.013102
0.014856
0.015338
0.018349
0.010725
0.014839
0.015719
0.020937
0.019339
0.004516
0.015484
0.013045
0.017562
0.012040
0.015313
0.015589
0.013956
0.017080
0.012698
0.014535
0.014999
0.014574
0.016915
0.016189
0.016798
0.009299
0.016169
0.017455
0.014984
0.011137
0.016164
0.013946
0.014301
0.014664
0.015523
0.019265
0.012288
0.012302
0.016034
0.016116
0.022518
0.011545
0.008706
0.014067
0.016046
0.014409
0.014041
0.014896
0.014864
0.014877
0.015534
0.021551
0.007507
0.015090
0.016493
0.013478
0.014037
0.015485
0.014975
0.014235
0.014739
0.015477
0.014168
0.015235
0.015419
0.018415
0.012023
0.013337
0.022978
0.006755
0.014556
0.018810
0.013466
0.013001
0.014228
0.014979
0.015472
0.013765
0.014832
0.019574
0.012703
0.012433
0.015794
0.015440
0.033445
0.004498
0.016457
0.005175
0.014311
0.018390
0.009647
0.015276
0.017832
0.015011
0.016783
0.009458
0.015605
0.014836
0.015926
0.014555
0.013954
0.014774
0.014124
0.127983
0.009439
0.000242
0.000094
0.000080
0.000085
0.000067
0.000067
0.000073
0.010263
0.015135
0.029594
0.010754
0.004455
0.015780
0.013354
0.014630
0.015134
0.024703
0.006961
0.013528
0.014930
0.020901
0.009635
0.014460
0.029932
0.003887
0.016333
0.009554
0.016258
0.011933
0.017200
0.012736
0.014146
0.014993
0.015332
0.020112
0.009060
0.014353
0.015463
0.016202
0.015261
0.012795
0.014547
0.015618
0.016051
0.014174
0.014718
0.014292
0.014435
0.014832
0.014958
0.014625
0.015482
0.014485
0.014931
0.014936
0.014484
0.019777
0.009571
0.027773
0.004431
0.012709
0.015641
0.017233
0.016943
0.010680
0.013497
0.014944
0.014754
0.014445
0.015059
0.017178
0.014743
0.012340
0.015167
0.024882
0.004827
0.014643
0.015935
0.013915
0.014991
0.014784
0.015605
0.016613
0.012394
0.015071
0.015733
0.014350
0.013822
0.014918
0.014743
0.014670
0.015952
0.014184
0.014364
0.014866
0.016714
0.013579
0.019516
0.015055
0.009679
0.022866
0.006733
0.014943
0.015084
0.014150
0.015265
0.014445
0.014960
0.014759
0.014572
0.016227
0.014173
0.017638
0.012502
0.019848
0.009165
0.061814
0.007651
0.000245
0.000126
0.004017
0.024362
0.006712
0.014553
0.016574
0.012697
0.014524
0.023361
0.008306
0.014185
0.014949
0.013197
0.017307
0.014420
0.016930
0.011406
0.014682
0.015061
0.015924
0.015652
0.014019
0.012888
0.015014
0.016150
0.013229
0.015152
0.014713
0.014760
0.014743
0.015307
0.014411
0.014607
0.014892
0.015424
0.014322
0.015548
0.014260
0.015376
0.015905
0.013260
0.016670
0.013588
0.014774
0.016559
0.012621
0.031955
0.010263
0.002957
0.018989
0.010911
0.019313
0.009460
0.014688
0.017274
0.016312
0.019848
0.006102
0.015796
0.014481
0.014280
0.015154
0.015275
0.013882
0.015703
0.014187
0.014724
0.015294
0.015248
0.017832
0.014991
0.011217
0.025589
0.008377
0.010734
0.015526
0.019228
0.012031
0.013897
0.015952
0.012897
0.017955
0.014252
0.012215
0.014801
0.015156
0.019826
0.009658
0.014103
0.016227
0.014932
0.013920
0.017087
0.012041
0.015318
0.014252
0.015058
0.015203
0.014098
0.019667
0.026291
0.013930
0.004180
0.013698
0.013379
0.014431
0.017614
0.012910
0.016370
0.012189
0.013723
0.015160
0.014150
0.015456
0.019205
0.010281
0.016149
0.013721
0.014571
0.014370
0.018193
0.011419
0.032452
0.007517
0.008374
0.013761
0.012551
0.015044
0.015081
0.013984
0.014885
0.021334
0.008775
0.018556
0.010833
0.017613
0.013160
0.015028
0.014519
0.016366
0.012769
0.014356
0.014892
0.014606
0.014843
0.015729
0.015055
0.013940
0.014840
0.020624
0.009208
0.014818
0.017491
0.019133
0.007568
0.016611
0.013372
0.014746
0.019187
0.011201
0.014455
0.015270
0.015517
0.013669
0.025219
0.007730
0.015596
0.013664
0.011949
0.014688
0.014765
0.029871
0.004669
0.012713
0.012597
0.016857
0.013250
0.014028
0.015746
0.014520
0.015736
0.013490
0.015839
0.013840
0.014408
0.014829
0.015127
0.017292
0.012589
0.015061
0.014625
0.019077
0.011386
0.014658
0.014228
0.023656
0.005737
0.014660
0.014717
0.015207
0.017615
0.012370
0.014585
0.014811
0.016290
0.017322
0.010630
0.016906
0.012527
0.016631
0.015128
0.013103
0.014552
0.016822
0.013231
0.017217
0.015032
0.011755
0.015481
0.015286
0.014094
0.015546
0.014845
0.015659
0.013805
0.014097
0.024528
0.009456
0.010514
0.017511
0.012143
0.015339
0.014191
0.015779
0.014423
0.014878
0.014242
0.025901
0.005674
0.019823
0.009190
0.013466
0.015389
0.015080
0.014908
0.014044
0.015142
0.014601
0.015051
0.014652
0.015726
0.014604
0.060291
0.000266
0.000140
0.000120
0.013043
0.015335
0.014128
0.014735
0.015102
0.016464
0.019683
0.008373
0.014762
0.015825
0.014913
0.018344
0.009962
0.023914
0.005707
0.014780
0.015640
0.020485
0.012210
0.011066
0.018311
0.011331
0.016534
0.020059
0.012137
0.011398
0.016376
0.015401
0.011791
0.015000
0.014894
0.014805
0.014639
0.015999
0.013612
0.016464
0.014375
0.013866
0.015956
0.013686
0.019700
0.009828
0.016690
0.012924
0.015692
0.014099
0.014804
0.015998
0.013714
0.015109
0.017926
0.011931
0.014463
0.017158
0.017922
0.010059
0.020310
0.008740
0.014591
0.014804
0.015375
0.014519
0.015867
0.013524
0.015947
0.014094
0.014519
0.016108
0.014193
0.014487
0.018325
0.011158
0.015459
0.015995
0.015057
0.012675
0.015761
0.014441
0.014432
0.015562
0.014171
0.014979
0.015049
0.014719
0.015303
0.013944
0.015329
0.014444
0.015561
0.016904
0.014872
0.013186
0.013674
0.015928
0.013965
0.016988
0.013817
0.013557
0.049656
0.006703
0.000262
0.006388
0.011942
0.014384
0.014762
0.014824
0.017307
0.012368
0.017096
0.020283
0.007212
0.018348
0.011408
0.018858
0.011557
0.013948
0.017874
0.012959
0.013841
0.014823
0.019862
0.011701
0.016366
0.012581
0.013669
0.014874
0.014568
0.014795
0.014963
0.015372
0.014428
0.014773
0.015938
0.014020
0.014516
0.015541
0.015066
0.014048
0.018161
0.011287
0.015480
0.015227
0.013772
0.014731
0.015046
0.021694
0.008689
0.014043
0.015232
0.014818
0.014431
0.014846
0.016191
0.013495
0.015621
0.018925
0.011253
0.014989
0.013502
0.016522
0.015098
0.012642
0.015833
0.013996
0.017472
0.014799
0.012095
0.014954
0.020022
0.011716
0.013270
0.015808
0.026764
0.013141
0.022268
0.000256
0.010759
0.017317
0.014329
0.013803
0.019131
0.010611
0.013439
0.014811
0.016560
0.013879
0.015468
0.013697
0.020887
0.023441
0.008220
0.006672
0.015684
0.019074
0.009905
0.014665
0.019651
0.009857
0.031883
0.007705
0.006357
0.018451
0.015056
0.009837
0.020513
0.011396
0.012306
0.019461
0.010407
0.015796
0.013757
0.014754
0.015022
0.015140
0.014476
0.014947
0.014878
0.020465
0.009038
0.016404
0.024105
0.005141
0.014133
0.015305
0.014579
0.016938
0.012375
0.023467
0.006020
0.014722
0.015793
0.015535
0.013802
0.014750
0.034869
0.003484
0.005693
0.014778
0.014730
0.015019
0.014822
0.016107
0.016454
0.016583
0.021976
0.003501
0.014248
0.014848
0.016877
0.012972
0.015856
0.014680
0.013687
0.014890
0.016899
0.013378
0.014226
0.014764
0.015492
0.014305
0.015064
0.015762
0.013859
0.014606
0.017051
0.012954
0.014701
0.014621
0.015009
0.015422
0.013970
0.014832
0.015030
0.014773
0.014769
0.014775
0.014971
0.015166
0.016375
0.013285
0.014368
0.015157
0.017122
0.012592
0.014929
0.014590
0.015658
0.018474
0.010341
0.023174
0.007764
0.018193
0.010559
0.015399
0.019020
0.010184
0.017858
0.011680
0.016231
0.014218
0.015825
0.013109
0.014594
0.017277
0.013004
0.014912
0.014658
0.014096
0.014847
0.014847
0.028510
0.007817
0.039965
0.008859
0.000256
0.008304
0.011304
0.014116
0.015895
0.013272
0.016881
0.014750
0.012985
0.017649
0.012626
0.014367
0.015208
0.016248
0.012762
0.015391
0.015478
0.013985
0.014397
0.015889
0.014241
0.014898
0.014451
0.018049
0.013477
0.013131
0.014725
0.018127
0.011928
0.019847
0.009438
0.014646
0.015718
0.016928
0.012564
0.014868
0.014074
0.014883
0.016642
0.013548
0.014409
0.017253
0.013142
0.015114
0.024212
0.004324
0.014817
0.023646
0.006562
0.015698
0.014274
0.014190
0.014713
0.015072
0.015183
0.014732
0.014876
0.016295
0.015822
0.011817
0.016963
0.012727
0.015020
0.014812
0.015611
0.015247
0.016911
0.013195
0.015421
0.012969
0.014830
0.019847
0.010904
0.017379
0.010731
0.014823
0.014991
0.016777
0.016141
0.017935
0.009042
0.014348
0.018704
0.016429
0.009171
0.024001
0.016805
0.003729
0.014668
0.015369
0.014336
0.015641
0.014703
0.015969
0.013020
0.018623
0.011235
0.014750
0.015156
0.014386
0.015978
0.014197
0.016666
0.012714
0.015098
0.014408
0.022273
0.009730
0.012681
0.015473
0.016716
0.013184
0.025678
0.003727
0.014412
0.017051
0.012413
0.014752
0.015703
0.014609
0.014519
0.015898
0.016360
0.019805
0.007096
0.015892
0.013711
0.015884
0.014365
0.015295
0.013829
0.014746
0.014862
0.014827
0.016572
0.013680
0.014397
0.014794
0.014633
0.015150
0.014784
0.015218
0.016946
0.014906
0.012204
0.015668
0.015663
0.012938
0.016027
0.014519
0.018987
0.015411
0.010383
0.016463
0.014745
0.012389
0.014687
0.015136
0.016858
0.016227
0.015570
0.039249
0.005125
0.000187
0.011237
0.014978
0.016812
0.013510
0.013705
0.015125
0.023806
0.024333
0.003962
0.011040
0.012089
0.014401
0.013987
0.014772
0.014558
0.018629
0.011129
0.015620
0.015532
0.017386
0.017285
0.014085
0.026145
0.011493
0.013096
0.010736
0.007304
0.015757
0.013502
0.014743
0.014944
0.017175
0.021687
0.005863
0.023007
0.006771
0.014533
0.017255
0.014825
0.012429
0.014812
0.016440
0.013518
0.014630
0.015159
0.014779
0.016226
0.014422
0.014642
0.014505
0.014415
0.015004
0.015558
0.016074
0.013812
0.014081
0.014416
0.017033
0.014922
0.014476
0.012775
0.015033
0.015246
0.020708
0.008256
0.016266
0.014177
0.017631
0.014479
0.013367
0.013734
0.014513
0.015134
0.014450
0.015842
0.013510
0.016450
0.013704
0.015441
0.014232
0.014938
0.017250
0.012012
0.014672
0.014877
0.018734
0.011275
0.014684
0.014877
0.015173
0.014596
0.014663
0.019155
0.022106
0.003444
0.016614
0.012917
0.015014
0.015431
0.014210
0.014723
0.018965
0.011406
0.014233
0.014912
0.017699
0.012294
0.015056
0.016655
0.016482
0.012263
0.013098
0.014982
0.015078
0.014809
0.015519
0.014134
0.014703
0.015291
0.014340
0.014729
0.015058
0.015840
0.016515
0.012077
0.014899
0.016280
0.013368
0.019131
0.011133
0.014134
0.014923
0.017667
0.012166
0.014848
0.015347
0.014061
0.014807
0.015634
0.014545
0.014737
0.016549
0.013486
0.014307
0.014838
0.015130
0.043783
0.003226
0.000266
0.013375
0.013742
0.015765
0.015091
0.013102
0.015227
0.014827
0.014754
0.014800
0.015729
0.013576
0.015541
0.014287
0.015312
0.014473
0.014855
0.015605
0.013608
0.015483
0.014301
0.017252
0.015776
0.011544
0.014851
0.014766
0.014835
0.016498
0.013901
0.014155
0.014725
0.014941
0.014979
0.014624
0.073251
0.008592
0.000276
0.000138
0.000127
0.008113
0.013484
0.020884
0.008665
0.014779
0.014733
0.014774
0.016538
0.014474
0.013792
0.065372
0.006301
0.000278
0.000139
0.004192
0.014494
0.022532
0.006432
0.013886
0.017633
0.012513
0.016347
0.012672
0.014907
0.014654
0.015744
0.014175
0.018228
0.012543
0.013416
0.014847
0.016914
0.013098
0.015530
0.015959
0.013432
0.016044
0.013009
0.015284
0.014963
0.014157
0.017455
0.012376
0.015008
0.014559
0.016653
0.014510
0.014943
0.013656
0.014728
0.024091
0.008930
0.016850
0.009339
0.014952
0.016386
0.013229
0.018997
0.011038
0.014367
0.033029
0.009976
0.002881
0.016789
0.012595
0.013841
0.015994
0.013335
0.015743
0.014196
0.021607
0.008055
0.018995
0.012247
0.013021
0.016042
0.015221
0.013330
0.014743
0.021643
0.009885
0.013064
0.015115
0.015472
0.014211
0.014613
0.016694
0.012759
0.014775
0.019721
0.012511
0.015078
0.020888
0.070182
0.007624
0.000264
0.000142
0.000184
0.003250
0.014549
0.022751
0.006635
0.014291
0.014550
0.015544
0.016704
0.012066
0.015280
0.015089
0.014807
0.014692
0.018750
0.018847
0.007081
0.016569
0.012524
0.015265
0.018361
0.016791
0.017928
0.005866
0.015124
0.017420
0.011986
0.014689
0.014966
0.014799
0.014844
0.017412
0.012356
0.015217
0.015443
0.013799
0.014664
0.017586
0.013633
0.013392
0.015221
0.014667
0.014687
0.015267
0.014417
0.016190
0.014454
0.013867
0.014649
0.015394
0.015446
0.013842
0.016074
0.014115
0.014464
0.015652
0.013625
0.038443
0.017133
0.010059
0.000274
0.013076
0.013883
0.011085
0.015295
0.016404
0.012878
0.015079
0.015636
0.014342
0.014791
0.014410
0.017490
0.012011
0.015242
0.015277
0.017175
0.011867
0.016140
0.016048
0.012980
0.017124
0.011865
0.015691
0.013969
0.014900
0.021276
0.008472
0.014949
0.014547
0.017253
0.012370
0.015331
0.015186
0.014295
0.015002
0.014609
0.014724
0.014810
0.014697
0.038046
0.004901
0.004032
0.012877
0.016022
0.013765
0.014413
0.017241
0.013651
0.014266
0.014274
0.014657
0.014821
0.014898
0.017405
0.012757
0.014370
0.015417
0.014302
0.014828
0.015343
0.015098
0.014100
0.014692
0.015067
0.014817
0.014980
0.017109
0.013699
0.013464
0.015008
0.014980
0.015931
0.013889
0.015539
0.025539
0.006631
0.011513
0.014932
0.022105
0.008620
0.016257
0.013069
0.014371
0.016051
0.014560
0.013304
0.015392
0.014657
0.015161
0.014826
0.015057
0.015918
0.014738
0.027322
0.006958
0.010124
0.017673
0.013339
0.011859
0.015242
0.015197
0.013836
0.017020
0.012923
0.019036
0.011105
0.014712
0.014937
0.014575
0.015326
0.015433
0.013876
0.014522
0.014813
0.015464
0.016583
0.013858
0.017598
0.015573
0.010012
0.015340
0.014275
0.016311
0.013512
0.016461
0.013176
0.014844
0.014595
0.014890
0.019117
0.010774
0.015650
0.013767
0.015200
0.014882
0.017962
0.011428
0.017118
0.012864
0.017234
0.012231
0.014898
0.015559
0.014046
0.017543
0.012182
0.016157
0.013180
0.015602
0.015393
0.015725
0.012777
0.014637
0.015807
0.013889
0.015239
0.018622
0.011456
0.014357
0.014559
0.015598
0.014100
0.014768
0.014879
0.016141
0.013601
0.014635
0.016630
0.013175
0.014550
0.015680
0.014317
0.014507
0.015445
0.014649
0.014856
0.016771
0.013042
0.024562
0.021343
0.010657
0.006687
0.011933
0.013375
0.017497
0.012186
0.015437
0.014913
0.014327
0.014691
0.014861
0.015687
0.014133
0.015716
0.053611
0.021501
0.000267
0.000141
0.004058
0.009532
0.013906
0.015179
0.014183
0.015045
0.035798
0.005420
0.007200
0.011650
0.014086
0.014729
0.015698
0.017493
0.011584
0.014629
0.015909
0.023016
0.005729
0.016551
0.013196
0.015550
0.014435
0.014120
0.014648
0.021484
0.008757
0.014870
0.014984
0.014149
0.014833
0.014858
0.015414
0.019763
0.009291
0.015394
0.015001
0.015147
0.014171
0.015121
0.014056
0.015110
0.014915
0.014475
0.015393
0.014866
0.016697
0.012617
0.015379
0.014292
0.014612
0.014911
0.014725
0.014977
0.014922
0.015456
0.015114
0.013923
0.014738
0.018761
0.013001
0.013287
0.015558
0.013527
0.015865
0.013815
0.015756
0.014434
0.020461
0.012703
0.011153
0.015334
0.014051
0.014909
0.014872
0.018805
0.011019
0.014698
0.023229
0.008227
0.013515
0.014394
0.016600
0.013053
0.014746
0.014942
0.016313
0.014780
0.013390
0.015449
0.020455
0.014112
0.009269
0.015247
0.014508
0.015835
0.014252
0.014083
0.016951
0.024305
0.015396
0.025194
0.008362
0.008613
0.005779
0.020276
0.009003
0.016016
0.018404
0.014383
0.011871
0.015798
0.012768
0.014158
0.015448
0.016184
0.022907
0.004934
0.018855
0.011221
0.014841
0.015096
0.014364
0.014983
0.014566
0.015531
0.028913
0.003324
0.012521
0.013769
0.018325
0.013319
0.015070
0.013472
0.014036
0.015035
0.015911
0.022712
0.015842
0.004839
0.014798
0.014943
0.014881
0.016017
0.022140
0.008119
0.012901
0.014925
0.016603
0.013081
0.014725
0.017124
0.014843
0.012758
0.014803
0.014994
0.016515
0.013218
0.015954
0.013322
0.015035
0.014801
0.015377
0.016853
0.012605
0.015426
0.017956
0.011062
0.014441
0.017811
0.012521
0.014561
0.017061
0.012718
0.014625
0.014701
0.014848
0.014981
0.014863
0.014699
0.017811
0.013086
0.013681
0.016188
0.013865
0.015016
0.014232
0.014909
0.014762
0.014917
0.014853
0.015025
0.015188
0.014204
0.015304
0.014338
0.015852
0.015362
0.013555
0.015258
0.016752
0.013998
0.013494
0.014923
0.015185
0.014138
0.021431
0.009666
0.019302
0.011047
0.012926
0.015216
0.014449
0.015532
0.013782
0.015267
0.017006
0.014651
0.012667
0.014664
0.018420
0.011553
0.015020
0.021394
0.035293
0.003315
0.000279
0.014753
0.015176
0.013286
0.018170
0.011236
0.016173
0.013568
0.015176
0.014736
0.014888
0.018454
0.014167
0.012796
0.027333
0.011286
0.009378
0.010161
0.015897
0.013798
0.014866
0.015394
0.015399
0.014135
0.015294
0.015204
0.014425
0.014423
0.015485
0.014106
0.016972
0.012587
0.024527
0.006182
0.014168
0.014375
0.019446
0.013353
0.012929
0.013996
0.014751
0.015166
0.014524
0.019329
0.009994
0.015188
0.015421
0.014204
0.015152
0.014810
0.017555
0.013700
0.014529
0.019269
0.010921
0.013055
0.019692
0.010088
0.022060
0.006816
0.018990
0.010841
0.015408
0.021080
0.008594
0.014400
0.015377
0.014501
0.015000
0.016428
0.014249
0.013143
0.019579
0.010539
0.016894
0.012599
0.017799
0.012008
0.014637
0.014822
0.017932
0.011751
0.019074
0.014727
0.012855
0.017113
0.010086
0.015169
0.014568
0.016379
0.013359
0.015446
0.014107
0.017046
0.012648
0.014808
0.014777
0.015252
0.014522
0.014841
0.014811
0.014826
0.014842
0.015261
0.014584
0.014519
0.014918
0.018874
0.011139
0.015379
0.014038
0.014731
0.018291
0.011345
0.014698
0.014788
0.015301
0.014782
0.014646
0.016787
0.012836
0.015440
0.015577
0.014635
0.013628
0.014803
0.015744
0.014037
0.015363
0.016647
0.012968
0.016087
0.016956
0.013695
0.014386
0.018572
0.010501
0.013375
0.014737
0.016722
0.017553
0.024986
0.007572
0.007501
0.017218
0.012980
0.015069
0.013842
0.014757
0.033575
0.013982
0.002832
0.009517
0.015736
0.014284
0.013838
0.025287
0.004319
0.016004
0.013629
0.026310
0.003261
0.015242
0.015383
0.017335
0.015727
0.026813
0.006768
0.008108
0.013275
0.015002
0.014756
0.014971
0.015919
0.022154
0.006403
0.015544
0.014978
0.013899
0.018888
0.013471
0.012433
0.017655
0.013550
0.013104
0.015747
0.015251
0.013396
0.016724
0.013481
0.015436
0.013819
0.014903
0.014792
0.014787
0.016773
0.013358
0.019059
0.009923
0.015455
0.015378
0.014341
0.018075
0.014996
0.011674
0.014138
0.015873
0.014135
0.018657
0.011831
0.016611
0.020845
0.006037
0.014542
0.016254
0.016699
0.012273
0.015137
0.013810
0.017456
0.061687
0.013223
0.000272
0.000146
0.000136
0.011666
0.019035
0.010844
0.016639
0.012831
0.017514
0.012852
0.013395
0.015211
0.015799
0.014798
0.013971
0.014959
0.015943
0.014186
0.018343
0.010711
0.014715
0.014689
0.016147
0.013576
0.016734
0.012959
0.014993
0.014866
0.015065
0.021995
0.007786
0.014524
0.015660
0.014504
0.015001
0.024567
0.005025
0.015121
0.013911
0.017157
0.012583
0.014915
0.015232
0.014900
0.024718
0.009599
0.009928
0.014606
0.014892
0.014742
0.015310
0.014542
0.016911
0.016035
0.016806
0.013600
0.010625
0.017885
0.012350
0.014433
0.016093
0.013790
0.018059
0.012521
0.013701
0.015852
0.023273
0.006509
0.050197
0.008540
0.000292
0.004139
0.014313
0.010287
0.016107
0.015671
0.012839
0.017691
0.012275
0.016125
0.013430
0.014773
0.017831
0.014130
0.013000
0.019328
0.015871
0.015231
0.008539
0.015512
0.014334
0.015198
0.014847
0.014580
0.015094
0.014430
0.015956
0.017963
0.012020
0.013677
0.015294
0.015263
0.013344
0.015737
0.054372
0.007646
0.000274
0.000146
0.011216
0.015382
0.016952
0.014718
0.013905
0.015862
0.012617
0.017656
0.021870
0.004655
0.024021
0.006160
0.013879
0.018193
0.013795
0.012831
0.018389
0.014737
0.011265
0.065170
0.023844
0.000276
0.000147
0.002916
0.000298
0.011527
0.015182
0.015106
0.013945
0.014613
0.015014
0.020599
0.008933
0.014893
0.083382
0.007591
0.000276
0.000143
0.000143
0.000135
0.012537
0.015345
0.073064
0.018649
0.000281
0.000146
0.000139
0.005981
0.007020
0.013902
0.025721
0.004238
0.015870
0.019559
0.011902
0.011127
0.018660
0.012761
0.012754
0.015670
0.016268
0.012207
0.015745
0.014167
0.015460
0.013767
0.015248
0.014598
0.014679
0.015357
0.014297
0.022541
0.009215
0.012921
0.053928
0.007485
0.000329
0.000152
0.013981
0.019617
0.008439
0.025290
0.016926
0.018844
0.000279
0.012705
0.015126
0.014736
0.020888
0.008541
0.015215
0.016752
0.019667
0.010850
0.012873
0.013831
0.015129
0.014531
0.015735
0.014527
0.014240
0.015229
0.014427
0.015383
0.014952
0.013740
0.015324
0.015311
0.014565
0.014880
0.014439
0.014935
0.018106
0.030887
0.006759
0.008196
0.010124
0.015315
0.014284
0.018384
0.011686
0.015077
0.014010
0.015861
0.015129
0.013916
0.014731
0.014757
0.015890
0.019297
0.012609
0.012673
0.013711
0.015949
0.017685
0.011008
0.014758
0.014727
0.016603
0.014283
0.013290
0.015422
0.016140
0.015556
0.014399
0.012828
0.015633
0.015047
0.022755
0.023518
0.003778
0.010973
0.027997
0.003378
0.011033
0.014066
0.014969
0.014690
0.015352
0.014795
0.014551
0.017507
0.013705
0.013431
0.015152
0.016145
0.013348
0.015179
0.016270
0.012738
0.016062
0.013523
0.021304
0.008525
0.014655
0.014887
0.024932
0.004966
0.014727
0.044855
0.006994
0.000287
0.011444
0.010936
0.014251
0.016426
0.018834
0.009670
0.014727
0.016064
0.013340
0.015740
0.013910
0.015244
0.019885
0.031300
0.003711
0.004056
0.015045
0.014519
0.018707
0.012455
0.018401
0.009720
0.014998
0.014923
0.037369
0.003328
0.003687
0.015419
0.016328
0.012896
0.016576
0.013003
0.014862
0.014682
0.014894
0.016980
0.014893
0.014214
0.013232
0.015479
0.014476
0.015818
0.014222
0.015427
0.014158
0.015576
0.013582
0.014890
0.014650
0.017521
0.014908
0.012766
0.014274
0.014782
0.015713
0.015469
0.013542
0.015028
0.014311
0.015932
0.014716
0.016603
0.012245
0.019872
0.009763
0.014800
0.036159
0.002790
0.006017
0.024985
0.004222
0.014712
0.016057
0.013554
0.034545
0.003727
0.007138
0.015070
0.014307
0.014568
0.015126
0.014703
0.014612
0.014946
0.015124
0.014483
0.043500
0.005953
0.000320
0.009585
0.014783
0.014824
0.014984
0.014528
0.027504
0.002977
0.014244
0.014837
0.017792
0.019334
0.007844
0.031802
0.003262
0.009137
0.015400
0.016072
0.014472
0.013417
0.016791
0.016095
0.011393
0.015196
0.014413
0.015183
0.014735
0.015825
0.013790
0.014972
0.025473
0.004082
0.015651
0.013825
0.014889
0.015046
0.017046
0.012621
0.018989
0.010644
0.016009
0.016510
0.013834
0.013125
0.017526
0.012352
0.021951
