0.000014
0.007077
0.000222
0.000108
0.000101
0.012772
0.011100
0.013817
0.014787
0.014901
0.015161
0.016057
0.014708
0.014126
0.014200
0.015108
0.014605
0.014720
0.014720
0.015678
0.014318
0.014657
0.014854
0.014940
0.015205
0.014524
0.014414
0.016485
0.013581
0.014816
0.015016
0.014752
0.015793
0.014344
0.014349
0.015612
0.013859
0.015050
0.014826
0.016135
0.014031
0.014435
0.015064
0.014443
0.015407
0.014710
0.019082
0.014270
0.013524
0.012454
0.014557
0.014670
0.015163
0.017893
0.012029
0.014546
0.014489
0.015578
0.014243
0.014954
0.015483
0.014292
0.016246
0.013470
0.016990
0.012776
0.016878
0.012543
0.014952
0.014991
0.014568
0.014629
0.016386
0.015134
0.013271
0.015086
0.014903
0.015858
0.014778
0.013400
0.018258
0.011243
0.014950
0.017431
0.012610
0.014717
0.015207
0.016060
0.013390
0.014509
0.014959
0.016051
0.014034
0.014362
0.015841
0.016162
0.013429
0.013977
0.014666
0.015442
0.014395
0.015024
0.014605
0.015582
0.015547
0.013404
0.014942
0.014837
0.015279
0.014233
0.014883
0.016037
0.013812
0.015252
0.014587
0.016811
0.012702
0.014671
0.014656
0.015073
0.015615
0.014701
0.016147
0.012747
0.015010
0.015070
0.015270
0.014802
0.014075
0.014682
0.015424
0.014477
0.015193
0.015677
0.013757
0.014819
0.015845
0.014544
0.015408
0.013681
0.016296
0.015563
0.013256
0.014047
0.014820
0.015762
0.013716
0.015092
0.015655
0.013756
0.015010
0.014846
0.015433
0.014504
0.014823
0.014666
0.015459
0.014294
0.015594
0.015004
0.013615
0.014976
0.014948
0.016172
0.013375
0.017145
0.013153
0.014558
0.015327
0.014018
0.015960
0.013705
0.015077
0.015179
0.014322
0.015004
0.015285
0.015304
0.014272
0.015391
0.016684
0.014002
0.020613
0.007329
0.017370
0.012118
0.016507
0.013186
0.015573
0.013900
0.020835
0.018832
0.007850
0.012202
0.015997
0.013588
0.015089
0.014930
0.014354
0.014740
0.015086
0.014645
0.015232
0.014932
0.015077
0.014171
0.015175
0.015000
0.014179
0.015385
0.014314
0.015189
0.014657
0.015773
0.013779
0.017517
0.012224
0.014862
0.015233
0.014336
0.014797
0.015009
0.015267
0.019668
0.009953
0.016315
0.014306
0.013866
0.014533
0.016319
0.013382
0.015192
0.014707
0.014566
0.014719
0.014842
0.017374
0.012491
0.014515
0.014719
0.015178
0.016000
0.013819
0.015742
0.013719
0.015648
0.013992
0.015610
0.014899
0.014458
0.014407
0.014874
0.015429
0.017526
0.013640
0.012873
0.014740
0.015291
0.014929
0.016329
0.017978
0.009515
0.014888
0.015674
0.016039
0.012937
0.016591
0.014540
0.013940
0.014260
0.014926
0.014635
0.014691
0.015870
0.014904
0.014674
0.020214
0.011778
0.014267
0.013373
0.013568
0.022418
0.007705
0.014877
0.014265
0.015047
0.018139
0.012002
0.014949
0.014067
0.015130
0.014333
0.015834
0.014508
0.015685
0.014323
0.015831
0.014117
0.014343
0.014433
0.015392
0.014675
0.161585
0.006455
0.000226
0.000112
0.000102
0.000098
0.000096
0.000095
0.000096
0.000097
0.000096
0.008332
0.015840
0.013784
0.037539
0.003013
0.004878
0.014568
0.015054
0.015670
0.013455
0.014447
0.017984
0.012086
0.014564
0.015888
0.013588
0.017643
0.012065
0.015074
0.015498
0.013980
0.015155
0.015787
0.015792
0.012411
0.016006
0.014376
0.014762
0.016843
0.012571
0.018255
0.011938
0.014047
0.015399
0.014450
0.014898
0.015445
0.013918
0.014975
0.014833
0.016954
0.013429
0.016637
0.012440
0.015172
0.014196
0.014874
0.015261
0.015144
0.014421
0.017626
0.011801
0.016087
0.014209
0.015148
0.014916
0.013630
0.018582
0.021206
0.005179
0.014448
0.015467
0.014606
0.018498
0.011328
0.015294
0.017355
0.011309
0.014583
0.017339
0.012462
0.015808
0.014024
0.015178
0.015517
0.013991
0.016044
0.013435
0.014731
0.016852
0.013814
0.014108
0.014403
0.015106
0.015228
0.017447
0.012320
0.014079
0.015497
0.014160
0.015113
0.014436
0.017842
0.013946
0.019878
0.012319
0.011348
0.014380
0.016189
0.014515
0.013248
0.015408
0.016789
0.013553
0.014572
0.014233
0.015861
0.015932
0.017604
0.010000
0.016714
0.012151
0.016233
0.014215
0.014784
0.020419
0.013257
0.010143
0.015836
0.014185
0.014620
0.020552
0.011000
0.014509
0.013574
0.015769
0.014874
0.015275
0.015604
0.015428
0.012712
0.014280
0.015313
0.014196
0.019608
0.011188
0.013838
0.014598
0.016766
0.018044
0.017616
0.007378
0.014318
0.016764
0.014902
0.017075
0.011180
0.015485
0.013843
0.014931
0.019654
0.013047
0.033355
0.005078
0.003141
0.028772
0.006826
0.008791
0.019254
0.018287
0.006706
0.017945
0.048000
0.013382
0.000235
0.009266
0.011517
0.025802
0.013665
0.012014
0.003750
0.012455
0.010325
0.014859
0.017236
0.017440
0.012401
0.016230
0.014430
0.010997
0.017168
0.013968
0.014152
0.015418
0.014220
0.014659
0.017182
0.011975
0.022799
0.007118
0.029371
0.004597
0.018502
0.010840
0.010462
0.016018
0.013855
0.014941
0.016557
0.014324
0.013764
0.014952
0.014485
0.015224
0.015106
0.015725
0.013423
0.016891
0.012955
0.015785
0.016078
0.013188
0.014024
0.017290
0.012867
0.015826
0.014234
0.015907
0.013810
0.016217
0.013185
0.014906
0.016037
0.019982
0.008960
0.017616
0.011459
0.018624
0.011330
0.018285
0.012712
0.015638
0.012202
0.020514
0.011070
0.013673
0.017026
0.012474
0.014118
0.015926
0.013632
0.019297
0.012090
0.014732
0.018207
0.013798
0.010976
0.015738
0.019302
0.016597
0.007831
0.016486
0.013201
0.018315
0.017483
0.014206
0.010733
0.013843
0.015907
0.016788
0.013194
0.016387
0.011947
0.015045
0.018116
0.011855
0.014313
0.018233
0.013189
0.013353
0.014407
0.014549
0.017402
0.018006
0.009481
0.015022
0.014567
0.018916
0.013720
0.012732
0.013898
0.014791
0.015034
0.016594
0.014235
0.019033
0.012200
0.018028
0.011966
0.011730
0.024132
0.006910
0.014444
0.014180
0.016680
0.018973
0.011162
0.013004
0.018622
0.012215
0.013469
0.015745
0.026949
0.013969
0.003119
0.017888
0.013877
0.012778
0.016485
0.013397
0.013949
0.014494
0.016070
0.015077
0.013741
0.015658
0.015168
0.017880
0.010647
0.016609
0.016693
0.013584
0.012535
0.015281
0.015859
0.016866
0.015652
0.011175
0.017657
0.011288
0.014292
0.017741
0.015927
0.011792
0.014260
0.014840
0.015560
0.013603
0.015822
0.018054
0.012116
0.020587
0.008243
0.016604
0.014497
0.012920
0.019166
0.011116
0.017741
0.019683
0.013536
0.007979
0.016928
0.016638
0.010885
0.015216
0.024741
0.006103
0.015533
0.012232
0.017295
0.012460
0.016432
0.017050
0.011681
0.017542
0.014833
0.011931
0.014136
0.015500
0.016056
0.023511
0.005290
0.017459
0.011779
0.019859
0.009295
0.015752
0.015441
0.021743
0.010759
0.010534
0.015327
0.015660
0.013445
0.017125
0.016238
0.017877
0.008856
0.014911
0.014181
0.017379
0.013623
0.013514
0.014974
0.017797
0.012647
0.017578
0.011520
0.017676
0.011798
0.018950
0.014890
0.013143
0.012049
0.014953
0.014901
0.016912
0.014990
0.013958
0.013500
0.015018
0.016217
0.014585
0.015050
0.012805
0.022395
0.007850
0.014346
0.015077
0.015240
0.022343
0.006578
0.015141
0.015808
0.013958
0.014998
0.015143
0.014829
0.016287
0.013040
0.015242
0.013925
0.018363
0.011908
0.014497
0.014836
0.020027
0.010157
0.014613
0.015503
0.014199
0.014941
0.015430
0.019221
0.009469
0.014824
0.016400
0.013958
0.014092
0.015342
0.014304
0.014399
0.016375
0.013822
0.017234
0.015276
0.011540
0.014991
0.019332
0.011398
0.013772
0.018233
0.011510
0.015481
0.021026
0.008285
0.014647
0.015761
0.015686
0.012823
0.016685
0.014927
0.015825
0.013902
0.013091
0.014342
0.019992
0.011377
0.018107
0.013540
0.011591
0.014695
0.033095
0.012440
0.006992
0.007658
0.015797
0.012722
0.020541
0.010219
0.017270
0.011800
0.014691
0.016020
0.013707
0.014715
0.018412
0.016058
0.015001
0.010065
0.022759
0.006428
0.015714
0.014731
0.014937
0.013755
0.015655
0.017295
0.012734
0.014884
0.021321
0.007150
0.021115
0.008706
0.014845
0.014720
0.018994
0.011706
0.014173
0.017700
0.011448
0.015059
0.016035
0.015878
0.015290
0.012655
0.017732
0.012072
0.016403
0.012547
0.014733
0.016215
0.013582
0.015821
0.014777
0.015935
0.012724
0.017465
0.012614
0.014820
0.015391
0.013804
0.016022
0.020838
0.011249
0.011762
0.015983
0.019326
0.019322
0.007617
0.013887
0.022833
0.004513
0.015326
0.040902
0.003683
0.018686
0.005316
0.015126
0.007092
0.012456
0.015150
0.015034
0.014599
0.014758
0.015688
0.013883
0.043302
0.006063
0.000243
0.009996
0.014758
0.017287
0.014973
0.012412
0.014353
0.015221
0.015205
0.015863
0.016730
0.011599
0.017881
0.012883
0.013653
0.015321
0.021479
0.007790
0.014959
0.016369
0.015226
0.015289
0.014082
0.012991
0.015096
0.015726
0.016320
0.016937
0.010487
0.014724
0.016388
0.013471
0.016227
0.013800
0.014165
0.015316
0.015644
0.014213
0.015092
0.016144
0.013409
0.014185
0.014858
0.020915
0.009132
0.016369
0.013018
0.017044
0.013497
0.016565
0.014025
0.015449
0.012811
0.014440
0.016334
0.013079
0.015962
0.014170
0.018100
0.012398
0.016782
0.012276
0.016006
0.014038
0.014889
0.014544
0.018125
0.010974
0.015933
0.014964
0.014422
0.017160
0.013890
0.012795
0.018545
0.016435
0.014468
0.009574
0.015720
0.014719
0.016354
0.013573
0.015425
0.014082
0.014201
0.015706
0.014382
0.014869
0.018156
0.021922
0.011330
0.015219
0.007922
0.018096
0.013112
0.013260
0.017680
0.011611
0.014882
0.022527
0.006979
0.019935
0.010267
0.014638
0.014997
0.014929
0.019706
0.011940
0.016297
0.011300
0.016078
0.017788
0.010059
0.015707
0.017065
0.021478
0.009131
0.011512
0.027852
0.004983
0.011565
0.015438
0.015466
0.013378
0.014125
0.015547
0.018729
0.010738
0.017086
0.013716
0.020374
0.008444
0.014203
0.019030
0.010515
0.019617
0.013361
0.015581
0.018253
0.010974
0.016275
0.010797
0.020824
0.008573
0.014270
0.015066
0.018267
0.013234
0.014992
0.013361
0.018893
0.033364
0.014992
0.004507
0.011345
0.005315
0.017200
0.012058
0.025873
0.004154
0.018002
0.012045
0.014932
0.014868
0.016048
0.014135
0.019942
0.009063
0.015716
0.013410
0.015742
0.017885
0.010741
0.014736
0.015018
0.014897
0.014655
0.014916
0.015311
0.019148
0.018910
0.006307
0.014621
0.021111
0.010077
0.013028
0.014862
0.079543
0.011333
0.000243
0.000121
0.000112
0.002649
0.012767
0.012050
0.014978
0.015179
0.014252
0.014821
0.018051
0.012493
0.014443
0.014189
0.016710
0.013225
0.014696
0.014914
0.014643
0.015478
0.014226
0.016180
0.015459
0.018347
0.009259
0.014948
0.014743
0.015046
0.015364
0.014967
0.013858
0.023170
0.010263
0.012143
0.014304
0.014960
0.016321
0.019619
0.008295
0.015788
0.013584
0.014885
0.024841
0.004626
0.016030
0.013769
0.016599
0.014836
0.013103
0.015629
0.014419
0.017236
0.012574
0.014888
0.016031
0.013030
0.015597
0.030064
0.003276
0.011471
0.014077
0.015353
0.014239
0.014429
0.015224
0.014945
0.014412
0.014948
0.017573
0.012072
0.015188
0.014358
0.015304
0.014362
0.014799
0.014944
0.014812
0.015375
0.014065
0.014918
0.015011
0.014824
0.015185
0.014349
0.029571
0.013919
0.004062
0.012245
0.014080
0.016369
0.013566
0.014739
0.016079
0.014256
0.014588
0.014340
0.015140
0.015293
0.013971
0.015519
0.014344
0.015978
0.013569
0.015069
0.015338
0.014653
0.015158
0.014397
0.014350
0.014988
0.015010
0.014891
0.014664
0.014789
0.016233
0.013225
0.015050
0.023084
0.006648
0.015542
0.014524
0.014405
0.016021
0.014004
0.083753
0.008321
0.000170
0.000121
0.000123
0.000110
0.010639
0.017634
0.011999
0.015674
0.014077
0.015692
0.013984
0.014761
0.015020
0.014880
0.014922
0.015248
0.014156
0.015497
0.014813
0.017842
0.010990
0.015073
0.015292
0.014370
0.016765
0.013903
0.014697
0.064724
0.000248
0.000125
0.000115
0.008165
0.014815
0.017531
0.012938
0.014721
0.014842
0.014309
0.015499
0.014620
0.013998
0.015051
0.014765
0.015380
0.014273
0.015284
0.016616
0.012755
0.014759
0.014564
0.015135
0.014899
0.014581
0.015139
0.017446
0.012389
0.016493
0.013473
0.014611
0.014418
0.015200
0.015918
0.014152
0.014483
0.014873
0.015038
0.014527
0.014884
0.016411
0.013066
0.014688
0.015035
0.015765
0.013760
0.015156
0.015230
0.031102
0.004380
0.008591
0.014673
0.014760
0.015123
0.014823
0.015087
0.014426
0.016865
0.014907
0.013121
0.014297
0.015844
0.014057
0.014829
0.015251
0.014222
0.015193
0.016040
0.013577
0.014451
0.017346
0.013694
0.013670
0.016574
0.013092
0.014864
0.014890
0.014970
0.017260
0.012209
0.015408
0.019613
0.009667
0.015881
0.014494
0.014361
0.014487
0.014828
0.016602
0.013435
0.017762
0.011453
0.015239
0.014912
0.014973
0.015551
0.014068
0.016499
0.012664
0.016062
0.013691
0.015317
0.014573
0.014943
0.015801
0.014049
0.014237
0.015489
0.014049
0.017514
0.012332
0.018929
0.011004
0.014691
0.014749
0.016124
0.013893
0.026879
0.012407
0.007702
0.012540
0.014537
0.018030
0.011524
0.014755
0.015019
0.016210
0.013749
0.014789
0.014481
0.017165
0.012577
0.014687
0.015176
0.014498
0.017197
0.012639
0.014714
0.023447
0.009474
0.015589
0.011701
0.014236
0.014348
0.015180
0.015033
0.014963
0.014750
0.017092
0.016860
0.012278
0.013332
0.014721
0.015239
0.013966
0.016480
0.013817
0.014880
0.014109
0.014884
0.014745
0.015328
0.016027
0.013063
0.016617
0.013396
0.018022
0.011725
0.016646
0.012876
0.015103
0.016224
0.013333
0.015538
0.014069
0.014260
0.016982
0.012926
0.014735
0.015200
0.021007
0.008715
0.014898
0.014600
0.014881
0.016201
0.013463
0.015546
0.032935
0.005167
0.006012
0.014220
0.015084
0.014517
0.016106
0.013579
0.014853
0.014747
0.019466
0.010226
0.016204
0.014505
0.016189
0.016932
0.011565
0.018684
0.010372
0.016090
0.018829
0.009042
0.015272
0.015306
0.013697
0.020588
0.009488
0.016421
0.016717
0.011394
0.014908
0.016556
0.013407
0.014316
0.017576
0.012594
0.014478
0.016654
0.012650
0.018288
0.016811
0.014027
0.012107
0.013090
0.017082
0.017267
0.014148
0.010426
0.017972
0.014859
0.015495
0.012245
0.013787
0.015460
0.016687
0.012386
0.014858
0.014760
0.014815
0.014806
0.014864
0.017600
0.012104
0.022501
0.013718
0.008086
0.026497
0.010924
0.009325
0.013611
0.013899
0.019912
0.013533
0.019671
0.008569
0.013129
0.020618
0.010106
0.013836
0.015091
0.016617
0.013931
0.016842
0.010885
0.015171
0.015270
0.017038
0.012991
0.013757
0.016193
0.016016
0.012631
0.015509
0.015846
0.012691
0.019884
0.015687
0.011302
0.024766
0.004632
0.012551
0.015365
0.022918
0.007261
0.015197
0.013542
0.015184
0.015039
0.017704
0.020798
0.005263
0.015359
0.014491
0.015628
0.015336
0.013517
0.015098
0.015109
0.016729
0.014377
0.013706
0.015705
0.014737
0.017709
0.014698
0.012106
0.034084
0.003482
0.008330
0.012184
0.016245
0.016109
0.013829
0.014989
0.012554
0.015328
0.015780
0.015951
0.012782
0.017382
0.011847
0.021342
0.011131
0.011947
0.017741
0.014487
0.013714
0.014662
0.013533
0.014837
0.017551
0.014489
0.012433
0.020219
0.011061
0.014846
0.015944
0.012851
0.016202
0.013384
0.014420
0.014628
0.017927
0.012034
0.018196
0.012871
0.013693
0.015702
0.013367
0.014894
0.014875
0.018013
0.019269
0.008074
0.014935
0.014093
0.018375
0.011398
0.015627
0.015940
0.017819
0.011363
0.014368
0.013683
0.017075
0.012850
0.014563
0.015461
0.014267
0.015850
0.017748
0.015189
0.014243
0.014194
0.014014
0.014825
0.015176
0.018679
0.010161
0.018319
0.014948
0.010803
0.017017
0.012970
0.016916
0.011817
0.014487
0.014324
0.015920
0.014113
0.016499
0.013545
0.016117
0.013684
0.014833
0.023937
0.016690
0.006685
0.014723
0.012099
0.021625
0.008975
0.013335
0.015839
0.036749
0.004175
0.006482
0.011309
0.014432
0.017923
0.012001
0.014696
0.015078
0.015006
0.017433
0.011764
0.016500
0.013200
0.014902
0.015185
0.022978
0.013856
0.007740
0.014614
0.015127
0.014218
0.063492
0.010111
0.000257
0.000132
0.002700
0.013940
0.013642
0.040606
0.006938
0.006449
0.005009
0.019316
0.010511
0.014795
0.015443
0.018016
0.012625
0.013212
0.015199
0.021171
0.008228
0.014679
0.018560
0.011638
0.139966
0.008565
0.000254
0.000128
0.000118
0.000115
0.000112
0.000109
0.000112
0.003222
0.016693
0.016119
0.011848
0.010571
0.014421
0.015284
0.014938
0.014215
0.014863
0.017456
0.012596
0.019107
0.009939
0.016380
0.014779
0.013774
0.014853
0.014624
0.015246
0.015319
0.016656
0.037354
0.005199
0.005356
0.010143
0.014169
0.014251
0.015110
0.016038
0.014446
0.013430
0.014806
0.015491
0.024534
0.008494
0.014154
0.017717
0.010931
0.018360
0.012163
0.015475
0.011321
0.015738
0.014327
0.017201
0.014947
0.011913
0.016519
0.012912
0.015455
0.014821
0.014431
0.016373
0.016980
0.017469
0.009212
0.014952
0.015790
0.016491
0.011927
0.018754
0.014797
0.029806
0.002960
0.013221
0.010712
0.013000
0.015006
0.014551
0.018343
0.016479
0.019709
0.004711
0.017831
0.013244
0.022695
0.005625
0.016438
0.013320
0.019580
0.010747
0.014485
0.014836
0.020306
0.011094
0.012758
0.017822
0.013644
0.013171
0.014896
0.014882
0.019845
0.011997
0.016228
0.011364
0.016819
0.017346
0.009815
0.036063
0.003418
0.006186
0.014385
0.014222
0.015203
0.014317
0.015615
0.014516
0.015950
0.013248
0.015062
0.016909
0.013973
0.013727
0.015430
0.018331
0.010353
0.015570
0.014180
0.015362
0.014224
0.024024
0.005628
0.027156
0.004456
0.012879
0.015841
0.013732
0.016142
0.017134
0.011593
0.015890
0.013576
0.019989
0.010865
0.013822
0.014686
0.015154
0.014726
0.014625
0.014423
0.014923
0.015383
0.016017
0.013305
0.028474
0.006430
0.010271
0.018528
0.011847
0.015007
0.014001
0.014132
0.017798
0.012238
0.014527
0.016573
0.014140
0.013802
0.014684
0.016319
0.013377
0.027854
0.003425
0.013152
0.015034
0.015281
0.020839
0.013500
0.011349
0.019724
0.008076
0.014479
0.016226
0.014429
0.014355
0.014714
0.015725
0.013950
0.014771
0.014728
0.014877
0.015637
0.014338
0.015432
0.014323
0.014370
0.015731
0.028370
0.006190
0.023556
0.003063
0.011987
0.015850
0.014242
0.015263
0.013917
0.015636
0.014457
0.014538
0.015062
0.015203
0.014416
0.019517
0.018689
0.008412
0.013411
0.014027
0.015254
0.014270
0.015835
0.013960
0.014709
0.014698
0.014944
0.014916
0.016297
0.013521
0.021601
0.009681
0.012878
0.015646
0.016757
0.015405
0.012624
0.016744
0.014857
0.012296
0.019434
0.016340
0.008432
0.016883
0.012542
0.014983
0.015950
0.018509
0.010156
0.026076
0.010650
0.008397
0.023698
0.005444
0.015868
0.013790
0.014643
0.018431
0.011119
0.015924
0.014033
0.014875
0.014355
0.014761
0.015030
0.017143
0.066798
0.007795
0.000212
0.000102
0.000094
0.014360
0.012502
0.020102
0.014829
0.009629
0.025457
0.003954
0.014692
0.019584
0.010241
0.023148
0.008330
0.013588
0.014157
0.016384
0.013293
0.016461
0.013458
0.014698
0.019234
0.011827
0.013091
0.018476
0.014511
0.012683
0.014544
0.017214
0.015231
0.012441
0.019478
0.009490
0.014587
0.015079
0.015332
0.013994
0.015051
0.026226
0.006073
0.038269
0.000257
0.027417
0.002991
0.004348
0.012933
0.016322
0.019105
0.009394
0.014613
0.014779
0.017072
0.018049
0.009460
0.015378
0.022843
0.007029
0.014441
0.016690
0.013402
0.015133
0.014160
0.014320
0.015421
0.017592
0.012274
0.015710
0.016191
0.012416
0.029091
0.003022
0.012105
0.015409
0.014881
0.014163
0.015782
0.014920
0.019417
0.010382
0.013750
0.023961
0.010170
0.014858
0.010194
0.015807
0.014800
0.018941
0.014050
0.013963
0.011831
0.015011
0.014501
0.016603
0.014524
0.013195
0.014810
0.014852
0.014796
0.015524
0.029295
0.006569
0.015246
0.007595
0.014887
0.015230
0.016336
0.013829
0.015218
0.015241
0.013982
0.014924
0.014176
0.014862
0.016902
0.014839
0.017043
0.010841
0.015584
0.015479
0.012746
0.016226
0.017890
0.010588
0.015941
0.018687
0.012892
0.012799
0.016677
0.013857
0.015820
0.011936
0.015080
0.014864
0.016719
0.012713
0.016127
0.013953
0.014820
0.014668
0.015016
0.020333
0.012457
0.013563
0.013551
0.014203
0.014883
0.014624
0.014746
0.015497
0.020105
0.016006
0.011695
0.010874
0.023502
0.006283
0.017020
0.012468
0.017856
0.013907
0.016172
0.013104
0.013156
0.022192
0.007872
0.016015
0.013535
0.015353
0.014552
0.014613
0.018190
0.012575
0.015856
0.027340
0.004370
0.010848
0.141092
0.012273
0.000258
0.000131
0.000122
0.000120
0.000119
0.000117
0.000117
0.000176
0.010500
0.015442
0.019090
0.008376
0.015005
0.015096
0.014576
0.014261
0.018074
0.013737
0.015345
0.015565
0.013890
0.012517
0.014936
0.015384
0.014271
0.014901
0.014953
0.068413
0.020542
0.000255
0.000130
0.000124
0.003753
0.010248
0.016364
0.015867
0.012700
0.014380
0.014835
0.015348
0.014538
0.016368
0.013334
0.014572
0.019235
0.011686
0.016391
0.012035
0.016322
0.013360
0.014873
0.016576
0.018909
0.016531
0.010447
0.012271
0.014520
0.014588
0.014873
0.018275
0.012662
0.013603
0.015423
0.014923
0.014143
0.016511
0.014166
0.016674
0.012908
0.015350
0.016003
0.014741
0.012797
0.015204
0.017561
0.013731
0.012463
0.018085
0.012342
0.018717
0.011856
0.042102
0.004154
0.000257
0.011041
0.024074
0.007305
0.025575
0.011174
0.010892
0.017514
0.008410
0.015234
0.013321
0.016821
0.014989
0.012533
0.015293
0.014766
0.019631
0.010484
0.015814
0.015952
0.013629
0.013287
0.014762
0.015112
0.015315
0.014180
0.015442
0.020914
0.007919
0.020616
0.014939
0.017917
0.010350
0.021400
0.015619
0.017053
0.003013
0.012792
0.020041
0.012367
0.011809
0.026981
0.005248
0.012631
0.014629
0.021329
0.008726
0.015461
0.014125
0.015962
0.015954
0.026760
0.016303
0.000312
0.016289
0.018261
0.017894
0.006723
0.018153
0.011276
0.013911
0.019584
0.009765
0.015822
0.018943
0.011906
0.019408
0.009051
0.015530
0.013514
0.023280
0.006007
0.014840
0.018616
0.010976
0.017048
0.012671
0.017636
0.016696
0.010994
0.013926
0.016138
0.033783
0.000263
0.010800
0.014500
0.013973
0.016683
0.013661
0.022267
0.012338
0.009117
0.015214
0.014079
0.015066
0.020471
0.026561
0.005892
0.008798
0.026055
0.005561
0.009971
0.014945
0.014803
0.023142
0.047932
0.000288
0.000138
0.005584
0.014699
0.016638
0.010529
0.014632
0.016284
0.015184
0.012955
0.014814
0.015844
0.013908
0.014796
0.019632
0.013304
0.012083
0.014202
0.030454
0.012334
0.005144
0.011689
0.014890
0.022326
0.011336
0.010473
0.015229
0.014464
0.015953
0.020233
0.008885
0.031156
0.003044
0.017695
0.006969
0.016052
0.013917
0.017257
0.012185
0.014579
0.016067
0.013791
0.015638
0.014638
0.015994
0.013235
0.014518
0.015137
0.017965
0.035559
0.003786
0.009525
0.019788
0.003052
0.018679
0.015470
0.020552
0.018209
0.003382
0.011672
0.015990
0.021095
0.009037
0.016587
0.017289
0.012249
0.011553
0.014805
0.015920
0.014141
0.015787
0.014995
0.013288
0.017089
0.022280
0.005403
0.016929
0.012432
0.014861
0.016867
0.018742
0.009850
0.013897
0.015052
0.015914
0.014286
0.015513
0.013355
0.016320
0.013858
0.014649
0.017375
0.013421
0.019071
0.021477
0.027819
0.003058
0.006494
0.012655
0.011821
0.016364
0.015183
0.015963
0.011974
0.016541
0.016031
0.012777
0.014753
0.016498
0.014819
0.012405
0.014841
0.036805
0.019005
0.007407
0.007874
0.003742
0.014623
0.014728
0.015509
0.017300
0.016795
0.011723
0.016902
0.015724
0.010374
0.014031
0.017655
0.012896
0.016844
0.018412
0.011105
0.012468
0.017208
0.017867
0.012240
0.011936
0.016576
0.013868
0.019085
0.012309
0.015942
0.013133
0.016234
0.024659
0.010010
0.009518
0.013489
0.016937
0.011600
0.015250
0.016749
0.012403
0.022380
0.019402
0.003196
0.014692
0.022137
0.008179
0.014101
0.013919
0.016954
0.012792
0.016278
0.013933
0.015215
0.015316
0.013547
0.016109
0.014436
0.013925
0.015031
0.020284
0.009431
0.014797
0.014797
0.015158
0.015981
0.013371
0.015474
0.014465
0.015331
0.014775
0.015482
0.014231
0.014874
0.015841
0.014597
0.013592
0.014997
0.019079
0.020266
0.005391
0.014374
0.014794
0.016046
0.014570
0.019240
0.009419
0.014859
0.015582
0.014372
0.020616
0.018644
0.006707
0.025114
0.003421
0.022079
0.007741
0.014800
0.014175
0.015109
0.014457
0.014850
0.016441
0.012963
0.021946
0.010885
0.013713
0.015693
0.012182
0.017133
0.014035
0.022056
0.006745
0.018523
0.010529
0.014690
0.016564
0.014777
0.013312
0.021255
0.008956
0.016399
0.012922
0.017034
0.023080
0.004889
0.016168
0.012963
0.015792
0.013792
0.015669
0.015732
0.020119
0.010715
0.018437
0.008492
0.019436
0.010954
0.018497
0.010619
0.015767
0.013672
0.017749
0.014988
0.013022
0.023447
0.005396
0.023279
0.079641
0.000358
0.000141
0.000128
0.000126
0.007942
0.006684
0.015449
0.019415
0.014941
0.009746
0.046434
0.011469
0.000271
0.057182
0.000284
0.000143
0.000130
0.010067
0.008828
0.018988
0.012806
0.011247
0.015036
0.019173
0.012402
0.014035
0.015907
0.012774
0.014563
0.014890
0.028743
0.004123
0.011626
0.015962
0.013490
0.017597
0.020553
0.009877
0.012016
0.014997
0.013969
0.031869
0.000291
0.015829
0.011980
0.014490
0.014772
0.017442
0.012698
0.023272
0.005814
0.018684
0.011205
0.014540
0.015181
0.015306
0.015703
0.013415
0.017426
0.012156
0.028943
0.011370
0.007700
0.011302
0.016927
0.014852
0.017628
0.020338
0.004103
0.016573
0.014777
0.015423
0.012465
0.016205
0.013432
0.015313
0.018682
0.013132
0.012435
0.014942
0.016583
0.033657
0.000269
0.011416
0.012901
0.020981
0.008642
0.017682
0.011252
0.017168
0.012153
0.016270
0.013583
0.014747
0.015954
0.017018
0.015372
0.011014
0.019847
0.012779
0.011733
0.016626
0.013469
0.015427
0.014686
0.015744
0.014832
0.014004
0.015075
0.013843
0.014824
0.019877
0.019683
0.006232
0.013314
0.015303
0.023817
0.007771
0.014471
0.015528
0.014056
0.017205
0.011305
0.014015
0.018037
0.015558
0.011235
0.015251
0.016077
0.013833
0.015818
0.017504
0.010628
0.014492
0.019374
0.014726
0.010056
0.027731
0.004319
0.023468
0.006409
0.014724
0.012490
0.014792
0.016224
0.013359
0.016968
0.012933
0.014676
0.015593
0.016153
0.016196
0.011424
0.015233
0.014775
0.014536
0.015511
0.017940
0.013655
0.012228
0.015800
0.013788
0.014979
0.014708
0.014887
0.015611
0.014718
0.014062
0.014752
0.018705
0.016942
0.020553
0.008661
0.011663
0.012531
0.016974
0.018236
0.009676
0.015713
0.013475
0.016520
0.014521
0.015670
0.013061
0.016161
0.013172
0.015067
0.014739
0.015940
0.016639
0.011577
0.015062
0.015182
0.017128
0.019503
0.007569
0.015919
0.023881
0.004431
0.014907
0.016864
0.012586
0.015296
0.014639
0.016489
0.013238
0.014884
0.014864
0.014411
0.018730
0.016670
0.010721
0.013890
0.014565
0.014819
0.016822
0.013746
0.013821
0.015987
0.017512
0.011114
0.015175
0.015658
0.015651
0.013579
0.013860
0.016027
0.017070
0.011789
0.014715
0.014762
0.015923
0.017111
0.012931
0.014395
0.014480
0.015347
0.014570
0.017586
0.011285
0.014717
0.014756
0.015042
0.014879
0.018665
0.011087
0.014781
0.014916
0.103789
0.000278
0.000142
0.000133
0.000126
0.000127
0.003039
0.011432
0.014592
0.098931
0.007561
0.000271
0.000139
0.000136
0.000126
0.000126
0.011847
0.014379
0.100557
0.004690
0.000277
0.000141
0.000131
0.000129
0.006488
0.006321
0.016746
0.100153
0.006496
0.000278
0.000156
0.000133
0.000127
0.000126
0.011303
0.115144
0.007563
0.000292
0.000144
0.000133
0.000128
0.000127
0.000127
0.008382
0.015088
0.027843
0.003380
0.015158
0.099293
0.003571
0.000269
0.000140
0.000131
0.000128
0.000128
0.012534
0.015464
0.015909
0.024414
0.006963
0.013786
0.012862
0.016000
0.013766
0.014478
0.017411
0.012512
0.014592
0.014867
0.014648
0.017290
0.012520
0.015633
0.013907
0.015692
0.013826
0.015531
0.014241
0.015371
0.014932
0.015711
0.013383
0.014841
0.015090
0.016222
0.013221
0.014796
0.015184
0.014978
0.014623
0.015589
0.014319
0.020036
0.010723
0.013734
0.014232
0.015170
0.015143
0.014959
0.015073
0.014563
0.017312
0.011982
0.014855
0.015007
0.014399
0.015924
0.013969
0.014870
0.014906
0.014639
0.017482
0.013325
0.013834
0.016793
0.012701
0.015457
0.014653
0.014357
0.014972
0.015602
0.014385
0.015036
0.014984
0.015550
0.014471
0.014195
0.015491
0.013856
0.016010
0.013337
0.015466
0.014555
0.015658
0.016317
0.013919
0.014934
0.014757
0.013620
0.017166
0.012613
0.015503
0.013896
0.014707
0.016883
0.013131
0.015976
0.013632
0.014905
0.014616
0.015280
0.014708
0.018327
0.012432
0.013588
0.014615
0.016005
0.014095
0.022559
0.010607
0.010583
0.015202
0.015461
0.014591
0.014415
0.014647
0.016711
0.014968
0.013086
0.014950
0.015348
0.014443
0.015046
0.015197
0.014631
0.014497
0.014458
0.015705
0.017702
0.010802
0.018323
0.011535
0.016409
0.015024
0.012948
0.016601
0.025718
0.003235
0.014049
0.015032
0.014561
0.015024
0.017190
0.012504
0.014492
0.015106
0.015005
0.014261
0.014776
0.015196
0.015431
0.014039
0.015260
0.014982
0.016656
0.013250
0.026506
0.004733
0.012323
0.014904
0.017808
0.011780
0.017284
0.013447
0.014357
0.016569
0.012558
0.016212
0.017030
0.011553
0.015582
0.015112
0.013461
0.014841
0.014925
0.015727
0.015310
0.013178
0.016274
0.016937
0.077204
0.008487
0.000275
0.000142
0.000134
0.004550
0.010083
0.014877
0.015434
0.013757
0.014661
0.014872
0.015571
0.023202
0.005899
0.015627
0.014066
0.015092
0.014458
0.014843
0.014727
0.016336
0.016792
0.012489
0.014799
0.014072
0.014545
0.015550
0.015515
0.014825
0.066882
0.008239
0.000298
0.000147
0.000136
0.018277
0.009071
0.015717
0.013348
0.015497
0.014033
0.019231
0.014498
0.011823
0.019608
0.029108
0.004522
0.005495
0.014809
0.017688
0.012173
0.014480
0.016505
0.012915
0.017527
0.012256
0.016732
0.013612
0.014309
0.014877
0.014676
0.015079
0.015080
0.013995
0.015128
0.017068
0.013403
0.020397
0.009538
0.013625
0.015502
0.017127
0.011618
0.015099
0.015288
0.014548
0.026293
0.006210
0.013243
0.014618
0.013550
0.014775
0.014962
0.019042
0.011997
0.015550
0.013351
0.014199
0.014984
0.014623
0.016835
0.012829
0.015358
0.014862
0.014429
0.014912
0.014701
0.024699
0.011236
0.009404
0.013835
0.015108
0.014700
0.015551
0.017342
0.012317
0.015702
0.013992
0.014360
0.014447
0.014810
0.015185
0.014908
0.015092
0.014031
0.015722
0.014151
0.015507
0.017866
0.011421
0.014536
0.015086
0.015421
0.014001
0.015329
0.016116
0.014474
0.013628
0.015393
0.014075
0.014676
0.014971
0.040537
0.004220
0.003694
0.011049
0.016186
0.014337
0.013819
0.015039
0.016433
0.013119
0.015398
0.014563
0.015482
0.013985
0.014745
0.015236
0.014570
0.015029
0.014546
0.014700
0.015152
0.014902
0.014451
0.015649
0.014070
0.015226
0.014467
0.014789
0.015136
0.014589
0.014700
0.016718
0.013216
0.014751
0.016641
0.013683
0.014698
0.016805
0.012266
0.015740
0.014077
0.015104
0.014597
0.015374
0.014395
0.015305
0.015258
0.013688
0.014836
0.014847
0.014930
0.014656
0.014984
0.015388
0.014856
0.014096
0.017826
0.011972
0.015070
0.014768
0.014898
0.014588
0.017640
0.012097
0.016239
0.013625
0.015715
0.015138
0.015601
0.014865
0.014468
0.017017
0.010887
0.015769
0.014356
0.014789
0.015470
0.013933
0.014689
0.016208
0.014057
0.014412
0.015179
0.014639
0.015032
0.014519
0.014775
0.015077
0.014544
0.015397
0.015612
0.014304
0.015145
0.014922
0.026241
0.003520
0.040391
0.012555
0.000300
0.007024
0.013459
0.014631
0.014575
0.017144
0.013382
0.014086
0.015490
0.014881
0.013919
0.015205
0.014662
0.015077
0.015329
0.014123
0.014470
0.015398
0.014628
0.015900
0.014473
0.016205
0.012658
0.015064
0.014627
0.015043
0.018847
0.010880
0.015099
0.015049
0.013956
0.015460
0.014245
0.017461
0.013230
0.013858
0.015613
0.013992
0.017545
0.028489
0.007074
0.008171
0.016865
0.035162
0.000295
0.009036
0.010862
0.017028
0.012690
0.015761
0.016759
0.021365
0.036179
0.011639
0.000307
0.011541
0.008228
0.011948
0.014898
0.014720
0.014863
0.014763
0.016738
0.013357
0.016998
0.014772
0.012512
0.015735
0.013967
0.017708
0.016372
0.011164
0.014081
0.015454
0.015455
0.014679
0.013801
0.015087
0.014360
0.014817
0.020320
0.009393
0.015205
0.017423
0.011986
0.014674
0.015480
0.021975
0.007247
0.047732
0.022214
0.000282
0.000148
0.006510
0.057234
0.017433
0.000275
0.000145
0.004777
0.006640
0.014509
0.014810
0.017665
0.012023
0.018831
0.014724
0.010706
0.014975
0.014816
0.019715
0.009876
0.015115
0.014628
0.026352
0.003567
0.014522
0.015888
0.016549
0.031710
0.000277
0.014066
0.012092
0.013283
0.014937
0.014669
0.014922
0.014757
0.014985
0.016770
0.016008
0.020373
0.013586
0.007394
0.022029
0.009165
0.014532
0.017665
0.028033
0.004473
0.013699
0.012983
0.015045
0.010624
0.015214
0.014418
0.014787
0.015059
0.017339
0.012920
0.014227
0.015490
0.015141
0.013731
0.014699
0.016628
0.013607
0.014122
0.021574
0.008656
0.014650
0.014695
0.014835
0.014746
0.015157
0.015395
0.014036
0.016850
0.013552
0.014254
0.016238
0.013633
0.017167
0.012400
0.015048
0.014475
0.014969
0.014724
0.014452
0.020675
0.009186
0.014703
0.014696
0.014910
0.016656
0.013317
0.015066
0.014388
0.014696
0.015325
0.014484
0.015155
0.014834
0.015485
0.014484
0.014322
0.014627
0.015303
0.014386
0.015169
0.014209
0.015682
0.014362
0.014788
0.014791
0.014873
0.015037
0.016455
0.014417
0.013981
0.014176
0.016137
0.015263
0.013769
0.014808
0.014245
0.014773
0.016748
0.013191
0.014840
0.014519
0.015425
0.016857
0.015041
0.011965
0.014785
0.014798
0.015928
0.013965
0.014961
0.015774
0.013590
0.014959
0.015909
0.015351
0.013219
0.015451
0.014969
0.015146
0.017610
0.048796
0.009389
0.000280
0.002964
0.016624
0.006825
0.014802
0.017369
0.012401
0.016441
0.013268
0.016796
0.014178
0.013507
0.018095
0.012926
0.021577
0.010215
0.015308
0.012370
0.013619
0.016450
0.013623
0.014294
0.014692
0.015340
0.014384
0.014886
0.015702
0.013994
0.014564
0.014762
0.016967
0.013003
0.014800
0.015995
0.019137
0.009408
0.015252
0.016701
0.015607
0.012994
0.014947
0.014789
0.013369
0.017511
0.011949
0.016301
0.020971
0.019283
0.003303
0.018712
0.030933
0.000275
0.009231
0.014981
0.014963
0.014810
0.015221
0.014103
0.015863
0.013897
0.018582
0.013317
0.013942
0.013638
0.015306
0.013905
0.015255
0.018666
0.010852
0.014609
0.018847
0.010945
0.014893
0.014648
0.015426
0.017306
0.011958
0.014708
0.015666
0.014133
0.014713
0.014901
0.017245
0.012414
0.014771
0.015022
0.014624
0.017048
0.016417
0.011076
0.018956
0.011242
0.014291
0.014848
0.019856
0.009854
0.015236
0.014962
0.014579
0.015399
0.014090
0.014720
0.014961
0.015299
0.014561
0.014918
0.015999
0.013368
0.015431
0.014331
0.015259
0.016502
0.017211
0.010486
0.015015
0.014417
0.016440
0.013377
0.015076
0.014886
0.014421
0.016376
0.013177
0.015268
0.014891
0.015207
0.015301
0.013669
0.016817
0.012789
0.014928
0.015156
0.016262
0.013105
0.018253
0.012362
0.014222
0.021636
0.007968
0.014412
0.015075
0.015108
0.018931
0.010524
0.014874
0.015109
0.014629
0.014778
0.014963
0.016626
0.026448
0.008755
0.012658
0.010287
0.014083
0.016518
0.023766
0.007427
0.011915
0.015309
0.014139
0.014709
0.015409
0.015554
0.013944
0.014577
0.014930
0.015330
0.016077
0.035540
0.000288
0.007283
0.015600
0.017101
0.011315
0.014780
0.014674
0.015262
0.015185
0.016263
0.012861
0.015438
0.014773
0.014154
0.016970
0.012956
0.020034
0.010281
0.014803
0.017794
0.011634
0.015170
0.015709
0.013522
0.015185
0.014321
0.016360
0.013538
0.016494
0.015612
0.011962
0.017848
0.011808
0.016770
0.012927
0.015494
0.018776
0.010756
0.014551
0.014680
0.014948
0.015367
0.014103
0.014760
0.015252
0.015412
0.015907
0.013076
0.015429
0.014809
0.014103
0.014968
0.014626
0.015164
0.014795
0.014790
0.015439
0.014319
0.016998
0.012315
0.016215
0.014008
0.014482
0.014781
0.014820
0.015667
0.013898
0.014833
0.017653
0.013494
0.013944
0.014431
0.014719
0.014714
0.014927
0.015850
0.013703
0.015174
0.014609
0.015031
0.015271
0.015254
0.013839
0.014704
0.016724
0.013067
0.015166
0.014498
0.014499
0.016826
0.013660
0.015077
0.014586
0.014071
0.015194
0.015208
0.014352
0.015056
0.014717
0.015953
0.013946
0.014112
0.017244
0.012802
0.014754
0.017234
0.014362
0.022265
0.006328
0.014170
0.015403
0.014697
0.014070
0.014890
0.014775
0.014836
0.015015
0.021199
0.009044
0.017433
0.011966
0.014115
0.015084
0.014796
0.014821
0.015056
0.015908
0.020170
0.009583
0.014885
0.013371
0.015521
0.013916
0.015440
0.017938
0.012236
0.051691
0.000295
0.012904
0.000285
0.016543
0.006704
0.019477
0.012717
0.013051
0.013922
0.014652
0.017435
0.012261
0.014934
0.014721
0.015896
0.014363
0.014214
0.014860
0.014718
0.015085
0.014710
0.027328
0.010356
0.006567
0.021809
0.008441
0.014581
0.107823
0.006756
0.000291
0.000150
0.000141
0.000137
0.000137
0.006784
0.011793
0.014184
0.014776
0.015719
0.013982
0.014512
0.015212
0.016472
0.013193
0.015060
0.014420
0.015175
0.015505
0.014043
0.015110
0.014068
0.018592
0.018915
0.008964
0.013474
0.016548
0.012926
0.021641
0.007573
0.018228
0.014388
0.012570
0.015158
0.015671
0.018111
0.011671
0.013434
0.014248
0.015529
0.014290
0.014802
0.016115
0.016962
0.012517
0.014039
0.014668
0.018568
0.011074
0.017689
0.012262
0.037149
0.008204
0.000284
0.013946
0.017327
0.011610
0.017413
0.012179
0.014756
0.014927
0.016283
0.014102
0.014329
0.014979
0.017881
0.011592
0.017171
0.016150
0.016459
0.027867
0.003832
0.009057
0.013378
0.014582
0.015639
0.014026
0.015998
0.021495
0.007276
0.016773
0.012589
0.020718
0.009121
0.018606
0.014696
0.020301
0.006687
0.015752
0.014567
0.028176
0.000287
0.015115
0.017198
0.013527
0.017268
0.018160
0.012206
0.017361
0.017305
0.014794
0.005535
0.016053
0.012782
0.014784
0.016122
0.014365
0.014286
0.015774
0.015953
0.022882
0.004700
0.015224
0.014462
0.019759
0.018019
0.006551
0.015030
0.014632
0.014978
0.017418
0.015850
0.011352
0.017406
0.012255
0.014927
0.016677
0.107614
0.009753
0.000286
0.000153
0.000142
0.000139
0.000140
0.021195
0.000290
0.032774
0.004548
0.003759
0.011275
0.016912
0.013733
0.013692
0.015193
0.013580
0.016522
0.013038
0.033454
0.003792
0.009950
0.015330
0.012393
0.016713
0.059812
0.013111
0.000296
0.000157
0.025921
0.006566
0.000287
0.016024
0.009319
0.016026
0.013633
0.016505
0.016673
0.019456
0.009069
0.012074
0.015387
0.018437
0.020677
0.010535
0.012159
0.030057
