-27.510000,-146.820000, 83.220000
-25.440000,-142.330000, 81.410000
-18.410000,-138.630000, 80.730000
-9.180000,-137.320000, 79.940000
-4.610000,-137.900000, 78.140000
-7.870000,-139.780000, 75.330000
-15.290000,-142.020000, 72.030000
-23.410000,-144.870000, 69.380000
-32.400000,-148.030000, 68.750000
-37.330000,-150.780000, 68.040000
-35.850000,-150.870000, 66.220000
-28.720000,-150.230000, 63.740000
-22.030000,-149.020000, 60.670000
-20.230000,-148.390000, 57.860000
-24.250000,-148.540000, 55.240000
-34.730000,-147.770000, 52.010000
-50.800000,-144.290000, 50.000000
-61.120000,-136.830000, 47.580000
-65.020000,-126.540000, 46.800000
-61.060000,-114.220000, 49.200000
-53.710000,-100.150000, 52.430000
-33.480000,-86.520000, 52.450000
-6.360000,-75.690000, 47.460000
 15.800000,-65.600000, 40.500000
 27.740000,-56.090000, 32.510000
 30.510000,-49.120000, 22.940000
 25.460000,-46.510000, 10.950000
 15.390000,-47.550000, 0.970000
 2.700000,-50.870000,-2.640000
-8.900000,-55.120000,-0.760000
-17.540000,-59.660000, 5.160000
-22.870000,-63.230000, 15.100000
-25.940000,-63.850000, 26.190000
-27.580000,-61.070000, 34.870000
-28.520000,-56.540000, 40.850000
-24.610000,-51.380000, 44.220000
-16.210000,-48.840000, 42.590000
-5.830000,-48.370000, 35.510000
 0.970000,-47.910000, 26.730000
-1.060000,-44.840000, 19.770000
-7.610000,-39.700000, 15.030000
-11.910000,-34.440000, 11.940000
-8.680000,-29.060000, 10.590000
-1.640000,-24.610000, 10.000000
 5.800000,-19.450000, 9.230000
 9.700000,-13.540000, 7.430000
 9.190000,-7.580000, 5.160000
 3.600000,-1.540000, 3.610000
-5.410000, 3.870000, 2.340000
-14.720000, 7.820000, 0.510000
-20.610000, 10.410000,-1.480000
-22.530000, 11.880000,-2.450000
-20.660000, 10.970000,-2.510000
-16.460000, 9.240000,-1.390000
-9.600000, 6.930000, 0.250000
-3.140000, 5.000000, 1.510000
 1.180000, 2.900000, 2.510000
 2.420000, 1.010000, 2.120000
 0.800000,-0.280000, 0.620000
-3.300000,-1.080000,-0.870000
-7.490000,-1.200000,-2.080000
-10.650000,-0.510000,-1.760000
-11.480000, 0.190000,-1.270000
-9.980000, 0.250000,-0.450000
-6.920000,-0.240000, 0.010000
-3.870000,-1.380000, 0.290000
-0.150000,-3.650000, 0.560000
 2.520000,-6.600000, 0.900000
 3.630000,-9.950000, 1.520000
 3.050000,-13.910000, 3.110000
 1.280000,-18.560000, 4.460000
-1.050000,-23.500000, 5.510000
-4.270000,-29.670000, 6.130000
-7.050000,-36.690000, 6.260000
-9.160000,-44.490000, 6.710000
-9.760000,-52.360000, 7.060000
-8.940000,-60.470000, 8.730000
-5.660000,-68.190000, 12.350000
-0.500000,-75.870000, 17.320000
 6.580000,-81.970000, 24.160000
 13.530000,-87.030000, 30.810000
 19.200000,-90.930000, 36.790000
 22.450000,-93.970000, 41.330000
 23.010000,-96.670000, 44.830000
 21.030000,-99.050000, 48.420000
 17.740000,-100.120000, 52.180000
 14.670000,-100.960000, 55.350000
 12.350000,-99.880000, 57.250000
 10.480000,-98.220000, 57.820000
 7.360000,-95.350000, 56.650000
 1.680000,-91.030000, 55.320000
-4.640000,-85.800000, 54.080000
-10.050000,-80.770000, 53.640000
-13.250000,-75.620000, 53.610000
-12.950000,-71.140000, 54.380000
-11.190000,-67.760000, 55.030000
-11.100000,-65.140000, 55.580000
-13.820000,-63.840000, 55.450000
-18.190000,-64.580000, 55.270000
-23.280000,-66.970000, 55.350000
-27.820000,-72.900000, 55.000000
-31.590000,-80.150000, 53.640000
-36.580000,-90.090000, 48.700000
-41.710000,-101.150000, 42.120000
-47.700000,-111.030000, 37.830000
-53.450000,-119.570000, 39.190000
-54.710000,-127.030000, 46.190000
-48.220000,-130.320000, 56.190000
-35.040000,-126.630000, 64.580000
-21.540000,-118.920000, 66.650000
-12.480000,-112.680000, 65.020000
-7.510000,-111.310000, 65.810000
-5.540000,-116.110000, 72.110000
-7.480000,-125.700000, 79.580000
-13.200000,-136.670000, 84.510000
-24.040000,-147.280000, 87.340000
-37.060000,-155.590000, 89.210000
-48.580000,-162.590000, 89.280000
-54.150000,-169.550000, 89.060000
-50.960000,-175.530000, 88.210000
-40.440000,-179.650000, 89.330000
-27.980000,-184.020000, 90.960000
-20.040000,-190.410000, 87.490000
-19.480000,-197.870000, 82.450000
-22.640000,-205.540000, 77.830000
-26.660000,-210.510000, 74.740000
-29.850000,-213.360000, 75.190000
-33.740000,-214.490000, 78.940000
-32.830000,-212.610000, 85.000000
-30.310000,-211.060000, 88.670000
-27.340000,-209.360000, 88.010000
-23.770000,-207.880000, 84.490000
-20.090000,-207.030000, 80.880000
-18.780000,-207.200000, 78.580000
-20.770000,-207.310000, 75.760000
-25.360000,-208.380000, 72.670000
-32.510000,-211.140000, 69.050000
-36.520000,-215.640000, 66.380000
-40.880000,-219.050000, 70.000000
-43.730000,-219.720000, 81.860000
-40.770000,-218.220000, 97.460000
-27.670000,-215.340000, 112.510000
-5.610000,-212.280000, 124.320000
 19.700000,-208.040000, 129.930000
 42.800000,-201.830000, 127.180000
 59.740000,-194.240000, 119.310000
 64.950000,-185.880000, 109.010000
 55.060000,-178.020000, 97.700000
 33.620000,-172.200000, 85.740000
 4.220000,-168.510000, 73.970000
-27.760000,-166.980000, 67.750000
-56.190000,-166.620000, 67.750000
-78.510000,-167.900000, 74.300000
-87.480000,-170.480000, 86.670000
-78.690000,-174.440000, 99.930000
-49.300000,-179.250000, 110.130000
-14.770000,-181.670000, 117.830000
 12.480000,-181.230000, 122.860000
 33.610000,-181.090000, 120.970000
 40.350000,-180.180000, 114.510000
 23.920000,-176.950000, 108.530000
-6.930000,-172.060000, 103.920000
-41.190000,-166.060000, 100.680000
-67.400000,-160.830000, 98.730000
-82.440000,-158.880000, 97.910000
-87.450000,-159.580000, 99.150000
-83.070000,-162.430000, 99.960000
-70.970000,-165.960000, 98.160000
-55.010000,-168.800000, 92.060000
-40.690000,-169.760000, 82.660000
-28.990000,-169.730000, 72.370000
-17.000000,-170.350000, 68.610000
-13.520000,-168.810000, 72.210000
-20.290000,-163.580000, 77.610000
-31.710000,-157.390000, 79.250000
-46.730000,-154.190000, 76.570000
-63.120000,-154.340000, 72.800000
-69.220000,-159.790000, 70.720000
-58.670000,-167.170000, 75.060000
-39.250000,-171.120000, 84.460000
-23.710000,-171.270000, 91.330000
-18.010000,-170.200000, 94.270000
-21.590000,-169.720000, 95.520000
-28.960000,-169.220000, 95.520000
-33.230000,-170.080000, 92.930000
-29.580000,-172.640000, 88.100000
-22.870000,-176.460000, 84.390000
-21.450000,-180.950000, 80.950000
-26.410000,-184.690000, 77.930000
-33.850000,-187.470000, 75.960000
-39.700000,-189.380000, 74.770000
-41.400000,-190.630000, 74.220000
-38.470000,-189.830000, 73.850000
-30.810000,-186.880000, 72.680000
-20.350000,-181.570000, 69.470000
-10.930000,-173.590000, 65.850000
-5.730000,-165.690000, 60.830000
-8.780000,-158.380000, 55.360000
-22.530000,-151.330000, 50.670000
-36.900000,-142.800000, 46.160000
-43.510000,-133.050000, 46.960000
-43.320000,-120.430000, 53.870000
-33.380000,-105.970000, 61.000000
-17.440000,-90.740000, 63.190000
 1.040000,-76.910000, 59.180000
 14.900000,-66.790000, 51.970000
 19.210000,-59.860000, 44.090000
 14.350000,-57.690000, 34.390000
 3.350000,-60.600000, 23.680000
-9.510000,-66.480000, 14.580000
-19.900000,-72.620000, 9.410000
-24.290000,-78.060000, 7.640000
-24.170000,-81.770000, 9.830000
-24.510000,-81.900000, 17.320000
-26.510000,-78.390000, 29.420000
-25.520000,-72.450000, 40.480000
-20.790000,-64.670000, 47.350000
-15.990000,-57.260000, 49.960000
-10.760000,-52.740000, 47.480000
-4.640000,-51.510000, 38.100000
-2.940000,-51.760000, 27.210000
-9.420000,-52.610000, 18.780000
-21.350000,-53.680000, 14.610000
-32.800000,-53.740000, 14.710000
-39.420000,-53.440000, 17.380000
-39.090000,-51.660000, 19.570000
-31.040000,-48.980000, 21.030000
-16.030000,-44.590000, 23.640000
-0.150000,-39.700000, 26.040000
 8.340000,-34.730000, 25.650000
 6.790000,-30.370000, 23.460000
-1.860000,-26.410000, 20.580000
-12.540000,-24.020000, 16.350000
-20.790000,-23.520000, 11.130000
-23.640000,-22.640000, 6.180000
-21.480000,-21.350000, 3.240000
-14.930000,-18.170000, 1.950000
-6.880000,-14.190000, 2.890000
-2.170000,-9.610000, 4.770000
-2.120000,-6.980000, 6.960000
-6.510000,-5.540000, 8.610000
-12.030000,-6.240000, 8.640000
-16.090000,-7.790000, 7.090000
-16.610000,-9.780000, 4.910000
-12.150000,-11.930000, 2.460000
-3.850000,-13.780000, 0.630000
 6.600000,-16.510000,-0.830000
 15.480000,-20.090000,-1.110000
 20.350000,-23.560000,-0.540000
 21.090000,-26.790000, 0.780000
 18.120000,-30.290000, 3.330000
 13.060000,-34.470000, 5.540000
 7.680000,-38.360000, 7.300000
 4.330000,-42.720000, 8.480000
 3.080000,-46.800000, 9.530000
 3.710000,-50.630000, 10.770000
 7.000000,-53.150000, 13.100000
 12.630000,-54.970000, 16.000000
 18.350000,-55.940000, 19.200000
 21.100000,-55.930000, 22.190000
 20.770000,-55.350000, 24.460000
 17.840000,-54.930000, 26.660000
 13.380000,-54.810000, 28.770000
 7.560000,-54.700000, 30.390000
 2.610000,-54.260000, 31.620000
-0.030000,-54.320000, 32.740000
 0.050000,-53.620000, 34.560000
 1.160000,-53.180000, 37.260000
 1.350000,-52.720000, 40.000000
 0.000000,-52.320000, 41.970000
-2.410000,-52.340000, 42.980000
-5.130000,-52.800000, 43.800000
-7.620000,-53.970000, 45.090000
-9.410000,-55.800000, 45.480000
-11.120000,-58.700000, 45.720000
-13.650000,-61.510000, 45.710000
-17.040000,-64.830000, 46.090000
-21.630000,-69.220000, 46.700000
-27.090000,-72.420000, 45.720000
-33.890000,-74.750000, 41.960000
-42.000000,-76.690000, 35.530000
-48.760000,-77.800000, 29.150000
-54.950000,-78.700000, 25.840000
-59.450000,-80.330000, 26.670000
-59.630000,-83.440000, 29.430000
-49.460000,-85.180000, 32.380000
-32.970000,-84.170000, 35.360000
-16.990000,-82.810000, 36.900000
-2.210000,-83.410000, 37.890000
 9.340000,-86.340000, 41.770000
 12.410000,-94.190000, 49.270000
 6.120000,-107.520000, 58.040000
-6.380000,-125.100000, 66.620000
-21.540000,-144.140000, 74.030000
-36.140000,-161.830000, 79.170000
-48.610000,-175.720000, 81.820000
-54.160000,-185.400000, 83.520000
-53.480000,-190.220000, 85.530000
-48.540000,-195.920000, 87.290000
-42.260000,-204.160000, 85.770000
-36.140000,-213.640000, 81.290000
-30.810000,-221.000000, 78.000000
-25.640000,-225.430000, 77.550000
-21.810000,-226.320000, 80.380000
-20.070000,-226.070000, 86.000000
-20.500000,-225.810000, 92.320000
-23.530000,-225.990000, 96.000000
-26.160000,-226.160000, 97.880000
-25.720000,-225.960000, 96.780000
-22.250000,-224.060000, 94.810000
-21.250000,-221.960000, 92.950000
-25.050000,-219.810000, 93.260000
-29.550000,-218.900000, 90.640000
-34.210000,-219.150000, 87.530000
-40.820000,-219.750000, 83.610000
-49.200000,-219.320000, 80.160000
-55.420000,-217.430000, 79.270000
-53.410000,-216.830000, 80.640000
-40.480000,-218.250000, 83.550000
-15.650000,-220.930000, 87.710000
 16.960000,-221.350000, 92.600000
 41.650000,-219.180000, 97.210000
 54.900000,-214.980000, 100.950000
 59.430000,-208.750000, 101.420000
 54.920000,-199.320000, 95.900000
 41.830000,-188.730000, 84.000000
 20.640000,-177.200000, 72.490000
-5.830000,-168.630000, 64.710000
-34.100000,-163.070000, 62.640000
-58.490000,-162.090000, 66.200000
-76.560000,-165.830000, 75.000000
-81.610000,-171.120000, 87.110000
-66.070000,-175.720000, 96.640000
-32.210000,-177.700000, 102.830000
 2.100000,-175.870000, 107.830000
 28.200000,-171.850000, 111.600000
 44.160000,-169.190000, 111.190000
 43.510000,-167.240000, 107.700000
 26.620000,-165.660000, 102.950000
-0.570000,-163.220000, 98.480000
-30.480000,-158.120000, 95.480000
-54.290000,-150.190000, 93.050000
-66.340000,-143.930000, 90.050000
-67.820000,-141.620000, 86.160000
-62.250000,-142.840000, 82.370000
-54.770000,-146.230000, 79.600000
-46.960000,-149.090000, 78.740000
-39.790000,-151.960000, 75.310000
-25.440000,-155.340000, 66.170000
-15.000000,-157.180000, 57.460000
-14.290000,-156.230000, 54.620000
-18.770000,-158.910000, 60.700000
-24.370000,-159.220000, 70.840000
-28.930000,-155.190000, 79.330000
-34.320000,-148.640000, 84.850000
-40.510000,-140.720000, 83.560000
-46.370000,-133.290000, 76.290000
-47.840000,-129.700000, 69.100000
-39.930000,-130.720000, 66.350000
-29.570000,-133.690000, 67.900000
-23.860000,-138.160000, 70.240000
-23.590000,-143.160000, 70.490000
-27.250000,-145.970000, 70.970000
-31.160000,-147.310000, 70.430000
-29.690000,-148.560000, 68.280000
-25.120000,-149.500000, 67.220000
-16.800000,-149.070000, 68.980000
-11.210000,-148.830000, 72.010000
-12.060000,-150.530000, 72.070000
-15.000000,-154.180000, 67.390000
-20.210000,-159.300000, 61.090000
-25.450000,-164.580000, 57.510000
-26.410000,-168.610000, 57.590000
-23.010000,-170.340000, 59.040000
-17.950000,-169.860000, 59.720000
-15.230000,-167.250000, 61.100000
-14.380000,-163.480000, 63.980000
-16.340000,-160.580000, 65.510000
-20.830000,-157.830000, 64.580000
-26.590000,-154.620000, 61.670000
-31.150000,-150.630000, 58.300000
-35.550000,-145.170000, 56.260000
-36.530000,-139.400000, 53.930000
-31.560000,-135.200000, 54.160000
-26.350000,-130.750000, 58.900000
-20.220000,-124.100000, 64.450000
-11.580000,-113.410000, 66.690000
-1.680000,-99.600000, 64.380000
 5.780000,-85.830000, 59.250000
 8.120000,-73.810000, 51.490000
 6.740000,-64.770000, 39.570000
 1.770000,-60.060000, 25.830000
-3.570000,-58.270000, 14.160000
-6.000000,-59.560000, 6.930000
-6.900000,-63.450000, 4.590000
-8.140000,-67.530000, 6.880000
-11.920000,-71.060000, 13.020000
-19.270000,-71.690000, 23.000000
-25.520000,-70.330000, 32.260000
-25.550000,-67.580000, 36.100000
-20.830000,-63.690000, 36.340000
-12.260000,-60.960000, 33.700000
-0.050000,-59.740000, 27.590000
 9.480000,-59.060000, 20.490000
 6.450000,-55.260000, 16.420000
-4.930000,-48.010000, 16.380000
-17.270000,-40.720000, 17.870000
-24.180000,-34.640000, 20.100000
-21.610000,-30.910000, 22.640000
-12.430000,-27.670000, 25.450000
-2.150000,-24.880000, 27.250000
 5.230000,-22.520000, 26.720000
 7.450000,-21.120000, 24.160000
 2.730000,-20.220000, 21.060000
-9.230000,-18.800000, 17.070000
-24.000000,-17.270000, 12.550000
-36.120000,-15.770000, 7.170000
-42.560000,-15.030000, 2.060000
-43.640000,-14.540000,-1.010000
-37.980000,-15.300000,-0.550000
-25.570000,-17.400000, 2.460000
-9.240000,-20.140000, 7.120000
 4.920000,-24.100000, 11.740000
 14.340000,-28.520000, 15.700000
 16.840000,-32.960000, 18.240000
 12.400000,-37.870000, 18.530000
 2.670000,-42.920000, 16.610000
-8.150000,-47.970000, 13.990000
-16.480000,-52.500000, 11.300000
-20.450000,-56.480000, 9.630000
-19.570000,-60.000000, 8.840000
-15.640000,-64.190000, 8.320000
-9.290000,-68.850000, 8.350000
-2.090000,-72.810000, 9.510000
 3.680000,-76.570000, 11.650000
 7.530000,-80.350000, 13.500000
 9.300000,-83.340000, 14.740000
 10.000000,-84.950000, 16.090000
 11.170000,-86.250000, 17.990000
 12.300000,-86.410000, 20.220000
 12.590000,-86.120000, 22.660000
 11.940000,-85.700000, 25.310000
 11.500000,-85.660000, 28.120000
 9.820000,-85.850000, 31.160000
 7.650000,-86.380000, 34.450000
 4.770000,-86.500000, 37.600000
 1.100000,-85.480000, 40.760000
-3.930000,-83.320000, 43.840000
-8.290000,-80.400000, 46.930000
-11.210000,-76.580000, 49.590000
-13.060000,-72.580000, 52.020000
-13.660000,-68.230000, 53.870000
-12.640000,-63.930000, 55.320000
-10.220000,-59.510000, 56.510000
-5.820000,-54.960000, 56.670000
-1.450000,-50.780000, 56.190000
 0.470000,-46.710000, 55.740000
-0.090000,-43.740000, 54.620000
-1.780000,-43.290000, 53.060000
-4.770000,-46.250000, 50.030000
-7.240000,-52.670000, 45.690000
-9.780000,-60.850000, 42.610000
-12.770000,-67.320000, 39.930000
-19.630000,-71.380000, 35.190000
-31.820000,-74.670000, 27.930000
-45.940000,-78.290000, 22.250000
-56.010000,-84.920000, 23.320000
-58.690000,-92.090000, 30.550000
-52.730000,-96.760000, 39.820000
-39.930000,-96.870000, 46.330000
-26.530000,-94.800000, 48.110000
-18.030000,-93.400000, 45.370000
-10.690000,-95.210000, 42.380000
-0.610000,-99.740000, 43.520000
 8.940000,-106.980000, 48.480000
 13.570000,-115.400000, 54.810000
 9.030000,-123.480000, 60.450000
-2.030000,-130.410000, 65.450000
-14.510000,-136.950000, 69.450000
-26.010000,-143.370000, 73.220000
-31.590000,-147.580000, 76.300000
-33.910000,-153.980000, 76.620000
-35.510000,-163.740000, 74.020000
-36.370000,-175.730000, 68.800000
-37.090000,-186.740000, 62.970000
-35.610000,-194.410000, 58.380000
-30.460000,-197.830000, 57.480000
-23.590000,-197.080000, 60.720000
-16.250000,-195.460000, 67.450000
-8.640000,-193.850000, 75.370000
-4.120000,-193.150000, 81.300000
-3.300000,-196.190000, 85.570000
-3.880000,-201.930000, 87.420000
-9.350000,-208.450000, 88.030000
-20.520000,-215.030000, 87.860000
-33.090000,-222.110000, 87.320000
-46.980000,-229.510000, 85.450000
-61.550000,-236.330000, 81.930000
-73.450000,-241.930000, 77.440000
-77.090000,-247.000000, 75.390000
-71.750000,-250.130000, 80.390000
-59.330000,-250.130000, 94.230000
-30.350000,-250.130000, 106.840000
 15.690000,-250.130000, 115.250000
 64.050000,-249.910000, 117.640000
 99.260000,-241.540000, 118.260000
 108.630000,-229.210000, 117.190000
 96.370000,-215.030000, 110.060000
 66.050000,-201.300000, 95.640000
 27.950000,-188.710000, 82.170000
-12.990000,-177.630000, 72.480000
-50.630000,-168.100000, 67.610000
-84.220000,-163.000000, 66.380000
-108.220000,-165.000000, 68.410000
-114.230000,-171.490000, 75.900000
-91.870000,-180.980000, 85.440000
-46.220000,-191.710000, 94.850000
 7.660000,-200.030000, 101.550000
 48.000000,-203.280000, 108.070000
 70.130000,-202.330000, 112.210000
 72.230000,-198.740000, 113.570000
 54.410000,-193.930000, 111.670000
 20.580000,-186.230000, 108.690000
-20.740000,-175.640000, 106.140000
-57.520000,-162.600000, 103.890000
-79.700000,-148.320000, 102.950000
-82.900000,-136.680000, 100.240000
-70.570000,-129.330000, 96.310000
-51.120000,-126.830000, 87.930000
-34.320000,-127.580000, 78.060000
-23.850000,-130.000000, 69.630000
-18.860000,-133.090000, 64.770000
-17.060000,-138.210000, 61.490000
-15.760000,-145.290000, 55.860000
-18.900000,-152.670000, 47.670000
-29.560000,-158.170000, 43.770000
-38.760000,-169.100000, 52.380000
-42.190000,-178.770000, 68.190000
-44.380000,-182.450000, 84.640000
-43.410000,-180.990000, 94.290000
-36.850000,-174.670000, 95.320000
-30.570000,-164.380000, 89.160000
-24.460000,-153.050000, 79.290000
-16.780000,-144.320000, 70.510000
-14.460000,-138.960000, 66.150000
-20.480000,-137.380000, 63.880000
-31.620000,-138.380000, 61.860000
-40.290000,-140.200000, 60.760000
-42.540000,-141.640000, 61.290000
-39.580000,-143.180000, 61.780000
-31.060000,-144.760000, 63.450000
-17.640000,-146.120000, 67.300000
-5.970000,-147.140000, 72.290000
-2.160000,-150.890000, 75.040000
-6.250000,-157.800000, 73.080000
-14.760000,-165.510000, 67.870000
-23.630000,-170.420000, 61.410000
-27.290000,-171.520000, 57.430000
-23.270000,-169.410000, 57.740000
-13.200000,-165.270000, 60.900000
-2.260000,-158.540000, 64.700000
 1.580000,-152.720000, 67.550000
-1.020000,-149.590000, 66.390000
-8.740000,-148.120000, 63.950000
-18.200000,-147.700000, 61.200000
-21.380000,-148.010000, 58.210000
-20.340000,-148.050000, 56.100000
-17.710000,-147.430000, 54.630000
-16.220000,-146.700000, 54.710000
-17.950000,-145.320000, 55.910000
-20.540000,-144.200000, 59.980000
-22.630000,-142.770000, 66.870000
-22.800000,-140.510000, 74.550000
-17.770000,-137.090000, 79.290000
-4.930000,-128.970000, 78.780000
 10.530000,-115.320000, 73.860000
 21.540000,-99.580000, 66.310000
 22.020000,-84.350000, 55.030000
 13.900000,-71.530000, 39.410000
-0.110000,-62.370000, 23.800000
-14.910000,-56.490000, 12.180000
-25.370000,-54.560000, 4.930000
-31.180000,-55.320000, 1.930000
-34.860000,-55.640000, 4.190000
-38.520000,-55.220000, 11.200000
-40.720000,-53.400000, 20.520000
-37.870000,-51.290000, 28.180000
-27.560000,-47.870000, 31.120000
-14.640000,-42.140000, 30.710000
-1.660000,-36.760000, 26.980000
 10.350000,-33.820000, 19.260000
 16.500000,-32.270000, 11.120000
 10.690000,-28.350000, 7.480000
-1.620000,-21.910000, 7.140000
-14.640000,-14.810000, 8.490000
-21.720000,-9.450000, 10.220000
-21.220000,-5.130000, 11.370000
-15.260000,-1.810000, 11.580000
-7.910000, 0.970000, 10.410000
-1.850000, 2.960000, 7.810000
-0.090000, 5.150000, 4.900000
-4.080000, 6.760000, 1.910000
-11.940000, 7.330000,-1.640000
-19.230000, 8.450000,-4.670000
-21.700000, 9.820000,-7.210000
-19.000000, 11.830000,-8.350000
-12.220000, 14.050000,-7.500000
-3.900000, 16.410000,-4.030000
 1.210000, 16.610000,-0.190000
 1.970000, 14.290000, 1.740000
-1.740000, 10.480000, 1.480000
-7.960000, 5.760000,-0.310000
-14.480000, 1.330000,-2.870000
-18.130000,-2.060000,-3.830000
-17.910000,-4.130000,-3.320000
-14.550000,-5.690000,-1.420000
-9.670000,-5.920000, 0.660000
-5.930000,-5.760000, 2.300000
-3.350000,-6.570000, 2.840000
-1.790000,-7.920000, 3.070000
-0.920000,-10.820000, 2.370000
-0.380000,-15.220000, 1.400000
 0.850000,-20.850000, 0.110000
 2.380000,-28.250000,-1.470000
 3.090000,-36.410000,-1.870000
 2.660000,-45.540000,-1.370000
 2.540000,-55.530000, 0.510000
 3.090000,-65.350000, 3.160000
 4.150000,-75.440000, 5.940000
 6.430000,-84.520000, 9.830000
 10.380000,-91.920000, 14.170000
 16.850000,-97.670000, 18.970000
 22.790000,-101.020000, 24.610000
 27.280000,-101.220000, 30.830000
 27.610000,-101.680000, 34.630000
 27.700000,-99.540000, 37.510000
 24.670000,-96.870000, 39.080000
 20.640000,-93.740000, 39.840000
 14.770000,-91.110000, 41.860000
 8.470000,-89.850000, 44.870000
 4.510000,-88.900000, 48.720000
 1.750000,-86.830000, 52.510000
-0.550000,-84.580000, 56.630000
-1.390000,-82.690000, 60.970000
 1.250000,-81.490000, 64.950000
 4.210000,-82.130000, 68.450000
 4.620000,-83.640000, 71.290000
 1.540000,-85.520000, 73.690000
-3.500000,-87.960000, 75.150000
-8.900000,-90.670000, 76.250000
-14.510000,-94.340000, 76.340000
-20.280000,-99.610000, 75.450000
-27.540000,-106.320000, 73.900000
-34.700000,-113.800000, 72.930000
-41.390000,-121.280000, 73.220000
-46.870000,-127.270000, 75.140000
-52.410000,-130.410000, 77.380000
-57.780000,-131.510000, 78.850000
-62.020000,-129.480000, 78.700000
-66.090000,-127.800000, 76.240000
-66.430000,-126.290000, 68.610000
-61.480000,-127.200000, 54.680000
-46.830000,-133.650000, 42.290000
-27.810000,-138.190000, 42.610000
-14.430000,-140.190000, 51.790000
-10.760000,-144.630000, 62.030000
-15.920000,-153.450000, 68.940000
-24.940000,-164.610000, 74.630000
-31.090000,-175.350000, 79.890000
-30.110000,-184.840000, 84.140000
-25.870000,-193.950000, 86.560000
-23.050000,-201.260000, 86.540000
-22.220000,-206.660000, 87.890000
-22.820000,-211.210000, 90.670000
-23.240000,-215.120000, 94.090000
-21.970000,-219.840000, 95.630000
-20.960000,-225.210000, 95.730000
-21.660000,-231.060000, 93.070000
-23.750000,-235.380000, 89.340000
-26.630000,-238.020000, 86.930000
-29.910000,-238.510000, 86.730000
-31.220000,-236.900000, 89.290000
-27.660000,-234.850000, 93.470000
-22.480000,-231.610000, 94.190000
-19.530000,-228.030000, 95.500000
-18.450000,-224.910000, 96.400000
-18.580000,-222.650000, 96.650000
-19.770000,-221.160000, 93.240000
-22.130000,-219.870000, 92.350000
-26.970000,-219.160000, 86.710000
-34.120000,-219.920000, 80.140000
-42.120000,-222.210000, 73.410000
-49.160000,-224.690000, 69.890000
-49.030000,-228.460000, 73.380000
-40.070000,-232.540000, 82.950000
-22.100000,-236.100000, 95.500000
 5.040000,-239.590000, 109.480000
 33.120000,-238.830000, 117.150000
 55.090000,-232.520000, 120.020000
 66.320000,-222.940000, 119.290000
 64.680000,-211.620000, 114.040000
 50.500000,-199.130000, 103.600000
 27.320000,-188.160000, 91.750000
-0.530000,-179.810000, 78.820000
-27.770000,-175.250000, 72.580000
-53.090000,-175.090000, 72.370000
-75.820000,-178.530000, 79.240000
-87.950000,-184.110000, 92.140000
-82.030000,-191.280000, 105.480000
-58.000000,-196.690000, 117.800000
-25.120000,-198.720000, 125.970000
 3.700000,-197.930000, 129.800000
 28.720000,-197.100000, 124.750000
 43.520000,-195.110000, 114.640000
 36.360000,-191.090000, 105.260000
 11.910000,-182.740000, 99.250000
-22.230000,-170.440000, 96.790000
-53.340000,-156.770000, 93.060000
-69.150000,-147.020000, 89.220000
-70.810000,-143.360000, 84.040000
-61.560000,-144.540000, 78.350000
-46.060000,-148.030000, 75.470000
-30.370000,-152.090000, 76.240000
-19.930000,-156.020000, 77.830000
-15.120000,-158.580000, 77.410000
-15.410000,-157.960000, 73.580000
-22.190000,-154.800000, 68.530000
-35.770000,-151.150000, 64.310000
-50.700000,-150.760000, 61.450000
-56.800000,-151.800000, 63.110000
-54.400000,-151.910000, 67.080000
-48.460000,-147.710000, 71.380000
-41.440000,-141.630000, 73.930000
-33.330000,-135.910000, 72.800000
-25.250000,-132.800000, 68.760000
-17.600000,-130.370000, 64.920000
-10.700000,-128.640000, 62.280000
-6.120000,-127.640000, 60.210000
-5.530000,-126.940000, 58.300000
-8.710000,-127.340000, 56.330000
-14.640000,-127.890000, 54.290000
-17.370000,-129.290000, 52.190000
-14.320000,-129.500000, 50.980000
-13.240000,-130.290000, 49.870000
-16.780000,-130.850000, 48.080000
-21.700000,-131.580000, 45.390000
-23.960000,-131.850000, 41.770000
-22.230000,-130.560000, 39.370000
-17.970000,-127.090000, 39.080000
-12.830000,-122.810000, 40.250000
-8.010000,-117.810000, 41.090000
-6.290000,-111.880000, 40.290000
-9.870000,-106.860000, 38.890000
-17.350000,-102.660000, 36.930000
-26.570000,-99.330000, 33.660000
-35.170000,-96.390000, 29.620000
-39.660000,-92.380000, 25.800000
-38.160000,-86.830000, 23.000000
-31.350000,-80.110000, 20.500000
-21.480000,-72.090000, 20.430000
-11.680000,-64.790000, 22.850000
-3.460000,-60.460000, 25.700000
 2.560000,-58.480000, 28.210000
 7.280000,-57.900000, 30.350000
 10.350000,-57.720000, 31.860000
 11.120000,-56.190000, 32.940000
 11.100000,-52.840000, 33.900000
 12.180000,-47.540000, 33.260000
 13.540000,-42.570000, 29.790000
 12.130000,-39.960000, 25.190000
 7.160000,-40.190000, 21.720000
-0.730000,-42.860000, 20.200000
-9.740000,-45.510000, 19.660000
-17.870000,-46.770000, 19.900000
-22.940000,-46.490000, 20.090000
-22.610000,-44.750000, 20.060000
-15.590000,-41.620000, 20.680000
-1.530000,-38.660000, 20.160000
 15.070000,-37.090000, 17.640000
 24.480000,-35.230000, 15.610000
 22.870000,-32.740000, 15.680000
 12.550000,-31.060000, 17.400000
-3.540000,-30.580000, 19.420000
-20.290000,-31.160000, 20.700000
-32.560000,-33.070000, 20.380000
-37.410000,-34.540000, 19.410000
-34.800000,-35.160000, 16.970000
-28.630000,-34.830000, 14.960000
-22.490000,-34.260000, 14.030000
-18.040000,-35.130000, 14.070000
-14.790000,-36.780000, 14.700000
-13.010000,-40.470000, 15.190000
-12.870000,-44.990000, 15.440000
-12.760000,-49.760000, 14.770000
-10.700000,-54.370000, 13.950000
-6.870000,-57.450000, 13.790000
-0.180000,-59.000000, 14.840000
 8.020000,-59.160000, 16.910000
 16.460000,-58.280000, 18.980000
 23.470000,-57.040000, 21.000000
 26.470000,-55.480000, 22.270000
 25.350000,-53.640000, 22.640000
 21.550000,-52.380000, 22.060000
 14.030000,-51.870000, 20.800000
 3.700000,-51.470000, 18.800000
-6.310000,-51.910000, 17.540000
-14.380000,-53.280000, 17.800000
-20.230000,-55.240000, 19.360000
-23.250000,-57.910000, 22.320000
-22.830000,-60.610000, 25.790000
-18.760000,-63.350000, 29.690000
-12.730000,-65.910000, 33.570000
-5.690000,-67.870000, 36.840000
 1.110000,-69.150000, 40.830000
 6.690000,-70.480000, 45.170000
 9.290000,-72.210000, 48.640000
 9.970000,-73.620000, 51.580000
 8.420000,-74.030000, 53.980000
 5.410000,-74.790000, 55.880000
 2.060000,-75.650000, 57.950000
-1.540000,-76.930000, 59.530000
-4.830000,-79.030000, 60.100000
-9.320000,-81.680000, 59.810000
-13.670000,-85.230000, 58.740000
-16.120000,-90.170000, 57.890000
-17.580000,-96.580000, 58.140000
-18.740000,-103.660000, 59.960000
-19.070000,-111.320000, 62.700000
-19.110000,-119.000000, 65.120000
-20.390000,-126.330000, 67.730000
-24.160000,-132.450000, 69.410000
-28.850000,-136.930000, 69.970000
-33.960000,-140.040000, 69.180000
-38.830000,-142.190000, 66.930000
-44.480000,-143.810000, 62.610000
-51.640000,-144.040000, 57.460000
-58.450000,-144.010000, 52.350000
-60.980000,-146.660000, 50.920000
-56.510000,-150.650000, 53.540000
-47.030000,-152.210000, 57.880000
-37.710000,-152.280000, 59.770000
-33.000000,-152.500000, 60.320000
-31.360000,-151.850000, 60.540000
-29.860000,-150.640000, 60.920000
-27.180000,-150.910000, 62.500000
-23.740000,-152.600000, 65.120000
-17.870000,-154.320000, 69.140000
-14.420000,-158.960000, 72.500000
-15.670000,-164.400000, 74.880000
-22.290000,-170.030000, 76.010000
-30.670000,-175.380000, 76.550000
-37.510000,-180.560000, 76.650000
-40.390000,-185.160000, 76.360000
-40.060000,-188.940000, 75.360000
-36.740000,-192.510000, 73.190000
-29.760000,-196.350000, 70.810000
-21.240000,-199.900000, 69.180000
-13.160000,-201.970000, 68.930000
-8.330000,-203.030000, 70.750000
-8.380000,-203.140000, 74.700000
-13.220000,-202.520000, 79.450000
-19.070000,-201.540000, 83.770000
-23.620000,-200.350000, 86.630000
-26.810000,-199.790000, 89.480000
-28.740000,-199.950000, 92.560000
-30.320000,-200.610000, 93.660000
-31.890000,-202.270000, 93.450000
-33.170000,-205.220000, 92.780000
-34.460000,-209.280000, 88.960000
-37.840000,-215.120000, 85.990000
-44.260000,-219.950000, 83.650000
-48.290000,-223.460000, 82.280000
-46.020000,-226.240000, 82.260000
-35.990000,-228.310000, 83.880000
-19.650000,-230.150000, 88.610000
 0.470000,-228.800000, 94.150000
 22.160000,-222.300000, 100.120000
 43.800000,-211.880000, 99.540000
 58.100000,-198.220000, 92.230000
 60.600000,-183.740000, 82.920000
 50.670000,-170.070000, 72.520000
 31.610000,-162.460000, 61.920000
 5.030000,-162.430000, 55.480000
-26.190000,-168.080000, 54.800000
-56.360000,-175.220000, 59.350000
-83.640000,-182.670000, 69.260000
-100.120000,-186.960000, 84.530000
-96.200000,-187.980000, 99.310000
-70.900000,-188.010000, 108.080000
-33.110000,-185.230000, 111.540000
 6.610000,-184.160000, 108.450000
 39.300000,-183.510000, 99.830000
 45.800000,-180.580000, 92.860000
 33.190000,-174.180000, 87.240000
 10.640000,-163.820000, 82.070000
-17.130000,-150.600000, 78.950000
-39.160000,-139.090000, 76.940000
-51.910000,-133.720000, 75.060000
-57.960000,-135.880000, 71.280000
-59.250000,-142.930000, 67.790000
-54.350000,-151.900000, 63.640000
-43.590000,-162.670000, 58.500000
-28.990000,-172.790000, 51.000000
-14.750000,-180.610000, 48.300000
-2.830000,-188.090000, 53.270000
-1.650000,-193.090000, 67.010000
-13.430000,-191.980000, 85.800000
-31.050000,-187.390000, 101.260000
-46.950000,-179.680000, 106.430000
-58.780000,-167.670000, 102.650000
-61.270000,-154.340000, 94.960000
-54.020000,-145.060000, 88.490000
-41.410000,-139.740000, 79.940000
-34.240000,-137.550000, 66.860000
-33.480000,-140.610000, 56.230000
-33.530000,-145.410000, 52.390000
-29.150000,-149.080000, 53.480000
-20.340000,-153.000000, 55.930000
-9.350000,-157.060000, 59.010000
-0.090000,-157.410000, 65.660000
 6.900000,-156.000000, 76.860000
 7.390000,-154.830000, 84.700000
 1.970000,-155.610000, 84.340000
-7.790000,-157.440000, 76.560000
-19.580000,-159.050000, 66.130000
-28.700000,-158.860000, 58.210000
-31.520000,-155.840000, 54.410000
-27.190000,-149.900000, 52.140000
-17.430000,-141.150000, 52.050000
-5.580000,-130.700000, 56.290000
 0.990000,-122.890000, 60.000000
-0.220000,-117.870000, 59.830000
-7.150000,-112.980000, 56.660000
-13.070000,-106.500000, 50.510000
-16.560000,-99.190000, 44.060000
-18.920000,-93.140000, 39.410000
-19.600000,-89.480000, 37.800000
-17.990000,-87.480000, 39.260000
-15.510000,-86.890000, 42.400000
-11.410000,-85.760000, 44.290000
-3.940000,-83.380000, 44.310000
 4.390000,-79.120000, 43.350000
 8.730000,-72.720000, 40.610000
 7.250000,-65.520000, 33.930000
 2.430000,-60.040000, 24.950000
-4.680000,-57.160000, 17.480000
-11.620000,-55.200000, 15.260000
-18.850000,-55.100000, 16.880000
-23.980000,-55.390000, 19.620000
-28.600000,-55.580000, 22.890000
-34.040000,-54.940000, 27.050000
-38.690000,-53.060000, 32.120000
-37.400000,-50.630000, 34.650000
-24.270000,-48.940000, 29.830000
-4.220000,-48.640000, 18.560000
 8.120000,-47.040000, 8.130000
 8.210000,-43.130000, 3.610000
 0.840000,-37.620000, 4.870000
-8.860000,-32.040000, 8.160000
-16.470000,-28.290000, 12.060000
-20.000000,-27.150000, 16.580000
-16.030000,-29.470000, 20.000000
-7.840000,-32.510000, 21.220000
-0.500000,-34.370000, 20.700000
 2.410000,-34.480000, 19.480000
 0.870000,-34.040000, 17.770000
-3.250000,-34.180000, 15.400000
-8.570000,-34.540000, 13.430000
-12.910000,-33.760000, 11.670000
-15.810000,-32.510000, 10.360000
-16.630000,-30.840000, 9.420000
-15.880000,-29.730000, 9.250000
-13.670000,-29.450000, 9.560000
-10.890000,-30.230000, 9.750000
-6.700000,-32.370000, 10.740000
-2.480000,-35.490000, 11.270000
-0.020000,-39.640000, 11.610000
 0.510000,-43.660000, 11.330000
 0.420000,-46.420000, 11.590000
 0.160000,-48.800000, 11.330000
 0.690000,-49.060000, 11.470000
 0.290000,-48.300000, 12.220000
-0.330000,-46.920000, 13.460000
-1.520000,-46.220000, 15.060000
-3.100000,-46.030000, 16.480000
-4.750000,-46.550000, 18.070000
-5.960000,-48.640000, 18.830000
-6.770000,-51.940000, 19.380000
-6.900000,-55.250000, 20.000000
-6.890000,-58.440000, 21.130000
-5.770000,-61.060000, 23.380000
-3.770000,-63.290000, 26.580000
-2.270000,-64.850000, 29.800000
-0.740000,-65.990000, 33.460000
 0.240000,-67.370000, 37.520000
 0.510000,-68.580000, 42.040000
 0.340000,-70.940000, 46.320000
-0.500000,-73.910000, 50.350000
-1.700000,-76.950000, 53.800000
-3.320000,-80.260000, 56.540000
-4.510000,-83.690000, 58.930000
-6.130000,-86.740000, 60.420000
-8.400000,-89.380000, 62.080000
-13.500000,-90.420000, 63.480000
-20.480000,-90.750000, 63.440000
-25.760000,-90.530000, 62.180000
-27.960000,-89.330000, 60.450000
-27.880000,-87.700000, 57.500000
-27.360000,-86.560000, 53.470000
-27.590000,-85.510000, 48.850000
-30.040000,-85.930000, 39.920000
-36.410000,-86.810000, 26.980000
-46.830000,-91.740000, 17.300000
-58.530000,-101.900000, 17.960000
-66.620000,-113.770000, 27.670000
-62.870000,-121.220000, 38.270000
-48.490000,-122.120000, 46.770000
-33.050000,-120.780000, 50.610000
-22.160000,-120.430000, 51.640000
-11.860000,-123.930000, 54.120000
-1.250000,-131.770000, 60.960000
 6.330000,-143.170000, 68.410000
 8.550000,-156.370000, 73.640000
 4.800000,-169.350000, 76.450000
-5.760000,-179.380000, 79.380000
-18.530000,-186.940000, 83.030000
-26.610000,-192.410000, 86.470000
-29.250000,-198.540000, 88.640000
-29.690000,-208.010000, 88.470000
-29.160000,-220.210000, 84.570000
-29.650000,-231.320000, 79.500000
-27.870000,-238.660000, 75.950000
-22.380000,-242.030000, 75.510000
-15.560000,-241.660000, 79.450000
-9.440000,-238.620000, 86.670000
-4.330000,-235.800000, 94.220000
-3.850000,-233.660000, 99.690000
-9.060000,-231.530000, 101.230000
-15.050000,-230.520000, 100.160000
-19.350000,-229.610000, 96.500000
-22.350000,-227.530000, 93.010000
-24.090000,-224.840000, 88.700000
-24.700000,-223.770000, 84.420000
-25.670000,-223.690000, 81.840000
-28.140000,-223.520000, 79.600000
-31.570000,-223.910000, 78.060000
-36.090000,-225.860000, 79.840000
-37.900000,-228.420000, 86.930000
-34.360000,-230.890000, 95.560000
-21.760000,-232.440000, 104.280000
 1.410000,-232.560000, 108.090000
 28.440000,-229.760000, 110.130000
 50.000000,-223.180000, 112.710000
 60.380000,-214.380000, 113.250000
 58.760000,-202.480000, 108.970000
 41.790000,-191.820000, 97.420000
 19.250000,-181.700000, 86.120000
-2.860000,-174.010000, 76.580000
-26.090000,-167.630000, 70.060000
-48.340000,-162.980000, 67.440000
-66.300000,-162.650000, 69.940000
-71.450000,-166.130000, 76.590000
-57.860000,-171.790000, 85.120000
-29.360000,-175.580000, 94.670000
-1.590000,-176.240000, 101.820000
 17.190000,-174.870000, 107.680000
 24.740000,-173.250000, 110.770000
 22.700000,-171.800000, 110.640000
 11.630000,-169.170000, 108.030000
-4.540000,-165.460000, 104.000000
-20.610000,-158.920000, 99.450000
-33.160000,-151.140000, 96.320000
-38.940000,-143.980000, 93.220000
-39.010000,-138.300000, 90.480000
-37.590000,-134.280000, 87.590000
-37.540000,-130.410000, 83.570000
-38.540000,-126.930000, 78.270000
-40.720000,-124.060000, 73.770000
-42.590000,-121.770000, 71.930000
-42.770000,-121.090000, 72.160000
-37.420000,-122.240000, 70.960000
-29.450000,-125.180000, 65.080000
-24.830000,-128.980000, 57.410000
-27.280000,-133.820000, 53.190000
-32.350000,-139.430000, 54.410000
-36.660000,-143.030000, 61.210000
-38.970000,-141.080000, 70.640000
-39.070000,-135.800000, 76.740000
-38.880000,-127.710000, 77.390000
-40.540000,-119.170000, 71.610000
-44.590000,-113.450000, 63.380000
-46.830000,-114.030000, 54.820000
-43.440000,-119.030000, 48.300000
-35.320000,-126.780000, 44.370000
-25.000000,-134.830000, 45.280000
-15.670000,-139.510000, 49.690000
-10.580000,-141.200000, 54.960000
-7.600000,-139.700000, 58.690000
-5.170000,-137.420000, 61.540000
-4.220000,-134.000000, 63.990000
-7.540000,-131.540000, 64.310000
-15.350000,-131.740000, 60.260000
-24.250000,-132.920000, 51.890000
-31.010000,-134.670000, 42.300000
-33.300000,-136.130000, 35.180000
-30.740000,-135.770000, 31.650000
-22.760000,-132.820000, 30.760000
-12.540000,-125.910000, 31.640000
-5.170000,-115.820000, 33.330000
-4.580000,-104.160000, 34.550000
-9.520000,-93.770000, 34.220000
-17.820000,-85.330000, 30.550000
-23.870000,-78.680000, 24.920000
-26.000000,-72.450000, 17.670000
-23.690000,-66.400000, 12.110000
-20.370000,-60.710000, 8.720000
-16.430000,-55.980000, 7.680000
-13.460000,-52.480000, 10.180000
-10.770000,-50.740000, 14.570000
-7.430000,-48.690000, 19.580000
-3.910000,-46.940000, 24.180000
-1.150000,-45.570000, 26.530000
 1.900000,-42.500000, 27.000000
 7.810000,-38.430000, 24.520000
 15.130000,-33.840000, 19.690000
 20.900000,-30.200000, 13.710000
 22.140000,-28.390000, 9.090000
 16.980000,-29.800000, 9.190000
 7.160000,-33.860000, 13.140000
-5.400000,-39.480000, 19.210000
-17.670000,-44.240000, 24.210000
-25.610000,-48.580000, 27.260000
-28.170000,-51.320000, 28.610000
-24.770000,-52.320000, 28.660000
-13.770000,-51.610000, 26.380000
 1.240000,-50.360000, 22.270000
 10.210000,-47.480000, 19.150000
 9.850000,-43.970000, 18.410000
 3.990000,-40.670000, 20.000000
-1.830000,-39.000000, 22.410000
-4.160000,-38.830000, 24.270000
-4.160000,-39.870000, 25.050000
-1.590000,-41.470000, 23.810000
 1.530000,-43.570000, 22.190000
 1.330000,-44.230000, 21.300000
-3.120000,-43.110000, 20.790000
-10.570000,-41.160000, 20.000000
-18.060000,-39.350000, 19.030000
-22.620000,-38.310000, 17.700000
-23.700000,-38.640000, 16.960000
-22.220000,-40.570000, 17.160000
-19.030000,-44.180000, 17.920000
-14.110000,-49.520000, 18.900000
-9.680000,-55.160000, 19.870000
-3.770000,-61.210000, 21.450000
 2.850000,-67.020000, 23.190000
 9.210000,-71.690000, 24.220000
 14.380000,-75.070000, 24.000000
 18.540000,-77.240000, 23.740000
 20.600000,-77.630000, 23.540000
 18.640000,-77.000000, 23.460000
 12.330000,-75.810000, 23.400000
 4.990000,-75.640000, 23.030000
-1.060000,-76.540000, 23.320000
-6.190000,-78.190000, 24.560000
-9.750000,-80.500000, 27.310000
-11.240000,-84.000000, 31.140000
-10.710000,-87.760000, 35.200000
-9.120000,-91.050000, 39.600000
-6.750000,-94.090000, 43.860000
-2.650000,-95.610000, 47.570000
 1.150000,-95.900000, 50.280000
 3.030000,-96.050000, 51.670000
 4.200000,-94.800000, 52.760000
 4.150000,-93.190000, 53.450000
 2.440000,-91.740000, 54.200000
-0.540000,-90.420000, 55.500000
-4.000000,-89.630000, 57.090000
-5.980000,-89.220000, 58.250000
-6.290000,-89.190000, 58.400000
-5.560000,-89.620000, 57.750000
-4.320000,-90.110000, 57.810000
-2.830000,-91.110000, 59.250000
-1.090000,-93.440000, 61.910000
-0.970000,-96.140000, 63.790000
-3.640000,-99.440000, 65.000000
-10.090000,-102.820000, 65.740000
-18.410000,-106.250000, 65.850000
-28.860000,-109.350000, 65.350000
-40.290000,-111.070000, 64.410000
-50.700000,-110.770000, 63.310000
-58.240000,-108.870000, 60.340000
-63.850000,-106.870000, 56.780000
-66.000000,-105.800000, 53.030000
-63.190000,-107.500000, 50.870000
-53.670000,-110.310000, 50.350000
-40.200000,-112.710000, 49.570000
-28.720000,-114.090000, 47.680000
-21.880000,-115.220000, 44.880000
-16.970000,-118.190000, 43.040000
-13.840000,-124.160000, 45.050000
-11.540000,-132.980000, 53.450000
-9.150000,-143.350000, 65.870000
-7.580000,-155.360000, 76.550000
-9.450000,-166.660000, 84.290000
-16.140000,-175.740000, 89.700000
-23.830000,-182.760000, 93.740000
-29.540000,-188.420000, 93.580000
-31.800000,-193.440000, 93.420000
-31.310000,-198.990000, 93.250000
-27.950000,-204.550000, 89.890000
-24.410000,-209.460000, 84.770000
-23.740000,-212.060000, 80.740000
-25.410000,-211.830000, 77.350000
-28.670000,-210.330000, 74.830000
-33.590000,-208.870000, 74.040000
-36.400000,-207.210000, 74.380000
-35.120000,-204.920000, 76.120000
-30.570000,-202.330000, 77.840000
-25.250000,-201.190000, 79.080000
-20.690000,-202.030000, 78.380000
-17.460000,-203.930000, 77.500000
-16.990000,-207.480000, 77.020000
-23.330000,-212.740000, 75.580000
-35.080000,-219.410000, 72.380000
-49.090000,-225.050000, 69.890000
-58.540000,-229.860000, 71.110000
-58.350000,-232.220000, 76.900000
-45.770000,-233.310000, 86.920000
-18.360000,-232.310000, 98.090000
 20.480000,-228.090000, 105.220000
 60.590000,-219.750000, 107.490000
 90.060000,-208.390000, 107.100000
 97.660000,-196.030000, 105.480000
 84.780000,-184.770000, 99.840000
 59.080000,-174.890000, 86.410000
 23.510000,-167.380000, 70.380000
-15.140000,-161.900000, 59.490000
-50.580000,-158.960000, 55.300000
-82.000000,-161.190000, 58.480000
-107.430000,-166.540000, 69.110000
-116.260000,-173.840000, 82.940000
-99.550000,-181.350000, 93.960000
-59.540000,-186.950000, 99.940000
-12.190000,-188.990000, 104.750000
 28.750000,-188.380000, 105.660000
 57.070000,-186.740000, 101.930000
 63.410000,-183.580000, 95.660000
 47.620000,-177.330000, 91.540000
 17.570000,-168.590000, 87.900000
-18.230000,-155.440000, 87.060000
-48.690000,-140.950000, 88.730000
-63.120000,-129.420000, 89.410000
-62.620000,-123.270000, 88.100000
-52.290000,-120.890000, 84.680000
-35.110000,-121.870000, 80.290000
-20.180000,-123.930000, 75.930000
-12.890000,-125.830000, 73.120000
-13.900000,-127.030000, 71.540000
-20.300000,-127.620000, 70.640000
-27.510000,-127.220000, 68.540000
-28.000000,-126.870000, 60.690000
-27.130000,-126.710000, 48.060000
-37.260000,-128.620000, 35.760000
-48.300000,-136.540000, 30.380000
-49.020000,-148.320000, 35.800000
-40.870000,-153.620000, 48.920000
-32.670000,-151.970000, 64.240000
-27.880000,-146.600000, 75.090000
-25.740000,-141.640000, 77.120000
-24.600000,-139.120000, 73.060000
-18.010000,-138.920000, 68.960000
-8.470000,-138.620000, 68.890000
-4.270000,-138.930000, 69.410000
-8.250000,-141.390000, 66.690000
-18.040000,-145.280000, 62.090000
-26.990000,-149.410000, 59.120000
-30.110000,-152.160000, 57.870000
-27.110000,-153.570000, 57.390000
-20.040000,-153.970000, 59.600000
-15.310000,-155.160000, 60.870000
-15.620000,-157.850000, 60.650000
-17.900000,-161.200000, 57.320000
-19.960000,-164.060000, 52.610000
-22.300000,-165.060000, 50.480000
-21.930000,-163.960000, 51.870000
-16.360000,-160.850000, 54.620000
-10.100000,-155.130000, 57.450000
-9.670000,-148.160000, 60.010000
-15.300000,-140.650000, 60.900000
-23.700000,-134.730000, 60.770000
-30.700000,-128.960000, 59.040000
-32.660000,-122.030000, 56.050000
-27.960000,-114.320000, 53.670000
-18.930000,-107.620000, 54.600000
-9.130000,-102.040000, 58.510000
-1.290000,-98.440000, 62.480000
 1.050000,-95.580000, 64.610000
 0.220000,-92.800000, 62.430000
-0.210000,-89.030000, 55.750000
-0.460000,-84.750000, 47.140000
-1.160000,-80.100000, 39.030000
-3.210000,-74.920000, 31.050000
-4.820000,-71.510000, 21.640000
-6.800000,-68.830000, 12.060000
-9.590000,-66.750000, 5.020000
-11.940000,-64.330000, 4.030000
-13.490000,-62.610000, 9.550000
-12.170000,-60.800000, 19.190000
-7.290000,-57.670000, 27.800000
-2.570000,-53.030000, 31.030000
-5.230000,-47.210000, 31.890000
-8.900000,-42.910000, 30.490000
-6.830000,-42.220000, 23.440000
-2.000000,-42.670000, 12.470000
-3.680000,-40.940000, 2.870000
-11.350000,-35.500000,-3.230000
-19.540000,-26.790000,-3.950000
-23.480000,-17.620000,-1.430000
-21.340000,-9.090000, 2.130000
-16.060000,-2.870000, 5.650000
-8.950000, 0.150000, 7.540000
-1.250000, 1.290000, 8.480000
 4.670000, 0.190000, 9.140000
 6.340000,-1.450000, 9.700000
 2.610000,-2.860000, 9.930000
-1.560000,-3.530000, 9.650000
-2.950000,-3.850000, 8.640000
-1.090000,-2.900000, 7.120000
 1.170000,-0.970000, 5.550000
 3.360000, 1.660000, 3.980000
 4.940000, 4.330000, 3.510000
 3.900000, 6.020000, 3.330000
 0.350000, 7.470000, 2.710000
-6.180000, 7.580000, 2.380000
-13.720000, 7.290000, 1.360000
-19.400000, 6.360000, 0.030000
-22.320000, 5.740000,-1.160000
-22.670000, 4.830000,-2.290000
-20.970000, 3.450000,-2.450000
-16.170000, 0.930000,-1.510000
-10.060000,-2.920000, 0.640000
-4.740000,-7.510000, 3.070000
-1.540000,-12.890000, 5.240000
-1.060000,-18.760000, 6.780000
-2.670000,-24.220000, 7.860000
-4.580000,-29.590000, 8.170000
-5.690000,-35.330000, 7.950000
-5.520000,-41.830000, 7.700000
-4.630000,-48.670000, 7.440000
-3.980000,-56.300000, 7.690000
-2.120000,-63.410000, 8.850000
 1.750000,-71.230000, 10.540000
 7.320000,-78.360000, 12.640000
 13.790000,-84.320000, 15.900000
 20.140000,-90.520000, 19.270000
 24.420000,-95.700000, 23.270000
 25.480000,-99.110000, 27.840000
 22.930000,-100.850000, 32.510000
 17.690000,-101.450000, 36.950000
 11.930000,-101.450000, 40.880000
 6.250000,-101.080000, 44.670000
 1.450000,-100.190000, 47.420000
-1.310000,-99.700000, 49.830000
-3.180000,-99.720000, 52.570000
-5.060000,-99.130000, 55.930000
-7.540000,-98.690000, 60.410000
-11.190000,-97.850000, 64.250000
-13.770000,-96.870000, 67.400000
-13.220000,-96.450000, 69.870000
-9.360000,-95.770000, 72.640000
-2.220000,-95.180000, 74.160000
 5.580000,-94.330000, 74.320000
 10.850000,-94.200000, 74.300000
 11.760000,-95.340000, 74.260000
 7.460000,-97.470000, 73.650000
-1.570000,-100.010000, 72.430000
-13.960000,-101.760000, 70.830000
-26.500000,-102.910000, 68.240000
-36.010000,-101.700000, 65.060000
-42.160000,-99.300000, 60.320000
-48.510000,-97.410000, 53.530000
-54.180000,-95.990000, 45.190000
-61.390000,-96.030000, 37.300000
-66.510000,-100.030000, 32.960000
-64.000000,-104.960000, 33.300000
-54.700000,-106.130000, 37.030000
-40.290000,-103.030000, 40.690000
-26.540000,-99.590000, 42.110000
-14.120000,-98.350000, 42.480000
-1.630000,-101.480000, 46.430000
 7.690000,-107.510000, 55.100000
 11.560000,-117.310000, 63.990000
 8.540000,-129.740000, 69.260000
-1.740000,-143.350000, 71.180000
-16.380000,-156.490000, 72.300000
-29.540000,-167.600000, 75.190000
-34.930000,-177.380000, 77.270000
-33.090000,-185.440000, 79.450000
-28.270000,-193.070000, 81.230000
-25.090000,-202.380000, 79.710000
-24.050000,-213.160000, 75.880000
-23.930000,-221.970000, 72.030000
-23.740000,-227.380000, 70.960000
-23.590000,-230.160000, 74.260000
-23.480000,-231.360000, 80.900000
-22.010000,-231.000000, 88.000000
-20.190000,-229.730000, 93.090000
-18.320000,-227.900000, 93.650000
-16.370000,-226.660000, 93.410000
-15.540000,-226.450000, 93.300000
-15.480000,-227.090000, 91.700000
-18.590000,-228.670000, 89.480000
-25.300000,-230.740000, 87.250000
-34.600000,-232.340000, 84.110000
-43.510000,-233.710000, 80.480000
-49.020000,-233.870000, 80.720000
-46.250000,-234.000000, 88.490000
-33.740000,-233.730000, 102.120000
-9.530000,-233.740000, 115.450000
 27.240000,-232.650000, 121.130000
 61.580000,-227.030000, 121.110000
 80.030000,-217.450000, 119.510000
 78.380000,-206.650000, 116.610000
 60.350000,-196.070000, 108.110000
 31.200000,-187.670000, 96.760000
 0.770000,-180.580000, 85.530000
-24.510000,-174.800000, 77.220000
-44.160000,-169.750000, 72.940000
-60.970000,-167.080000, 73.580000
-72.390000,-167.710000, 79.900000
-69.050000,-172.540000, 90.040000
-50.960000,-178.930000, 102.140000
-23.640000,-184.590000, 113.930000
-1.330000,-187.520000, 121.670000
 11.740000,-187.170000, 124.900000
 19.560000,-185.180000, 121.380000
 22.090000,-182.840000, 111.320000
 13.840000,-178.470000, 99.580000
-3.200000,-170.960000, 91.670000
-22.830000,-160.900000, 86.710000
-37.940000,-150.010000, 85.830000
-43.080000,-140.640000, 84.610000
-40.450000,-134.540000, 81.570000
-35.020000,-130.670000, 77.510000
-28.830000,-127.420000, 73.150000
-25.450000,-124.900000, 68.490000
-24.000000,-123.640000, 63.000000
-22.730000,-122.940000, 56.320000
-27.260000,-124.570000, 51.610000
-34.140000,-131.560000, 50.230000
-38.030000,-141.560000, 53.830000
-36.670000,-147.730000, 61.410000
-32.330000,-148.340000, 69.800000
-28.000000,-143.130000, 74.220000
-27.400000,-134.400000, 73.550000
-29.970000,-127.830000, 68.950000
-31.290000,-127.230000, 65.960000
-33.160000,-130.450000, 65.950000
-35.080000,-135.450000, 65.640000
-36.930000,-142.530000, 63.720000
-39.800000,-148.720000, 62.870000
-39.510000,-151.660000, 63.770000
-33.220000,-151.610000, 65.170000
-21.900000,-149.740000, 66.410000
-9.820000,-146.900000, 68.550000
-2.800000,-143.480000, 70.320000
-2.470000,-141.920000, 70.580000
-9.140000,-142.310000, 67.610000
-18.930000,-144.180000, 61.130000
-29.620000,-147.320000, 53.230000
-37.050000,-151.870000, 46.610000
-38.020000,-157.110000, 44.210000
-34.580000,-162.370000, 44.640000
-29.210000,-165.250000, 47.640000
-26.210000,-165.550000, 53.460000
-29.230000,-163.530000, 60.700000
-37.000000,-160.920000, 65.960000
-43.740000,-157.030000, 68.940000
-44.790000,-151.060000, 71.020000
-38.220000,-143.000000, 75.990000
-24.810000,-132.940000, 82.220000
-5.270000,-122.870000, 85.340000
 12.140000,-110.430000, 84.510000
 21.440000,-98.190000, 78.580000
 22.840000,-87.940000, 68.860000
 16.760000,-81.120000, 55.980000
 5.300000,-76.730000, 42.890000
-5.900000,-73.830000, 30.320000
-14.520000,-72.640000, 18.670000
-20.060000,-72.670000, 8.740000
-23.690000,-73.130000, 1.440000
-25.230000,-73.570000,-2.390000
-24.140000,-73.420000,-3.670000
-21.540000,-71.840000, 0.290000
-14.900000,-69.410000, 9.340000
-4.310000,-65.540000, 22.400000
 5.710000,-61.510000, 33.950000
 10.510000,-56.800000, 39.420000
 5.580000,-52.160000, 40.670000
-3.550000,-49.510000, 37.670000
-7.600000,-51.300000, 29.990000
-6.190000,-54.190000, 19.400000
-4.910000,-54.090000, 9.890000
-8.360000,-49.220000, 5.810000
-14.760000,-40.030000, 7.140000
-20.340000,-30.030000, 10.060000
-22.910000,-21.460000, 12.160000
-21.750000,-16.100000, 14.390000
-17.170000,-13.980000, 15.380000
-9.640000,-14.680000, 15.620000
-3.230000,-14.950000, 14.070000
 0.720000,-15.250000, 11.450000
 2.050000,-16.430000, 9.470000
 1.770000,-19.030000, 8.220000
 2.270000,-21.460000, 7.030000
 2.900000,-23.600000, 5.510000
 2.290000,-24.240000, 5.530000
 0.980000,-22.920000, 6.430000
-1.460000,-20.470000, 7.810000
-5.950000,-17.700000, 8.250000
-11.640000,-15.090000, 8.030000
-15.270000,-13.250000, 7.470000
-16.060000,-12.870000, 6.740000
-14.820000,-13.700000, 4.890000
-12.510000,-15.610000, 2.200000
-9.530000,-19.300000, 0.170000
-6.320000,-23.780000, 0.060000
-1.720000,-29.410000, 1.380000
 3.570000,-35.390000, 3.670000
 9.140000,-40.280000, 7.320000
 13.640000,-44.900000, 10.900000
 15.660000,-47.780000, 14.610000
 15.810000,-49.740000, 18.670000
 13.740000,-50.540000, 22.420000
 10.660000,-50.760000, 25.170000
 7.800000,-50.310000, 26.650000
 5.090000,-49.740000, 27.770000
 2.060000,-49.320000, 29.030000
 0.400000,-49.290000, 30.740000
 2.170000,-49.720000, 32.060000
 5.060000,-50.640000, 33.650000
 7.870000,-52.000000, 35.480000
 8.890000,-53.890000, 37.090000
 7.870000,-55.930000, 38.950000
 4.450000,-57.700000, 40.540000
-0.120000,-59.500000, 42.120000
-4.450000,-61.560000, 42.990000
-8.070000,-65.130000, 43.580000
-11.590000,-69.510000, 44.920000
-15.510000,-75.030000, 46.740000
-18.360000,-79.030000, 47.540000
-19.830000,-81.890000, 46.860000
-22.890000,-82.900000, 43.690000
-27.700000,-84.560000, 37.660000
-33.770000,-86.820000, 31.770000
-41.750000,-90.950000, 30.630000
-49.250000,-97.520000, 33.670000
-47.510000,-101.620000, 38.180000
-37.120000,-100.450000, 42.940000
-24.900000,-96.480000, 46.740000
-16.930000,-92.880000, 47.230000
-10.260000,-92.060000, 46.340000
-5.940000,-95.540000, 47.840000
-7.360000,-104.490000, 53.980000
-12.080000,-118.610000, 62.730000
-19.190000,-133.070000, 72.210000
-27.960000,-146.380000, 80.540000
-35.900000,-156.300000, 85.050000
-39.480000,-163.670000, 85.500000
-36.360000,-167.600000, 85.470000
-30.690000,-170.510000, 86.550000
-26.680000,-174.450000, 84.960000
-24.450000,-179.390000, 79.000000
-24.860000,-184.480000, 72.230000
-25.600000,-188.750000, 67.800000
-25.540000,-191.600000, 68.030000
-25.560000,-194.350000, 72.640000
-27.240000,-197.810000, 78.830000
-29.290000,-201.670000, 83.870000
-30.120000,-206.440000, 85.460000
-28.860000,-211.090000, 84.470000
-24.600000,-215.300000, 81.770000
-18.990000,-219.120000, 77.730000
-15.000000,-223.020000, 73.060000
-15.880000,-225.950000, 68.960000
-22.920000,-227.670000, 66.330000
-35.290000,-228.690000, 66.410000
-46.310000,-228.770000, 68.910000
-47.570000,-228.740000, 74.770000
-35.870000,-227.050000, 84.050000
-9.130000,-224.630000, 94.880000
 24.670000,-219.450000, 106.750000
 51.930000,-210.810000, 112.850000
 68.110000,-201.800000, 112.930000
 69.430000,-192.520000, 108.340000
 54.490000,-183.000000, 99.150000
 26.170000,-174.580000, 86.620000
-7.290000,-169.860000, 74.710000
-37.090000,-168.770000, 67.700000
-59.600000,-171.450000, 64.480000
-77.650000,-177.060000, 66.840000
-87.000000,-182.290000, 74.060000
-78.080000,-187.950000, 83.800000
-50.060000,-192.970000, 94.580000
-13.450000,-194.890000, 103.790000
 15.230000,-192.800000, 110.800000
 33.590000,-190.500000, 114.030000
 42.130000,-189.030000, 110.280000
 33.620000,-187.770000, 103.030000
 7.230000,-184.730000, 97.350000
-27.120000,-179.300000, 93.580000
-57.860000,-170.750000, 96.400000
-75.550000,-162.040000, 97.930000
-78.750000,-155.510000, 100.020000
-70.060000,-152.910000, 101.080000
-50.990000,-156.090000, 98.700000
-31.410000,-160.460000, 92.000000
-11.860000,-164.510000, 82.000000
 6.060000,-163.850000, 64.730000
 10.350000,-161.610000, 52.790000
 2.620000,-164.960000, 53.870000
-16.360000,-170.860000, 66.680000
-39.610000,-174.130000, 78.160000
-56.060000,-175.580000, 83.890000
-67.520000,-172.280000, 85.090000
-74.320000,-165.390000, 81.570000
-68.750000,-160.280000, 75.540000
-46.370000,-156.660000, 71.380000
-17.730000,-152.500000, 70.390000
 3.800000,-146.130000, 70.410000
 9.530000,-141.410000, 68.430000
 2.410000,-140.590000, 64.870000
-11.520000,-142.740000, 62.550000
-22.970000,-145.660000, 61.680000
-29.010000,-149.950000, 63.410000
-27.160000,-155.250000, 66.220000
-19.570000,-161.060000, 69.620000
-11.800000,-164.460000, 74.410000
-10.740000,-167.830000, 78.490000
-16.720000,-172.000000, 78.670000
-27.000000,-178.510000, 76.420000
-35.870000,-186.070000, 74.800000
-37.530000,-192.700000, 73.580000
-31.550000,-197.030000, 72.190000
-20.260000,-197.790000, 70.630000
-11.000000,-195.830000, 72.260000
-11.250000,-194.630000, 76.560000
-18.790000,-193.820000, 82.230000
-29.300000,-192.030000, 88.220000
-29.250000,-186.990000, 91.830000
-17.280000,-175.660000, 93.440000
-3.310000,-161.060000, 93.410000
 9.000000,-147.910000, 90.150000
 15.620000,-137.800000, 85.400000
 14.920000,-130.250000, 75.500000
 13.890000,-124.030000, 62.400000
 12.770000,-118.830000, 48.550000
 4.770000,-115.800000, 37.100000
-14.310000,-114.470000, 29.920000
-37.930000,-113.850000, 26.350000
-55.830000,-114.740000, 23.690000
-60.850000,-113.410000, 22.160000
-53.040000,-109.680000, 23.740000
-30.380000,-103.820000, 30.170000
-3.420000,-96.650000, 40.760000
 14.380000,-88.290000, 49.430000
 23.010000,-81.340000, 54.270000
 25.060000,-77.290000, 54.340000
 29.340000,-79.520000, 43.220000
 33.270000,-85.360000, 23.960000
 27.860000,-90.700000, 7.160000
 12.640000,-90.780000, 0.720000
-4.160000,-86.390000, 4.310000
-17.810000,-79.560000, 13.970000
-27.970000,-71.260000, 25.090000
-32.150000,-63.330000, 33.490000
-31.060000,-56.600000, 39.160000
-26.070000,-50.940000, 43.040000
-15.920000,-46.960000, 42.360000
-4.620000,-44.610000, 37.220000
 2.250000,-41.480000, 30.800000
 3.530000,-35.800000, 25.610000
-0.610000,-28.580000, 21.070000
-9.740000,-21.890000, 16.340000
-21.290000,-16.350000, 12.160000
-30.240000,-13.830000, 7.990000
-31.900000,-13.890000, 4.800000
-26.000000,-15.230000, 3.390000
-15.380000,-15.350000, 4.100000
-2.360000,-14.110000, 5.430000
 10.620000,-12.990000, 6.360000
 19.260000,-12.000000, 6.830000
 20.670000,-11.740000, 7.130000
 14.850000,-11.540000, 6.770000
 5.360000,-10.860000, 4.980000
-4.000000,-9.500000, 3.210000
-10.390000,-8.090000, 2.840000
-12.540000,-6.510000, 3.930000
-10.850000,-5.940000, 5.150000
-6.770000,-5.400000, 6.010000
-0.960000,-5.570000, 6.140000
 3.480000,-5.900000, 6.240000
 3.990000,-6.890000, 7.700000
 1.210000,-8.160000, 10.660000
-3.100000,-9.120000, 14.380000
-6.620000,-9.150000, 18.580000
-6.580000,-9.480000, 22.690000
-3.790000,-10.440000, 25.970000
-1.210000,-12.840000, 28.700000
-0.830000,-15.380000, 30.330000
-2.030000,-17.510000, 31.070000
-4.220000,-20.090000, 29.640000
-9.370000,-22.610000, 26.330000
-15.820000,-23.750000, 20.600000
-22.470000,-25.510000, 13.450000
-28.930000,-31.460000, 8.550000
-33.800000,-40.780000, 8.960000
-32.320000,-49.060000, 13.640000
-26.220000,-54.890000, 20.150000
-18.030000,-57.160000, 26.710000
-9.390000,-56.930000, 31.030000
-1.830000,-56.810000, 32.250000
 1.870000,-57.910000, 31.830000
 3.220000,-62.220000, 32.280000
 1.540000,-71.980000, 34.790000
-0.720000,-85.320000, 40.700000
-5.110000,-100.000000, 48.410000
-11.940000,-113.980000, 56.590000
-20.670000,-125.540000, 63.220000
-28.620000,-134.410000, 67.200000
-32.130000,-140.770000, 69.330000
-30.870000,-144.800000, 71.680000
-27.450000,-148.760000, 72.680000
-24.620000,-153.560000, 71.090000
-23.250000,-159.440000, 68.350000
-21.090000,-165.150000, 67.480000
-18.250000,-170.110000, 69.960000
-16.020000,-174.640000, 75.030000
-14.910000,-179.100000, 80.630000
-17.100000,-183.580000, 84.990000
-22.650000,-188.600000, 88.110000
-28.920000,-193.700000, 90.130000
-35.360000,-198.250000, 91.900000
-38.780000,-202.530000, 92.280000
-38.070000,-206.350000, 89.410000
-34.400000,-209.580000, 86.620000
-31.190000,-213.020000, 82.540000
-32.600000,-218.160000, 78.570000
-38.410000,-224.220000, 74.560000
-46.700000,-230.390000, 71.220000
-53.030000,-235.420000, 70.220000
-52.760000,-239.480000, 74.580000
-45.600000,-243.030000, 86.020000
-28.980000,-244.250000, 100.110000
 0.480000,-240.490000, 109.930000
 38.350000,-231.680000, 111.120000
 70.800000,-219.180000, 108.090000
 83.690000,-206.040000, 103.830000
 77.060000,-193.400000, 96.090000
 56.790000,-183.740000, 83.190000
 25.020000,-174.770000, 69.480000
-11.540000,-168.090000, 61.130000
-43.250000,-166.350000, 59.710000
-64.110000,-169.790000, 63.280000
-78.860000,-174.390000, 72.290000
-85.750000,-179.320000, 84.800000
-72.670000,-183.140000, 94.220000
-38.410000,-187.450000, 100.940000
 3.810000,-191.190000, 105.170000
 39.530000,-191.760000, 108.860000
 62.290000,-189.910000, 110.630000
 66.960000,-187.120000, 108.510000
 49.510000,-184.220000, 103.520000
 15.970000,-180.160000, 97.580000
-23.900000,-173.510000, 92.980000
-55.590000,-162.820000, 89.800000
-69.480000,-150.870000, 92.520000
-64.930000,-141.180000, 93.740000
-48.010000,-137.380000, 93.440000
-29.640000,-139.300000, 93.240000
-15.620000,-144.040000, 90.140000
-5.730000,-148.620000, 88.430000
 0.020000,-150.830000, 86.030000
 2.770000,-152.060000, 80.290000
 6.170000,-152.520000, 70.900000
-3.240000,-152.770000, 64.780000
-30.750000,-155.830000, 66.250000
-62.120000,-162.790000, 70.870000
-80.290000,-168.750000, 73.970000
-87.950000,-169.060000, 77.370000
-85.690000,-165.140000, 79.360000
-68.910000,-160.750000, 79.950000
-45.060000,-160.030000, 81.860000
-23.260000,-163.580000, 85.290000
-10.440000,-169.370000, 88.240000
-11.030000,-175.190000, 88.350000
-20.550000,-180.050000, 86.170000
-34.330000,-183.360000, 83.450000
-45.060000,-184.130000, 80.450000
-47.480000,-184.530000, 77.050000
-38.960000,-183.540000, 75.510000
-21.740000,-181.600000, 76.450000
-5.150000,-179.090000, 79.870000
 5.040000,-176.870000, 81.950000
 6.220000,-176.150000, 81.900000
-0.410000,-176.510000, 79.740000
-11.580000,-178.050000, 76.630000
-23.220000,-180.650000, 74.280000
-32.360000,-181.610000, 73.480000
-38.150000,-182.030000, 71.800000
-38.290000,-182.700000, 70.350000
-35.140000,-183.320000, 69.960000
-32.680000,-185.730000, 69.830000
-30.120000,-189.450000, 70.420000
-26.640000,-193.450000, 73.900000
-22.730000,-194.630000, 80.720000
-18.250000,-193.300000, 89.010000
-9.560000,-190.550000, 96.010000
 2.450000,-187.170000, 102.930000
 15.030000,-183.740000, 107.610000
 25.950000,-181.060000, 108.120000
 34.020000,-177.660000, 101.580000
 38.310000,-171.620000, 88.000000
 33.360000,-164.190000, 71.450000
 21.020000,-157.640000, 55.470000
 2.390000,-153.940000, 43.450000
-21.250000,-154.040000, 37.570000
-45.870000,-155.010000, 35.840000
-64.550000,-155.140000, 38.180000
-70.250000,-153.420000, 44.540000
-62.690000,-149.310000, 54.810000
-41.040000,-143.930000, 64.640000
-16.230000,-138.460000, 70.000000
 3.060000,-133.510000, 73.580000
 20.850000,-132.350000, 71.690000
 41.640000,-136.560000, 60.540000
 46.620000,-139.870000, 47.410000
 32.600000,-138.720000, 38.060000
 3.200000,-131.510000, 35.410000
-24.340000,-118.670000, 38.200000
-35.930000,-105.400000, 41.680000
-36.640000,-94.270000, 46.050000
-30.830000,-87.210000, 50.290000
-20.620000,-85.820000, 53.040000
-8.350000,-87.770000, 54.090000
 2.830000,-89.980000, 53.860000
 8.820000,-91.330000, 52.000000
 8.060000,-89.920000, 49.450000
 3.590000,-85.580000, 47.660000
-3.580000,-78.500000, 46.770000
-13.560000,-69.260000, 45.670000
-24.260000,-57.590000, 41.870000
-29.190000,-45.840000, 37.160000
-26.210000,-33.910000, 32.960000
-21.240000,-22.620000, 28.580000
-18.020000,-14.140000, 22.410000
-21.130000,-8.700000, 14.690000
-30.200000,-6.580000, 7.960000
-39.270000,-7.110000, 3.890000
-43.320000,-8.720000, 0.930000
-38.900000,-8.800000,-1.230000
-25.430000,-6.510000, 0.320000
-9.400000,-3.380000, 6.480000
 1.060000,-2.340000, 13.770000
 5.010000,-3.270000, 19.310000
 4.260000,-6.650000, 23.960000
 0.860000,-11.490000, 27.340000
-3.790000,-14.960000, 27.860000
-7.870000,-16.160000, 24.580000
-11.670000,-15.990000, 18.380000
-14.680000,-13.530000, 11.440000
-16.740000,-10.250000, 4.220000
-17.510000,-6.740000,-1.000000
-18.220000,-3.120000,-3.880000
-16.320000, 0.120000,-4.020000
-13.790000, 2.380000,-1.830000
-12.610000, 4.290000,-0.020000
-14.650000, 4.230000, 1.050000
-17.180000, 0.980000, 1.410000
-20.160000,-4.210000, 2.160000
-20.810000,-10.640000, 3.610000
-18.610000,-17.420000, 5.540000
-14.270000,-23.720000, 7.410000
-10.340000,-28.350000, 10.900000
-7.840000,-30.870000, 16.460000
-3.270000,-32.180000, 23.090000
 7.360000,-31.760000, 27.620000
 19.670000,-28.950000, 27.890000
 26.510000,-25.130000, 24.040000
 25.160000,-22.260000, 17.430000
 15.900000,-21.560000, 11.220000
 2.440000,-23.830000, 6.880000
-11.900000,-27.690000, 5.690000
-24.610000,-32.730000, 6.940000
-32.080000,-38.540000, 10.800000
-30.160000,-46.310000, 16.770000
-18.090000,-54.130000, 23.220000
 0.920000,-62.030000, 28.470000
 19.770000,-70.510000, 30.170000
 32.330000,-78.290000, 29.980000
 30.530000,-84.380000, 31.580000
 17.510000,-88.740000, 34.950000
-0.610000,-91.710000, 37.760000
-18.350000,-93.630000, 40.140000
-28.080000,-95.900000, 42.740000
-27.750000,-99.760000, 45.460000
-19.860000,-105.540000, 47.520000
-11.020000,-112.230000, 49.140000
-5.670000,-118.870000, 51.500000
-5.890000,-124.540000, 53.770000
-8.730000,-130.380000, 57.090000
-12.120000,-136.220000, 60.960000
-13.380000,-141.250000, 65.140000
-12.180000,-145.970000, 69.180000
-9.480000,-149.230000, 72.650000
-6.350000,-150.980000, 75.820000
-3.840000,-151.150000, 78.220000
-2.650000,-149.900000, 79.200000
-3.250000,-146.580000, 78.340000
-5.580000,-140.820000, 75.800000
-9.650000,-133.590000, 72.810000
-14.880000,-125.930000, 69.800000
-18.600000,-116.710000, 67.290000
-23.960000,-109.720000, 63.410000
-26.490000,-103.010000, 60.230000
-27.990000,-97.390000, 58.210000
-27.480000,-94.330000, 55.930000
-25.670000,-93.650000, 53.370000
-25.880000,-97.090000, 49.830000
-27.160000,-102.790000, 46.960000
-28.710000,-108.020000, 45.580000
-31.420000,-114.220000, 46.060000
-33.330000,-120.060000, 46.800000
-33.700000,-123.580000, 47.700000
-32.970000,-123.880000, 48.980000
-34.020000,-121.050000, 48.660000
-36.580000,-116.930000, 46.510000
-35.130000,-115.060000, 45.670000
-27.600000,-117.580000, 50.640000
-19.410000,-123.800000, 61.380000
-15.780000,-131.700000, 72.220000
-17.530000,-139.900000, 77.320000
-23.620000,-146.180000, 77.630000
-31.730000,-152.270000, 76.840000
-37.070000,-157.040000, 76.410000
-37.470000,-161.600000, 76.410000
-32.290000,-165.660000, 76.700000
-26.300000,-170.700000, 75.800000
-22.970000,-177.170000, 72.350000
-23.650000,-183.080000, 67.370000
-25.820000,-187.870000, 63.440000
-28.000000,-189.620000, 62.090000
-29.800000,-189.310000, 64.070000
-30.580000,-187.370000, 67.590000
-29.250000,-184.780000, 70.050000
-24.610000,-183.270000, 70.500000
-18.760000,-182.830000, 68.980000
-15.510000,-183.100000, 65.930000
-15.870000,-184.560000, 62.480000
-18.860000,-188.970000, 60.230000
-25.100000,-196.100000, 59.550000
-36.650000,-203.310000, 59.010000
-46.480000,-207.930000, 59.490000
-47.940000,-210.060000, 63.550000
-40.130000,-210.540000, 73.320000
-24.290000,-209.610000, 88.770000
-0.500000,-205.650000, 103.090000
 34.030000,-197.700000, 106.410000
 68.020000,-186.860000, 100.740000
 84.890000,-174.150000, 92.410000
 81.500000,-163.350000, 83.770000
 63.910000,-154.730000, 70.560000
 35.690000,-150.750000, 58.540000
-1.720000,-150.320000, 51.290000
-38.390000,-151.280000, 47.910000
-71.450000,-153.390000, 47.340000
-99.490000,-156.340000, 53.240000
-109.040000,-160.960000, 63.860000
-92.290000,-166.470000, 76.380000
-54.070000,-171.830000, 89.090000
-9.960000,-174.020000, 99.230000
 31.110000,-174.590000, 105.020000
 66.730000,-175.830000, 101.920000
 76.800000,-175.970000, 93.670000
 59.240000,-173.460000, 85.980000
 21.640000,-168.510000, 79.320000
-18.830000,-158.600000, 76.400000
-47.140000,-145.140000, 77.200000
-57.440000,-131.100000, 80.510000
-53.220000,-122.330000, 83.050000
-42.340000,-118.720000, 82.230000
-29.290000,-118.540000, 79.160000
-19.680000,-119.140000, 75.660000
-15.870000,-119.540000, 72.340000
-15.730000,-120.200000, 69.780000
-16.020000,-121.180000, 69.030000
-17.180000,-120.990000, 69.770000
-20.150000,-119.070000, 71.490000
-22.830000,-114.690000, 71.250000
-23.870000,-108.650000, 66.030000
-29.060000,-102.860000, 58.150000
-37.040000,-102.770000, 53.830000
-42.200000,-105.910000, 55.930000
-46.420000,-107.010000, 59.590000
-46.460000,-106.610000, 59.930000
-43.870000,-104.670000, 56.850000
-44.090000,-101.190000, 50.040000
-49.640000,-97.080000, 38.620000
-50.290000,-96.960000, 28.150000
-37.740000,-102.150000, 25.470000
-17.360000,-109.540000, 33.890000
 2.010000,-116.880000, 50.270000
 10.030000,-123.830000, 66.040000
 5.130000,-129.910000, 75.900000
-7.800000,-134.690000, 80.680000
-21.400000,-138.820000, 80.510000
-28.910000,-143.300000, 77.930000
-30.490000,-146.730000, 74.230000
-29.160000,-149.090000, 68.690000
-26.950000,-149.930000, 61.900000
-25.380000,-150.450000, 53.620000
-22.410000,-150.970000, 46.750000
-17.580000,-150.670000, 43.980000
-11.030000,-148.600000, 44.420000
-7.880000,-145.030000, 46.830000
-8.780000,-140.560000, 49.610000
-12.360000,-137.090000, 51.120000
-16.780000,-135.090000, 49.700000
-21.280000,-134.140000, 45.610000
-24.220000,-133.770000, 39.380000
-24.800000,-133.250000, 34.380000
-23.450000,-131.190000, 33.700000
-22.740000,-127.950000, 40.850000
-22.490000,-120.990000, 51.730000
-18.650000,-111.580000, 59.890000
-14.250000,-97.780000, 63.450000
-9.490000,-84.890000, 62.670000
-7.530000,-75.480000, 57.700000
-8.490000,-69.030000, 50.160000
-9.220000,-64.830000, 41.040000
-8.960000,-61.500000, 32.090000
-7.750000,-59.410000, 24.090000
-5.830000,-58.930000, 16.830000
-5.760000,-59.110000, 10.450000
-8.790000,-59.720000, 5.680000
-13.200000,-60.590000, 3.800000
-17.520000,-60.500000, 6.460000
-20.860000,-59.380000, 14.220000
-22.250000,-58.430000, 24.930000
-20.420000,-57.410000, 33.060000
-19.000000,-55.290000, 36.770000
-19.610000,-51.810000, 37.750000
-17.140000,-49.250000, 35.130000
-9.490000,-48.230000, 26.130000
-2.870000,-46.750000, 13.920000
-5.060000,-43.140000, 4.240000
-16.210000,-36.640000, 0.320000
-28.670000,-29.310000, 0.440000
-36.310000,-22.060000, 2.810000
-35.950000,-16.670000, 8.040000
-26.140000,-14.590000, 13.750000
-8.210000,-17.170000, 17.770000
 8.460000,-20.940000, 18.650000
 16.590000,-24.450000, 17.810000
 14.880000,-26.950000, 16.030000
 4.350000,-29.850000, 14.700000
-10.020000,-32.540000, 12.290000
