-155.410000,-108.610000, 250.120000
-119.120000,-115.670000, 250.120000
-91.690000,-114.430000, 250.120000
-81.670000,-111.290000, 250.120000
-83.160000,-117.700000, 250.120000
-78.460000,-134.620000, 250.120000
-60.380000,-151.500000, 250.120000
-41.640000,-160.220000, 250.120000
-32.820000,-164.090000, 250.120000
-29.580000,-163.680000, 250.120000
-27.780000,-162.290000, 250.120000
-27.870000,-167.700000, 250.120000
-19.370000,-170.540000, 250.120000
-3.590000,-173.530000, 250.120000
 18.800000,-170.770000, 250.120000
 43.360000,-159.730000, 250.120000
 72.740000,-143.340000, 250.120000
 94.960000,-125.090000, 250.120000
 100.100000,-107.380000, 226.370000
 94.540000,-89.020000, 193.030000
 92.500000,-73.080000, 163.390000
 100.480000,-59.120000, 138.850000
 115.320000,-41.520000, 114.580000
 122.480000,-17.220000, 89.870000
 135.170000, 12.350000, 64.970000
 151.230000, 42.940000, 44.480000
 161.910000, 71.020000, 25.100000
 164.190000, 103.500000, 5.030000
 169.190000, 136.500000,-10.620000
 182.100000, 174.380000,-21.120000
 200.230000, 222.410000,-27.010000
 206.090000, 250.120000,-31.390000
 193.000000, 250.120000,-37.090000
 172.260000, 250.120000,-39.970000
 130.160000, 250.120000,-34.540000
 90.540000, 250.120000,-13.830000
-4.350000,-250.130000, 173.000000
 204.480000,-250.130000, 71.790000
 76.180000, 150.160000,-20.700000
-113.890000, 203.120000, 57.890000
 3.830000, 104.020000, 9.320000
 61.730000, 62.430000,-3.320000
 26.930000, 36.700000, 13.650000
 8.780000, 11.760000, 19.410000
 17.380000, 10.510000, 12.180000
 20.350000, 18.290000, 1.970000
 17.590000, 24.030000,-0.030000
 17.900000, 28.950000,-0.900000
 18.720000, 31.030000,-4.080000
 16.560000, 32.450000,-7.320000
 8.600000, 33.610000,-12.170000
-0.270000, 35.930000,-18.770000
-3.170000, 40.300000,-32.010000
 1.120000, 41.510000,-49.500000
 0.860000, 40.090000,-69.390000
-8.870000, 41.650000,-91.540000
-26.210000, 47.800000,-116.730000
-39.220000, 60.220000,-145.550000
-36.920000, 73.670000,-176.220000
-19.110000, 85.120000,-207.770000
 10.810000, 84.850000,-234.510000
 39.250000, 82.650000,-250.130000
 61.410000, 84.730000,-250.130000
 66.810000, 93.050000,-250.130000
 58.380000, 103.800000,-250.130000
 41.650000, 120.830000,-250.130000
 36.080000, 135.300000,-250.130000
 42.510000, 141.870000,-250.130000
 77.320000, 160.310000,-250.130000
 104.520000, 173.300000,-250.130000
 115.410000, 168.510000,-250.130000
 112.680000, 150.480000,-250.130000
 108.880000, 138.560000,-250.130000
 86.740000, 133.380000,-250.130000
 54.830000, 134.860000,-250.130000
 18.250000, 138.240000,-250.130000
-6.220000, 138.140000,-250.130000
-12.270000, 136.950000,-250.130000
-18.160000, 133.320000,-250.130000
-35.740000, 127.710000,-250.130000
-74.640000, 118.580000,-250.130000
-126.190000, 111.620000,-229.280000
-172.640000, 103.980000,-193.110000
-202.210000, 95.890000,-157.830000
-201.300000, 86.610000,-122.770000
-173.550000, 74.830000,-92.350000
-122.650000, 62.510000,-68.290000
-58.680000, 49.790000,-49.770000
-1.700000, 39.690000,-37.610000
 37.350000, 35.570000,-29.170000
 51.150000, 35.970000,-24.360000
 47.840000, 37.770000,-20.960000
 36.050000, 36.390000,-18.090000
 17.950000, 32.810000,-14.230000
-10.190000, 25.480000,-10.530000
-43.160000, 13.730000,-8.350000
-70.480000,-0.210000,-7.180000
-87.830000,-15.020000,-6.910000
-99.220000,-28.590000,-6.360000
-110.320000,-38.980000,-4.920000
-128.120000,-46.750000,-2.250000
-146.160000,-56.690000, 0.990000
-159.240000,-70.540000, 4.250000
-164.950000,-83.470000, 6.550000
-168.760000,-90.280000, 8.310000
-170.850000,-90.260000, 10.210000
-170.340000,-86.310000, 11.530000
-164.110000,-79.900000, 13.540000
-154.780000,-70.450000, 16.360000
-148.410000,-61.540000, 20.350000
-144.930000,-54.910000, 24.560000
-142.730000,-51.190000, 27.840000
-144.100000,-49.190000, 29.350000
-152.960000,-46.600000, 28.030000
-165.190000,-42.220000, 24.580000
-177.580000,-38.540000, 21.860000
-184.090000,-34.730000, 21.290000
-181.480000,-30.540000, 23.930000
-176.580000,-28.220000, 29.040000
-179.370000,-25.640000, 34.040000
-184.000000,-21.810000, 39.600000
-187.120000,-16.830000, 43.050000
-186.460000,-9.140000, 43.610000
-184.730000,-1.950000, 42.260000
-185.630000, 4.060000, 38.480000
-190.360000, 8.370000, 33.000000
-198.410000, 10.360000, 26.220000
-207.330000, 11.580000, 18.740000
-214.400000, 14.370000, 11.350000
-214.500000, 17.660000, 4.910000
-212.760000, 21.700000, 1.490000
-221.660000, 24.910000, 2.240000
-234.270000, 24.830000, 4.190000
-243.770000, 21.340000, 5.550000
-247.290000, 14.430000, 6.440000
-250.130000, 7.380000, 8.090000
-250.130000, 1.810000, 12.290000
-250.130000,-3.030000, 14.730000
-250.130000,-4.240000, 11.710000
-250.130000, 4.360000, 4.860000
-250.130000, 17.400000, 3.130000
-250.130000, 22.480000, 8.580000
-240.610000, 29.220000, 14.570000
-215.020000, 35.960000, 14.030000
-202.330000, 40.290000, 11.110000
-201.960000, 38.550000, 0.170000
-216.480000, 24.880000,-7.580000
-235.700000, 11.940000,-14.020000
-250.130000, 0.340000,-18.040000
-250.130000,-8.990000,-21.230000
-250.130000,-15.300000,-20.310000
-250.130000,-16.780000,-17.030000
-250.130000,-15.040000,-10.640000
-250.130000,-11.520000,-2.640000
-247.850000,-6.660000, 5.830000
-227.970000,-1.110000, 13.140000
-208.020000, 4.850000, 18.080000
-192.960000, 9.470000, 20.170000
-187.640000, 11.270000, 20.160000
-190.660000, 9.380000, 19.070000
-197.470000, 5.540000, 17.120000
-205.970000, 2.200000, 14.580000
-214.060000, 0.190000, 12.510000
-217.680000, 0.310000, 11.460000
-215.590000, 3.430000, 12.870000
-206.020000, 7.700000, 17.350000
-190.140000, 10.670000, 24.240000
-176.610000, 12.090000, 31.650000
-171.510000, 12.840000, 37.890000
-175.330000, 11.540000, 40.640000
-188.830000, 7.770000, 37.950000
-207.910000, 2.960000, 32.260000
-227.800000,-1.990000, 26.750000
-243.900000,-5.870000, 26.710000
-250.130000,-7.210000, 34.580000
-250.130000,-13.000000, 49.670000
-250.130000,-28.110000, 67.700000
-250.130000,-40.060000, 83.030000
-247.120000,-39.190000, 95.350000
-222.910000,-27.760000, 107.990000
-197.480000,-6.640000, 118.580000
-174.790000, 17.030000, 122.430000
-163.850000, 34.890000, 122.800000
-165.920000, 42.930000, 122.480000
-177.490000, 40.140000, 125.040000
-188.120000, 31.510000, 132.350000
-192.190000, 23.020000, 143.950000
-198.730000, 13.920000, 160.740000
-208.510000, 6.570000, 183.730000
-221.960000, 2.390000, 210.250000
-243.000000, 4.340000, 235.350000
-250.130000, 7.120000, 250.120000
-250.130000,-5.850000, 250.120000
-250.130000,-45.190000, 250.120000
-250.130000,-106.950000, 250.120000
-250.130000,-160.550000, 250.120000
-169.320000,-173.960000, 250.120000
-42.940000,-157.010000, 250.120000
 5.050000,-151.100000, 250.120000
-4.710000,-174.230000, 250.120000
-12.890000,-203.450000, 250.120000
-8.570000,-231.480000, 250.120000
 12.110000,-250.130000, 250.120000
 39.790000,-250.130000, 250.120000
 60.440000,-250.130000, 250.120000
 73.360000,-250.130000, 250.120000
 85.620000,-250.130000, 250.120000
 97.030000,-241.970000, 250.120000
 105.140000,-209.510000, 250.120000
 118.430000,-169.310000, 250.120000
 135.900000,-125.930000, 246.640000
 153.420000,-81.040000, 207.700000
 180.180000,-29.690000, 169.060000
 206.020000, 29.660000, 130.770000
 224.090000, 102.120000, 93.740000
 230.870000, 175.900000, 61.310000
 224.500000, 239.500000, 34.480000
 209.020000, 250.120000, 14.610000
 177.720000, 250.120000, 2.920000
 131.280000, 250.120000,-2.330000
 92.700000, 250.120000, 5.000000
 74.310000, 250.120000, 16.600000
 250.120000,-250.130000, 90.340000
 190.930000,-42.980000,-51.410000
-15.290000, 187.660000,-20.720000
-28.690000, 137.500000,-16.540000
 52.250000, 39.720000,-13.530000
 16.600000, 13.930000,-10.740000
-2.710000, 6.680000, 7.250000
 9.320000, 15.130000, 5.640000
 39.780000, 38.830000,-3.870000
 56.660000, 42.700000,-20.080000
 56.190000, 36.510000,-27.980000
 43.710000, 31.370000,-31.130000
 27.380000, 32.740000,-28.710000
 12.160000, 37.930000,-22.340000
-0.140000, 46.290000,-18.680000
-5.970000, 55.970000,-19.360000
 0.100000, 60.590000,-24.740000
 14.150000, 65.530000,-35.280000
 6.590000, 70.220000,-44.950000
-6.650000, 77.530000,-58.010000
-22.120000, 85.040000,-74.760000
-35.160000, 94.670000,-96.410000
-42.710000, 109.740000,-122.000000
-52.020000, 129.290000,-149.040000
-55.830000, 157.620000,-177.930000
-44.020000, 186.000000,-203.980000
-21.390000, 208.340000,-225.790000
 9.640000, 226.870000,-250.130000
 49.500000, 242.770000,-250.130000
 62.520000, 249.700000,-250.130000
 68.530000, 243.000000,-250.130000
 84.350000, 228.190000,-250.130000
 116.870000, 223.820000,-250.130000
 143.230000, 237.790000,-250.130000
 145.830000, 246.920000,-250.130000
 139.130000, 249.740000,-250.130000
 130.140000, 227.020000,-250.130000
 118.900000, 200.390000,-250.130000
 104.700000, 177.000000,-250.130000
 80.770000, 159.060000,-250.130000
 44.570000, 145.810000,-250.130000
 10.870000, 136.730000,-250.130000
-20.100000, 136.690000,-250.130000
-56.540000, 138.560000,-250.130000
-100.610000, 135.890000,-250.130000
-141.470000, 126.460000,-250.130000
-168.510000, 106.140000,-247.200000
-179.490000, 78.040000,-204.380000
-176.830000, 46.900000,-155.320000
-162.410000, 17.730000,-109.030000
-136.850000,-4.520000,-68.380000
-101.150000,-18.240000,-36.990000
-63.710000,-24.510000,-17.220000
-29.310000,-25.160000,-6.490000
-2.220000,-18.810000,-4.830000
 15.630000,-8.260000,-10.120000
 23.130000, 2.980000,-20.800000
 23.030000, 9.670000,-33.700000
 18.540000, 8.240000,-44.880000
 8.510000, 0.800000,-52.580000
-11.280000,-10.060000,-53.650000
-39.880000,-22.850000,-48.670000
-72.540000,-38.740000,-38.220000
-98.110000,-55.050000,-23.870000
-110.840000,-68.480000,-7.070000
-116.180000,-75.070000, 11.330000
-122.040000,-77.330000, 31.480000
-128.300000,-78.110000, 50.850000
-130.370000,-80.330000, 68.620000
-131.380000,-82.820000, 83.060000
-137.690000,-83.960000, 91.680000
-157.410000,-86.220000, 90.190000
-186.850000,-83.400000, 83.350000
-201.580000,-77.770000, 73.170000
-198.900000,-69.220000, 62.950000
-186.720000,-59.650000, 57.630000
-178.500000,-50.580000, 57.270000
-177.500000,-42.480000, 59.780000
-181.870000,-35.320000, 62.330000
-186.720000,-28.770000, 64.060000
-191.140000,-22.510000, 63.210000
-191.480000,-14.980000, 58.930000
-184.900000,-6.540000, 55.290000
-182.960000, 2.930000, 51.910000
-187.410000, 12.210000, 49.860000
-195.450000, 18.950000, 49.030000
-201.930000, 23.450000, 48.610000
-206.150000, 25.160000, 49.040000
-207.910000, 23.410000, 49.980000
-207.580000, 19.960000, 51.370000
-208.870000, 15.560000, 52.510000
-217.820000, 12.700000, 53.750000
-230.480000, 12.170000, 55.160000
-242.730000, 10.220000, 55.830000
-250.130000, 9.060000, 56.250000
-250.130000, 11.180000, 57.090000
-247.940000, 17.520000, 56.450000
-241.510000, 27.540000, 56.260000
-237.100000, 35.420000, 52.460000
-235.820000, 41.970000, 47.570000
-235.200000, 47.930000, 43.000000
-233.060000, 49.640000, 39.880000
-229.690000, 47.090000, 39.370000
-224.870000, 41.030000, 39.470000
-221.930000, 33.930000, 37.670000
-221.580000, 28.030000, 32.770000
-223.600000, 25.400000, 25.260000
-226.140000, 25.290000, 16.040000
-229.110000, 27.390000, 8.110000
-228.830000, 29.240000, 1.810000
-223.380000, 29.220000,-1.480000
-212.660000, 27.090000,-2.130000
-200.770000, 24.190000,-1.240000
-192.120000, 20.460000, 1.080000
-187.720000, 18.040000, 2.870000
-186.400000, 17.910000, 3.640000
-187.220000, 19.450000, 4.840000
-186.880000, 21.460000, 7.180000
-184.220000, 24.650000, 11.120000
-179.540000, 28.500000, 15.970000
-172.700000, 32.340000, 21.830000
-168.300000, 35.770000, 27.270000
-166.860000, 37.880000, 30.900000
-167.870000, 39.970000, 31.990000
-170.030000, 41.340000, 30.270000
-172.330000, 40.770000, 27.690000
-172.670000, 36.980000, 25.390000
-173.100000, 29.530000, 23.610000
-179.400000, 22.700000, 22.980000
-191.210000, 18.070000, 22.800000
-206.920000, 13.470000, 23.620000
-223.060000, 10.010000, 27.240000
-234.140000, 4.250000, 33.690000
-246.800000,-10.220000, 46.330000
-250.130000,-23.490000, 63.800000
-234.280000,-27.180000, 86.790000
-205.830000,-25.180000, 114.740000
-178.430000,-15.500000, 138.470000
-175.320000,-7.960000, 153.260000
-186.140000,-3.140000, 157.790000
-203.330000,-5.070000, 160.860000
-214.870000,-11.910000, 165.780000
-211.960000,-23.050000, 176.250000
-199.410000,-33.870000, 191.360000
-182.850000,-42.730000, 208.070000
-170.490000,-49.550000, 223.800000
-166.160000,-55.030000, 237.280000
-162.010000,-56.450000, 249.030000
-156.840000,-58.450000, 250.120000
-149.700000,-62.880000, 250.120000
-138.550000,-70.070000, 250.120000
-121.960000,-76.740000, 250.120000
-103.580000,-82.150000, 250.120000
-87.410000,-85.380000, 250.120000
-76.260000,-92.910000, 250.120000
-70.360000,-109.430000, 250.120000
-49.190000,-125.780000, 250.120000
-19.440000,-138.730000, 250.120000
 8.090000,-146.340000, 250.120000
 26.250000,-155.650000, 250.120000
 41.030000,-169.360000, 250.120000
 46.160000,-185.010000, 250.120000
 33.410000,-198.720000, 250.120000
 20.860000,-206.300000, 250.120000
 26.600000,-203.950000, 250.120000
 45.090000,-184.800000, 250.120000
 68.920000,-154.320000, 250.120000
 101.250000,-119.170000, 230.550000
 125.960000,-86.090000, 188.860000
 151.900000,-55.000000, 149.670000
 175.540000,-13.520000, 110.060000
 193.550000, 38.690000, 72.350000
 215.980000, 97.540000, 38.480000
 235.640000, 162.930000, 11.320000
 242.220000, 232.900000,-11.060000
 226.320000, 250.120000,-29.450000
 200.070000, 250.120000,-44.230000
 163.370000, 250.120000,-55.750000
 134.030000, 250.120000,-61.000000
 122.800000, 250.120000,-60.380000
 250.120000,-250.130000, 41.710000
 250.120000,-250.130000,-11.270000
 34.930000, 202.200000,-63.210000
-78.370000, 153.580000, 11.850000
-29.860000, 126.530000, 4.920000
 3.640000, 98.090000,-17.920000
-18.110000, 55.060000, 2.830000
-22.860000, 30.720000, 1.960000
 3.880000, 21.050000,-7.650000
 35.730000, 22.470000,-22.300000
 53.050000, 25.380000,-31.670000
 53.320000, 25.220000,-30.320000
 40.430000, 21.610000,-21.390000
 23.370000, 21.100000,-8.640000
 10.380000, 22.950000, 3.730000
 4.130000, 26.930000, 11.800000
 5.370000, 33.030000, 14.240000
 9.510000, 38.800000, 13.190000
 12.490000, 47.640000, 9.090000
 14.740000, 59.350000, 3.220000
 19.300000, 72.800000,-4.640000
 23.870000, 84.860000,-13.980000
 20.700000, 92.700000,-25.290000
 11.510000, 98.000000,-37.950000
 1.480000, 107.950000,-52.030000
-6.570000, 121.870000,-68.540000
-11.980000, 138.350000,-86.960000
-12.510000, 149.010000,-103.940000
-8.430000, 155.980000,-119.660000
-4.060000, 167.840000,-139.100000
-1.910000, 184.740000,-158.340000
 0.660000, 210.160000,-175.900000
 2.060000, 236.700000,-190.830000
 4.600000, 250.120000,-203.360000
 14.670000, 250.120000,-209.170000
 18.930000, 250.120000,-218.310000
 11.930000, 250.120000,-221.260000
-11.800000, 250.120000,-225.610000
-43.540000, 250.120000,-223.420000
-65.960000, 250.120000,-216.740000
-76.090000, 247.480000,-207.010000
-66.840000, 210.740000,-208.450000
-47.340000, 188.460000,-213.400000
-26.240000, 185.770000,-223.550000
-7.570000, 192.820000,-232.990000
 14.740000, 203.910000,-239.200000
 34.180000, 209.050000,-239.790000
 43.560000, 210.090000,-236.600000
 48.300000, 201.840000,-231.120000
 48.460000, 185.740000,-225.430000
 37.150000, 164.220000,-214.270000
 21.280000, 141.070000,-201.430000
 7.030000, 118.850000,-186.580000
-5.540000, 99.470000,-166.570000
-5.970000, 82.770000,-142.580000
 5.960000, 70.590000,-116.410000
 28.770000, 61.000000,-90.390000
 52.930000, 54.840000,-67.930000
 74.610000, 49.800000,-52.920000
 91.150000, 45.320000,-45.670000
 99.960000, 41.090000,-45.380000
 103.290000, 35.930000,-48.120000
 101.060000, 28.530000,-53.220000
 90.470000, 20.090000,-56.890000
 68.290000, 11.670000,-60.200000
 38.770000, 4.510000,-61.120000
 7.680000,-2.930000,-58.160000
-16.210000,-9.830000,-49.390000
-27.240000,-18.510000,-33.160000
-32.390000,-26.180000,-12.790000
-45.200000,-27.760000, 9.480000
-70.030000,-24.400000, 29.050000
-98.510000,-23.100000, 44.480000
-129.640000,-27.220000, 54.340000
-157.250000,-34.400000, 58.360000
-174.190000,-44.610000, 56.700000
-183.380000,-47.890000, 55.650000
-183.430000,-48.530000, 54.800000
-178.870000,-48.370000, 55.420000
-170.680000,-45.290000, 58.520000
-164.730000,-37.910000, 61.940000
-162.190000,-29.430000, 63.070000
-161.420000,-20.700000, 61.670000
-164.350000,-11.270000, 57.960000
-168.840000,-3.830000, 50.780000
-176.810000, 1.060000, 40.090000
-185.520000, 4.800000, 26.070000
-195.510000, 8.770000, 11.130000
-205.610000, 12.750000,-2.930000
-213.850000, 15.720000,-12.670000
-219.420000, 16.960000,-15.860000
-222.720000, 16.410000,-13.540000
-223.160000, 16.480000,-8.400000
-220.160000, 15.830000,-1.930000
-217.830000, 15.160000, 4.610000
-222.770000, 13.870000, 10.710000
-236.020000, 13.320000, 16.130000
-249.860000, 14.320000, 19.440000
-250.130000, 15.900000, 20.220000
-250.130000, 19.000000, 18.320000
-250.130000, 23.350000, 13.120000
-250.130000, 25.150000, 6.090000
-250.130000, 23.700000,-2.330000
-250.130000, 17.790000,-10.730000
-250.130000, 10.680000,-15.830000
-250.130000, 4.510000,-16.580000
-250.130000,-1.770000,-13.090000
-250.130000,-7.670000,-7.740000
-250.130000,-11.040000,-3.850000
-250.130000,-11.960000,-3.190000
-250.130000,-11.890000,-7.170000
-250.130000,-12.420000,-14.320000
-250.130000,-14.250000,-21.500000
-250.130000,-18.090000,-25.180000
-250.130000,-22.050000,-23.880000
-244.440000,-24.230000,-18.540000
-235.020000,-25.540000,-11.370000
-225.970000,-25.700000,-3.670000
-217.880000,-24.100000, 2.830000
-210.310000,-21.780000, 7.880000
-203.570000,-18.040000, 10.300000
-198.980000,-13.890000, 12.210000
-196.380000,-10.000000, 14.450000
-193.100000,-6.890000, 17.390000
-188.930000,-4.580000, 20.240000
-181.490000,-3.800000, 21.830000
-171.600000,-3.090000, 21.570000
-161.570000,-2.580000, 19.250000
-156.670000,-2.450000, 15.740000
-156.730000,-2.140000, 12.710000
-157.700000,-3.000000, 11.420000
-155.060000,-6.710000, 11.630000
-150.320000,-10.450000, 11.800000
-149.560000,-9.620000, 9.480000
-154.550000,-3.150000, 5.180000
-166.590000, 5.830000, 2.140000
-183.960000, 13.630000, 3.700000
-199.530000, 13.330000, 12.070000
-213.000000, 0.970000, 26.760000
-228.070000,-19.050000, 43.000000
-250.130000,-40.440000, 51.580000
-250.130000,-55.330000, 50.250000
-250.130000,-53.810000, 46.540000
-250.130000,-40.040000, 50.320000
-232.250000,-17.300000, 65.220000
-205.040000, 2.990000, 87.290000
-177.100000, 9.160000, 115.060000
-158.620000, 5.680000, 145.120000
-162.020000, 1.530000, 168.440000
-168.630000, 0.750000, 190.870000
-174.900000, 8.000000, 209.950000
-186.350000, 13.770000, 218.160000
-197.240000, 13.680000, 226.740000
-204.420000, 12.760000, 232.510000
-208.230000, 8.000000, 243.000000
-203.940000, 3.180000, 250.120000
-192.250000,-0.560000, 250.120000
-180.890000,-3.640000, 250.120000
-172.760000,-3.640000, 250.120000
-171.850000,-1.110000, 250.120000
-170.060000, 0.640000, 250.120000
-165.740000,-4.330000, 250.120000
-152.940000,-21.240000, 250.120000
-122.550000,-35.450000, 250.120000
-95.080000,-44.070000, 250.120000
-77.170000,-48.950000, 250.120000
-66.630000,-49.580000, 250.120000
-66.120000,-56.280000, 250.120000
-67.960000,-77.860000, 250.120000
-52.640000,-104.150000, 250.120000
-19.440000,-132.120000, 250.120000
 9.350000,-150.380000, 250.120000
 28.450000,-148.120000, 250.120000
 30.980000,-135.130000, 250.120000
 32.370000,-120.800000, 250.120000
 34.740000,-110.870000, 250.120000
 46.770000,-91.640000, 250.120000
 70.640000,-68.250000, 250.120000
 97.340000,-35.640000, 218.540000
 109.610000, 0.870000, 176.960000
 118.070000, 45.370000, 132.030000
 134.450000, 108.410000, 88.560000
 155.380000, 178.510000, 48.060000
 170.720000, 241.540000, 13.700000
 176.660000, 250.120000,-13.240000
 156.460000, 250.120000,-36.450000
 108.000000, 250.120000,-50.770000
 250.120000,-40.770000,-12.880000
 250.120000,-250.130000, 92.380000
 90.270000, 49.960000,-75.970000
-74.320000, 162.380000,-2.440000
-70.910000, 105.960000, 9.290000
-3.580000, 68.740000,-24.560000
 2.430000, 39.840000,-23.120000
-13.880000, 18.370000,-15.330000
-15.250000, 5.050000,-22.550000
 7.800000, 11.220000,-35.560000
 26.270000, 22.110000,-50.820000
 27.310000, 23.360000,-57.540000
 17.090000, 25.770000,-58.480000
 7.100000, 28.620000,-56.050000
-3.790000, 30.740000,-50.180000
-13.450000, 30.860000,-44.770000
-24.450000, 32.800000,-42.190000
-38.230000, 36.360000,-43.390000
-43.660000, 40.530000,-53.270000
-40.700000, 49.120000,-66.540000
-36.410000, 60.000000,-83.610000
-38.420000, 72.190000,-102.840000
-42.680000, 86.060000,-122.750000
-48.160000, 98.430000,-144.310000
-50.870000, 115.140000,-169.290000
-50.920000, 141.230000,-196.400000
-44.290000, 164.420000,-219.160000
-26.480000, 184.080000,-241.160000
-0.020000, 198.640000,-250.130000
 25.640000, 216.900000,-250.130000
 41.270000, 236.440000,-250.130000
 30.610000, 250.120000,-250.130000
 5.010000, 250.120000,-250.130000
-10.510000, 250.120000,-250.130000
-5.080000, 250.120000,-250.130000
 19.630000, 250.120000,-250.130000
 47.930000, 243.760000,-250.130000
 53.950000, 220.300000,-250.130000
 18.510000, 189.270000,-250.130000
-32.040000, 165.620000,-250.130000
-76.850000, 158.450000,-250.130000
-99.450000, 164.290000,-250.130000
-97.540000, 177.210000,-250.130000
-89.190000, 188.920000,-250.130000
-97.800000, 191.060000,-250.130000
-124.120000, 185.360000,-243.770000
-159.850000, 175.420000,-222.290000
-192.320000, 157.600000,-197.410000
-210.190000, 135.870000,-167.430000
-211.800000, 105.660000,-137.670000
-185.810000, 76.880000,-104.510000
-148.910000, 48.190000,-77.130000
-103.670000, 23.450000,-52.550000
-65.320000, 4.180000,-32.740000
-37.950000,-11.450000,-17.730000
-18.700000,-23.160000,-7.960000
-6.460000,-33.200000,-3.510000
-2.770000,-42.980000,-2.640000
-8.200000,-54.520000,-4.090000
-21.250000,-65.070000,-6.130000
-39.450000,-74.290000,-7.670000
-59.950000,-82.180000,-7.330000
-78.020000,-87.930000,-4.220000
-91.350000,-90.510000, 0.260000
-101.500000,-89.490000, 5.210000
-109.560000,-85.190000, 10.290000
-118.110000,-78.030000, 14.460000
-126.370000,-68.610000, 17.850000
-132.910000,-58.530000, 20.700000
-133.540000,-50.250000, 23.960000
-127.580000,-45.610000, 27.670000
-120.800000,-43.360000, 31.340000
-120.950000,-39.940000, 32.370000
-131.700000,-34.400000, 30.470000
-150.960000,-28.060000, 25.410000
-171.120000,-21.960000, 19.990000
-185.060000,-19.540000, 19.990000
-187.960000,-20.630000, 27.090000
-184.620000,-23.030000, 39.120000
-181.660000,-26.510000, 53.730000
-182.960000,-29.770000, 67.120000
-189.250000,-31.310000, 76.170000
-195.590000,-30.800000, 80.650000
-199.570000,-29.600000, 83.640000
-199.100000,-26.950000, 84.860000
-194.170000,-22.450000, 86.290000
-193.200000,-18.940000, 87.570000
-194.050000,-15.450000, 88.510000
-196.830000,-12.140000, 88.960000
-200.740000,-8.020000, 88.330000
-205.210000,-2.850000, 85.680000
-207.800000, 3.100000, 81.880000
-207.350000, 9.990000, 76.740000
-206.860000, 18.000000, 70.700000
-211.170000, 27.550000, 64.590000
-219.640000, 36.710000, 59.420000
-228.340000, 43.810000, 55.910000
-232.740000, 48.330000, 54.790000
-233.110000, 48.930000, 55.690000
-235.450000, 45.440000, 58.930000
-241.580000, 40.930000, 62.910000
-250.130000, 37.650000, 67.190000
-250.130000, 37.580000, 70.430000
-250.130000, 40.090000, 72.090000
-250.130000, 44.930000, 72.640000
-250.130000, 51.360000, 71.790000
-243.580000, 57.830000, 68.870000
-234.260000, 65.740000, 64.510000
-230.890000, 71.960000, 58.380000
-232.750000, 74.650000, 51.210000
-235.550000, 74.250000, 44.090000
-236.480000, 69.810000, 36.600000
-236.610000, 61.990000, 28.700000
-236.630000, 54.140000, 20.130000
-237.120000, 47.690000, 10.930000
-238.770000, 43.300000, 1.650000
-243.160000, 40.940000,-6.830000
-247.380000, 40.750000,-13.590000
-248.000000, 39.350000,-17.810000
-244.330000, 37.480000,-19.350000
-237.900000, 35.520000,-18.670000
-232.800000, 32.740000,-16.720000
-229.740000, 30.210000,-15.230000
-230.220000, 28.000000,-14.090000
-233.250000, 26.320000,-12.930000
-233.580000, 27.070000,-10.590000
-229.220000, 27.630000,-6.570000
-220.000000, 26.450000,-0.220000
-207.800000, 23.810000, 7.990000
-194.920000, 20.990000, 15.550000
-181.770000, 19.580000, 21.460000
-166.670000, 20.800000, 24.870000
-150.500000, 24.200000, 25.210000
-137.220000, 26.160000, 23.350000
-125.560000, 25.000000, 20.590000
-117.670000, 20.640000, 16.740000
-119.240000, 14.840000, 12.960000
-131.790000, 7.030000, 9.740000
-148.490000,-0.180000, 8.390000
-163.540000,-6.380000, 9.370000
-174.910000,-11.140000, 14.610000
-181.140000,-13.450000, 26.450000
-181.230000,-17.360000, 46.990000
-171.640000,-24.920000, 76.960000
-153.510000,-34.380000, 111.880000
-137.280000,-41.390000, 147.980000
-125.650000,-44.360000, 179.430000
-120.700000,-40.970000, 204.490000
-121.130000,-36.010000, 223.210000
-121.300000,-33.070000, 238.000000
-118.510000,-36.250000, 250.120000
-116.630000,-49.190000, 250.120000
-106.470000,-61.970000, 250.120000
-97.800000,-72.830000, 250.120000
-88.990000,-81.510000, 250.120000
-85.960000,-87.700000, 250.120000
-91.140000,-93.080000, 250.120000
-95.170000,-101.570000, 250.120000
-78.990000,-113.390000, 250.120000
-41.990000,-128.070000, 250.120000
-2.200000,-138.330000, 250.120000
 20.430000,-141.850000, 250.120000
 22.680000,-142.550000, 250.120000
 12.640000,-151.450000, 250.120000
 12.830000,-161.030000, 250.120000
 16.500000,-172.590000, 250.120000
 25.450000,-177.220000, 250.120000
 29.540000,-173.340000, 250.120000
 35.370000,-161.360000, 250.120000
 48.090000,-136.000000, 250.120000
 63.030000,-101.010000, 250.120000
 81.610000,-58.120000, 250.120000
 100.410000,-3.670000, 224.440000
 122.900000, 56.900000, 180.090000
 143.990000, 115.410000, 137.500000
 159.280000, 168.520000, 98.510000
 167.190000, 218.360000, 58.110000
 170.840000, 250.120000, 21.490000
 159.960000, 250.120000,-11.000000
 137.240000, 250.120000,-39.670000
 114.740000, 250.120000,-58.580000
 91.410000, 250.120000,-63.820000
 143.920000,-250.130000, 97.930000
 250.120000,-241.060000, 29.610000
-7.420000, 128.740000,-15.020000
-24.270000, 137.850000,-10.220000
 29.520000, 141.410000,-21.000000
 40.670000, 128.520000,-49.570000
 39.500000, 96.880000,-50.750000
 30.840000, 60.350000,-43.200000
 29.480000, 31.520000,-45.030000
 39.750000, 21.020000,-55.220000
 45.540000, 27.660000,-65.370000
 41.770000, 43.350000,-69.270000
 35.800000, 58.230000,-70.830000
 32.360000, 70.190000,-71.910000
 30.920000, 78.190000,-71.040000
 28.320000, 83.830000,-66.860000
 20.790000, 85.520000,-61.680000
 10.760000, 93.300000,-60.930000
 1.190000, 104.330000,-66.110000
-7.880000, 111.740000,-73.220000
-19.290000, 124.380000,-82.380000
-33.350000, 142.060000,-93.610000
-42.160000, 160.910000,-104.670000
-46.740000, 180.800000,-117.080000
-43.780000, 198.810000,-132.240000
-37.410000, 217.330000,-145.660000
-29.120000, 233.120000,-157.830000
-17.750000, 247.060000,-172.390000
-4.980000, 250.120000,-189.890000
 6.790000, 250.120000,-207.290000
 13.990000, 250.120000,-224.380000
 17.960000, 250.120000,-239.140000
 18.380000, 250.120000,-250.130000
 23.910000, 250.120000,-250.130000
 26.310000, 250.120000,-250.130000
 10.260000, 250.120000,-247.740000
-26.900000, 222.280000,-246.410000
-77.580000, 190.640000,-245.830000
-126.330000, 171.990000,-248.460000
-152.650000, 173.290000,-250.130000
-147.770000, 188.540000,-250.130000
-122.320000, 210.160000,-250.130000
-102.820000, 221.120000,-242.960000
-94.520000, 218.520000,-227.360000
-93.530000, 205.640000,-200.650000
-97.400000, 187.590000,-172.220000
-105.480000, 159.960000,-139.200000
-108.180000, 129.390000,-108.030000
-102.380000, 96.000000,-76.710000
-87.920000, 65.450000,-50.030000
-61.820000, 38.680000,-29.480000
 17.670000, 17.180000,-14.680000
 99.380000, 1.000000, 3.930000
 118.820000,-5.800000, 19.360000
 90.060000,-8.030000, 25.800000
 38.910000,-15.540000, 24.850000
-14.790000,-27.720000, 14.800000
-60.230000,-42.090000,-3.400000
-95.120000,-53.590000,-24.840000
-117.410000,-61.490000,-44.760000
-128.060000,-67.250000,-57.510000
-130.400000,-69.000000,-61.490000
-133.630000,-65.000000,-57.090000
-141.940000,-56.770000,-46.160000
-151.890000,-48.350000,-31.410000
-157.750000,-40.580000,-14.420000
-156.770000,-34.320000, 2.030000
-153.360000,-28.290000, 15.240000
-154.370000,-22.950000, 24.380000
-161.200000,-21.370000, 29.800000
-169.240000,-24.160000, 33.410000
-173.080000,-29.480000, 37.430000
-173.190000,-35.680000, 42.760000
-170.980000,-41.280000, 49.830000
-169.670000,-45.830000, 57.120000
-172.230000,-49.280000, 63.240000
-180.160000,-51.780000, 68.160000
-190.900000,-52.640000, 72.220000
-199.380000,-51.620000, 75.580000
-203.040000,-48.830000, 80.160000
-200.430000,-44.450000, 85.770000
-191.940000,-38.530000, 92.190000
-180.830000,-31.730000, 98.320000
-172.850000,-25.000000, 104.740000
-168.770000,-18.360000, 107.690000
-171.740000,-12.110000, 109.330000
-180.220000,-5.320000, 108.910000
-191.190000, 3.160000, 105.100000
-201.450000, 13.010000, 98.310000
-208.280000, 24.190000, 89.750000
-208.250000, 35.470000, 79.120000
-204.150000, 47.590000, 68.800000
-199.190000, 58.220000, 60.540000
-195.120000, 65.690000, 55.630000
-192.030000, 68.770000, 53.950000
-189.370000, 69.270000, 54.090000
-188.510000, 67.390000, 54.290000
-194.990000, 62.880000, 54.030000
-211.450000, 56.910000, 51.450000
-235.530000, 50.060000, 46.220000
-250.130000, 42.260000, 42.050000
-250.130000, 43.380000, 41.800000
-250.130000, 52.380000, 41.610000
-245.840000, 60.870000, 38.440000
-236.860000, 65.860000, 33.190000
-230.890000, 71.920000, 27.020000
-229.120000, 75.170000, 20.310000
-230.850000, 73.360000, 14.020000
-231.770000, 65.270000, 8.830000
-230.550000, 53.320000, 4.670000
-228.410000, 40.070000, 0.300000
-230.250000, 30.090000,-5.800000
-237.300000, 24.060000,-14.040000
-245.730000, 22.270000,-22.320000
-249.540000, 21.690000,-28.290000
-244.840000, 19.930000,-30.290000
-232.740000, 16.820000,-28.870000
-216.380000, 12.850000,-24.480000
-200.480000, 8.180000,-18.640000
-189.230000, 4.320000,-13.110000
-185.540000, 2.840000,-8.260000
-190.000000, 4.480000,-4.700000
-199.870000, 6.730000,-1.490000
-209.510000, 8.970000, 1.250000
-215.900000, 9.640000, 4.510000
-217.030000, 9.260000, 7.620000
-212.370000, 8.540000, 9.740000
-202.030000, 8.750000, 11.160000
-190.640000, 8.340000, 11.220000
-180.750000, 6.000000, 10.290000
-171.560000, 1.470000, 8.090000
-162.160000,-4.940000, 4.160000
-157.900000,-9.520000,-1.480000
-164.410000,-11.470000,-7.140000
-176.200000,-12.460000,-9.120000
-182.190000,-15.120000,-5.340000
-177.300000,-19.170000, 3.290000
-167.720000,-24.430000, 13.770000
-161.180000,-31.700000, 23.890000
-160.940000,-38.030000, 32.060000
-171.430000,-41.580000, 38.250000
-188.310000,-41.330000, 44.150000
-201.820000,-38.780000, 52.940000
-200.820000,-34.120000, 67.830000
-183.290000,-29.740000, 89.740000
-156.080000,-26.960000, 118.020000
-128.700000,-25.980000, 147.800000
-113.180000,-26.350000, 174.440000
-112.400000,-27.030000, 194.140000
-120.220000,-27.390000, 208.260000
-134.350000,-28.250000, 219.760000
-145.170000,-27.600000, 229.930000
-143.040000,-29.410000, 242.300000
-129.480000,-34.190000, 250.120000
-111.810000,-36.590000, 250.120000
-101.560000,-39.900000, 250.120000
-97.060000,-50.310000, 250.120000
-96.550000,-72.720000, 250.120000
-105.120000,-103.730000, 250.120000
-131.810000,-146.300000, 250.120000
-143.030000,-187.450000, 250.120000
-104.680000,-213.190000, 250.120000
-29.930000,-225.410000, 250.120000
 52.580000,-232.280000, 250.120000
 97.050000,-229.880000, 250.120000
 90.130000,-229.680000, 250.120000
 39.330000,-225.560000, 250.120000
-16.120000,-223.900000, 250.120000
-36.940000,-216.350000, 250.120000
-23.800000,-194.610000, 250.120000
 12.350000,-167.930000, 250.120000
 55.400000,-131.580000, 250.120000
 81.070000,-96.190000, 250.120000
 111.990000,-58.200000, 250.120000
 152.480000,-20.400000, 210.250000
 182.790000, 16.660000, 163.810000
 193.190000, 56.550000, 120.540000
 193.010000, 107.770000, 83.510000
 181.930000, 171.230000, 53.990000
 167.460000, 232.650000, 29.740000
 151.000000, 250.120000, 6.800000
 127.970000, 250.120000,-17.610000
 114.250000, 250.120000,-42.280000
 136.960000, 250.120000,-58.890000
 250.120000,-250.130000, 83.260000
 237.430000,-90.910000,-32.000000
-8.070000, 170.730000,-30.510000
-90.960000, 157.770000, 1.220000
 18.660000, 112.130000,-24.140000
 63.280000, 96.910000,-37.120000
 38.220000, 81.320000,-29.880000
 24.060000, 56.600000,-19.000000
 30.380000, 41.910000,-22.640000
 46.140000, 43.930000,-36.060000
 55.160000, 48.350000,-42.460000
 47.000000, 56.030000,-42.940000
 38.920000, 62.230000,-37.190000
 29.970000, 66.870000,-28.800000
 24.960000, 65.540000,-18.760000
 23.880000, 62.110000,-10.020000
 20.190000, 59.380000,-4.450000
 16.570000, 59.940000,-3.410000
 14.470000, 64.620000,-7.080000
 16.240000, 73.350000,-15.220000
 20.410000, 86.540000,-26.980000
 19.810000, 98.320000,-41.450000
 10.060000, 109.610000,-56.450000
-7.770000, 119.160000,-71.920000
-30.540000, 133.090000,-90.230000
-52.000000, 150.920000,-109.310000
-68.550000, 171.280000,-129.190000
-79.040000, 197.980000,-154.240000
-75.830000, 222.550000,-175.530000
-59.320000, 239.070000,-193.610000
-35.980000, 250.120000,-213.220000
-21.740000, 250.120000,-233.170000
-21.090000, 250.120000,-249.350000
-20.640000, 250.120000,-250.130000
-11.810000, 250.120000,-250.130000
 17.130000, 250.120000,-250.130000
 56.660000, 250.120000,-250.130000
 66.890000, 250.120000,-250.130000
 47.540000, 250.120000,-250.130000
 9.770000, 250.120000,-250.130000
-36.760000, 208.570000,-250.130000
-78.830000, 176.610000,-233.740000
-108.710000, 160.730000,-220.340000
-126.990000, 157.390000,-214.810000
-140.490000, 157.560000,-214.490000
-152.430000, 157.820000,-215.590000
-163.870000, 153.940000,-215.380000
-171.090000, 146.530000,-210.870000
-170.210000, 133.250000,-199.410000
-158.530000, 115.930000,-183.270000
-129.020000, 94.510000,-156.530000
-90.940000, 71.710000,-121.640000
-61.130000, 49.860000,-85.370000
-37.240000, 28.520000,-49.270000
-12.030000, 10.860000,-15.480000
 8.540000,-3.330000, 10.410000
 17.190000,-16.230000, 25.340000
 19.100000,-25.940000, 28.410000
 22.090000,-33.860000, 23.400000
 20.950000,-36.410000, 15.790000
 9.480000,-33.230000, 7.410000
-3.930000,-30.180000, 2.200000
-20.600000,-31.670000, 0.000000
-44.480000,-37.130000, 1.790000
-76.770000,-44.810000, 6.240000
-112.990000,-54.730000, 12.510000
-147.350000,-62.480000, 18.270000
-177.140000,-67.870000, 23.950000
-196.450000,-68.260000, 30.350000
-204.140000,-63.970000, 37.230000
-195.050000,-57.320000, 44.690000
-173.410000,-48.740000, 53.160000
-151.380000,-39.210000, 62.700000
-140.070000,-28.280000, 71.960000
-139.100000,-17.920000, 79.150000
-146.510000,-9.090000, 83.620000
-158.750000,-2.610000, 85.370000
-173.910000, 3.510000, 83.770000
-192.390000, 8.820000, 79.700000
-208.510000, 15.000000, 74.160000
-219.800000, 22.580000, 66.800000
-226.400000, 29.870000, 58.900000
-227.810000, 35.600000, 51.560000
-228.150000, 39.530000, 46.810000
-229.420000, 40.030000, 45.160000
-232.090000, 38.760000, 45.600000
-235.000000, 35.830000, 47.020000
-235.550000, 29.920000, 47.640000
-233.380000, 27.280000, 47.930000
-238.430000, 30.220000, 49.790000
-250.130000, 34.120000, 51.500000
-250.130000, 37.060000, 52.730000
-250.130000, 41.830000, 52.710000
-250.130000, 47.320000, 52.850000
-250.130000, 51.750000, 49.620000
-246.430000, 53.790000, 44.770000
-238.870000, 54.900000, 39.230000
-229.250000, 55.770000, 32.630000
-222.640000, 52.900000, 24.690000
-221.110000, 45.870000, 17.880000
-224.930000, 36.580000, 10.540000
-234.670000, 25.810000, 3.400000
-245.700000, 17.160000,-4.250000
-250.130000, 10.520000,-9.070000
-246.290000, 4.340000,-11.220000
-250.130000, 4.640000,-8.800000
-249.430000, 3.030000,-5.490000
-241.020000, 3.830000,-0.190000
-229.040000, 6.210000, 5.100000
-214.930000, 9.900000, 10.230000
-201.530000, 13.250000, 14.450000
-192.970000, 16.960000, 18.320000
-191.500000, 20.390000, 21.870000
-194.930000, 22.790000, 24.340000
-198.280000, 24.840000, 25.090000
-199.650000, 26.280000, 24.960000
-196.160000, 26.830000, 24.020000
-187.990000, 28.700000, 23.050000
-177.200000, 31.750000, 23.090000
-167.220000, 34.570000, 23.820000
-158.530000, 36.470000, 24.510000
-151.950000, 37.190000, 24.070000
-146.820000, 36.110000, 23.100000
-143.410000, 34.940000, 21.420000
-141.770000, 34.900000, 19.870000
-142.140000, 34.180000, 18.850000
-142.190000, 30.690000, 18.380000
-142.370000, 25.880000, 17.930000
-147.290000, 20.760000, 16.250000
-158.580000, 16.670000, 11.400000
-173.090000, 16.570000, 5.380000
-186.890000, 17.340000, 2.850000
-195.830000, 16.270000, 6.170000
-196.870000, 12.190000, 16.400000
-194.480000, 2.930000, 32.750000
-195.120000,-9.280000, 50.680000
-195.580000,-19.610000, 68.470000
-187.590000,-21.080000, 86.330000
-169.470000,-12.000000, 103.670000
-157.900000, 1.510000, 113.160000
-154.790000, 10.560000, 119.000000
-161.580000, 12.220000, 124.480000
-174.850000, 5.630000, 133.870000
-189.330000,-10.200000, 150.950000
-203.120000,-29.440000, 176.440000
-202.450000,-44.820000, 205.830000
-190.190000,-57.260000, 234.700000
-173.250000,-73.060000, 250.120000
-153.060000,-91.130000, 250.120000
-132.520000,-117.240000, 250.120000
-113.060000,-154.210000, 250.120000
-101.380000,-193.790000, 250.120000
-91.250000,-224.100000, 250.120000
-65.380000,-244.490000, 250.120000
-22.900000,-250.130000, 250.120000
 12.560000,-250.130000, 250.120000
 28.700000,-250.130000, 250.120000
 27.910000,-250.130000, 250.120000
 21.710000,-250.130000, 250.120000
 18.970000,-250.130000, 250.120000
 29.580000,-250.130000, 250.120000
 49.160000,-250.130000, 250.120000
 69.370000,-250.130000, 250.120000
 82.930000,-242.300000, 250.120000
 94.640000,-186.480000, 250.120000
 109.480000,-119.370000, 244.000000
 117.840000,-51.330000, 199.920000
 131.770000, 7.070000, 157.090000
 141.030000, 65.750000, 117.540000
 143.540000, 116.450000, 77.100000
 151.480000, 161.850000, 40.320000
 160.340000, 201.160000, 8.250000
 159.430000, 232.340000,-17.700000
 143.790000, 250.120000,-39.710000
 117.790000, 250.120000,-60.980000
 103.560000, 250.120000,-82.590000
 105.660000, 250.120000,-101.840000
 128.460000, 250.120000,-112.870000
 42.780000,-250.130000, 89.640000
 228.740000,-142.480000,-52.610000
 35.070000, 137.380000,-80.120000
-24.730000, 152.160000,-27.600000
 30.160000, 144.970000,-54.990000
 51.280000, 117.810000,-66.670000
 35.780000, 99.310000,-54.690000
 20.190000, 66.910000,-44.530000
 29.080000, 43.380000,-46.390000
 48.590000, 41.130000,-56.270000
 56.850000, 50.810000,-64.870000
 51.220000, 67.610000,-69.350000
 36.960000, 79.520000,-69.060000
 26.040000, 92.410000,-67.160000
 20.900000, 103.060000,-65.960000
 21.560000, 112.350000,-62.960000
 23.920000, 124.340000,-62.640000
 15.070000, 134.210000,-63.770000
-1.490000, 144.640000,-67.240000
-22.550000, 162.330000,-74.230000
-39.510000, 173.970000,-75.860000
-61.890000, 190.460000,-81.820000
-75.390000, 215.690000,-92.740000
-76.640000, 241.340000,-104.620000
-69.290000, 250.120000,-117.740000
-58.560000, 250.120000,-131.190000
-45.920000, 250.120000,-148.330000
-36.820000, 250.120000,-168.420000
-34.330000, 250.120000,-181.790000
-27.290000, 250.120000,-187.060000
-14.830000, 250.120000,-197.610000
 7.740000, 250.120000,-205.700000
 16.670000, 250.120000,-209.100000
-3.210000, 250.120000,-206.040000
-43.660000, 250.120000,-202.680000
-88.800000, 250.120000,-197.740000
-119.060000, 225.350000,-189.210000
-132.860000, 198.410000,-182.560000
-135.880000, 187.270000,-181.560000
-137.510000, 184.700000,-185.380000
-137.760000, 186.870000,-192.160000
-135.090000, 191.770000,-197.410000
-128.890000, 195.180000,-197.190000
-123.870000, 194.290000,-191.820000
-115.420000, 187.420000,-174.780000
-108.580000, 171.870000,-154.800000
-93.820000, 152.670000,-123.910000
-71.220000, 127.330000,-94.260000
-39.570000, 99.620000,-59.580000
-2.120000, 72.750000,-27.090000
 29.790000, 51.640000,-0.250000
 47.540000, 36.890000, 19.220000
 52.540000, 31.880000, 28.000000
 45.090000, 33.450000, 25.480000
 30.190000, 37.230000, 11.210000
 8.240000, 41.580000,-12.830000
-15.740000, 45.090000,-39.970000
-40.120000, 43.770000,-64.530000
-64.860000, 36.510000,-80.270000
-83.680000, 22.770000,-85.790000
-93.740000, 2.320000,-83.210000
-95.250000,-20.810000,-75.390000
-93.030000,-44.180000,-65.190000
-90.190000,-64.270000,-54.360000
-88.780000,-78.990000,-43.630000
-85.940000,-90.050000,-33.290000
-83.600000,-98.160000,-20.910000
-85.460000,-103.120000,-5.480000
-93.370000,-104.580000, 13.830000
-107.050000,-101.580000, 35.960000
-125.640000,-95.860000, 57.130000
-140.210000,-91.230000, 76.280000
-149.360000,-84.400000, 91.680000
-150.220000,-75.830000, 102.410000
-143.310000,-66.880000, 106.830000
-130.830000,-56.350000, 108.080000
-118.220000,-43.690000, 104.680000
-109.690000,-29.940000, 98.170000
-103.470000,-14.740000, 90.570000
-104.170000, 0.370000, 82.850000
-111.000000, 14.620000, 74.900000
-125.160000, 28.710000, 67.640000
-143.860000, 39.940000, 59.900000
-163.770000, 47.540000, 51.220000
-183.560000, 51.490000, 42.570000
-198.540000, 52.300000, 33.590000
-205.190000, 52.600000, 25.790000
-195.460000, 49.580000, 18.110000
-135.190000, 44.180000, 13.290000
-93.970000, 42.710000, 16.790000
-113.680000, 39.680000, 23.650000
-167.310000, 24.880000, 30.480000
-232.340000, 1.580000, 30.450000
-250.130000,-14.220000, 22.770000
-250.130000,-3.100000, 19.090000
-250.130000, 17.060000, 27.350000
-250.130000, 42.140000, 35.860000
-223.360000, 65.620000, 35.750000
-185.120000, 84.240000, 27.640000
-165.210000, 94.180000, 16.740000
-167.260000, 96.210000, 7.900000
-186.880000, 88.910000, 1.040000
-214.130000, 77.520000,-6.870000
-239.880000, 58.290000,-14.710000
-250.130000, 39.060000,-20.900000
-250.130000, 23.960000,-24.710000
-250.130000, 12.930000,-26.020000
-243.730000, 6.630000,-25.650000
-233.310000, 5.750000,-21.570000
-224.160000, 5.480000,-15.660000
-216.130000, 4.950000,-9.460000
-209.190000, 3.920000,-5.770000
-203.570000, 2.860000,-4.480000
-201.920000, 0.230000,-3.670000
-205.700000,-3.510000,-1.810000
-212.730000,-7.410000, 0.950000
-220.410000,-10.830000, 4.500000
-222.670000,-13.010000, 6.920000
-216.080000,-12.320000, 8.960000
-202.570000,-9.220000, 9.930000
-185.630000,-5.450000, 9.760000
-171.540000,-2.510000, 8.140000
-164.340000,-0.830000, 5.300000
-165.210000,-0.810000, 1.610000
-171.370000,-1.930000,-2.740000
-180.140000,-3.250000,-6.320000
-187.450000,-4.170000,-7.790000
-188.560000,-4.190000,-7.030000
-180.350000,-4.220000,-3.160000
-162.400000,-6.450000, 2.190000
-142.080000,-7.720000, 7.060000
-132.260000,-2.000000, 9.410000
-140.730000, 8.540000, 10.000000
-159.130000, 20.090000, 10.790000
-173.490000, 27.470000, 15.310000
-176.570000, 24.500000, 24.290000
-184.520000, 1.620000, 38.430000
-213.320000,-35.170000, 49.960000
-247.410000,-57.250000, 54.540000
-250.130000,-53.340000, 56.540000
-250.130000,-30.580000, 61.800000
-228.910000,-7.670000, 72.060000
-206.320000, 8.000000, 86.690000
-187.950000, 16.700000, 101.510000
-178.320000, 16.810000, 114.540000
-180.840000, 9.630000, 126.830000
-179.940000, 0.610000, 140.760000
-170.290000,-3.370000, 157.870000
-162.380000,-3.480000, 171.380000
-155.030000,-1.580000, 180.630000
-161.700000,-1.420000, 184.910000
-178.770000,-4.990000, 190.090000
-192.490000,-8.160000, 196.800000
-188.160000,-8.870000, 205.220000
-167.580000,-7.030000, 214.760000
-141.070000,-7.220000, 223.910000
-115.300000,-9.250000, 232.590000
-94.150000,-14.460000, 244.430000
-91.300000,-28.670000, 250.120000
-93.120000,-46.400000, 250.120000
-90.120000,-65.830000, 250.120000
-81.250000,-78.220000, 250.120000
-64.870000,-84.970000, 250.120000
-51.180000,-94.980000, 250.120000
-41.010000,-105.390000, 250.120000
-27.380000,-115.030000, 250.120000
-28.560000,-128.830000, 250.120000
-38.720000,-147.280000, 250.120000
-54.450000,-168.110000, 250.120000
-63.770000,-183.540000, 250.120000
-62.060000,-188.430000, 250.120000
-45.520000,-186.400000, 250.120000
-20.340000,-180.450000, 250.120000
 3.810000,-172.940000, 250.120000
 17.140000,-162.090000, 250.120000
 28.180000,-142.770000, 250.120000
 43.540000,-123.910000, 250.120000
 63.290000,-101.410000, 223.830000
 78.200000,-77.620000, 194.060000
 88.940000,-53.190000, 164.580000
 100.200000,-26.980000, 131.390000
 113.730000, 10.100000, 97.800000
 131.750000, 67.880000, 61.510000
 149.040000, 139.870000, 26.050000
 154.880000, 211.030000,-10.460000
 150.450000, 250.120000,-44.450000
 131.240000, 250.120000,-72.180000
 105.520000, 250.120000,-86.890000
 123.020000, 250.120000,-112.730000
 250.120000,-250.130000, 136.650000
 184.220000,-21.090000,-13.890000
-166.480000, 171.480000, 39.880000
-151.870000, 134.310000, 4.360000
 19.900000, 77.680000,-33.690000
 65.250000, 76.380000,-43.470000
 7.800000, 47.800000,-21.270000
-18.930000, 27.410000,-14.540000
-5.410000, 11.540000,-19.500000
 10.380000, 4.320000,-33.440000
 21.150000, 9.490000,-47.450000
 19.150000, 22.770000,-55.170000
 10.960000, 35.450000,-54.120000
 4.670000, 47.660000,-49.220000
 1.310000, 59.350000,-42.830000
-2.300000, 65.020000,-37.260000
-11.030000, 71.910000,-34.880000
-24.680000, 80.750000,-36.290000
-38.000000, 89.830000,-41.730000
-47.760000, 104.480000,-50.600000
-56.540000, 120.960000,-62.150000
-62.940000, 141.080000,-78.710000
-64.340000, 159.560000,-97.200000
-63.830000, 180.140000,-116.390000
-65.000000, 210.450000,-139.200000
-67.130000, 241.350000,-158.810000
-68.370000, 250.120000,-176.100000
-58.290000, 250.120000,-194.590000
-34.930000, 250.120000,-203.950000
 4.610000, 250.120000,-222.770000
 34.680000, 250.120000,-240.860000
 54.350000, 250.120000,-250.130000
 63.820000, 250.120000,-250.130000
 67.380000, 250.120000,-250.130000
 63.170000, 250.120000,-250.130000
 40.770000, 250.120000,-244.190000
 1.640000, 250.120000,-216.080000
-35.960000, 218.960000,-195.740000
-66.700000, 196.130000,-187.350000
-86.600000, 187.010000,-186.760000
-101.170000, 188.700000,-189.710000
-113.440000, 195.600000,-191.490000
-125.680000, 202.560000,-192.120000
-136.160000, 204.890000,-191.670000
-144.710000, 202.090000,-188.450000
-148.140000, 195.260000,-183.120000
-142.060000, 186.560000,-173.920000
-130.000000, 169.360000,-162.850000
-99.920000, 150.730000,-144.870000
-64.990000, 122.830000,-124.890000
-26.900000, 90.140000,-98.390000
 8.960000, 59.620000,-69.670000
 35.830000, 35.000000,-39.960000
 49.450000, 17.480000,-15.040000
 52.310000, 5.590000, 1.670000
 52.370000,-0.500000, 8.240000
 48.250000,-1.070000, 7.870000
 31.930000, 1.040000, 2.380000
 8.020000, 2.290000,-6.620000
-23.750000,-0.230000,-15.710000
-58.640000,-9.510000,-21.730000
-89.900000,-20.990000,-24.770000
-111.080000,-31.540000,-25.030000
-121.320000,-40.600000,-23.350000
-124.670000,-49.090000,-18.990000
-128.170000,-61.830000,-10.570000
-133.490000,-78.610000, 2.780000
-140.380000,-96.740000, 19.250000
-160.410000,-111.650000, 34.850000
-185.350000,-120.600000, 44.350000
-189.640000,-121.550000, 53.390000
-176.220000,-114.120000, 62.360000
-159.840000,-98.090000, 73.640000
-153.310000,-84.790000, 82.190000
-143.140000,-72.250000, 93.870000
-132.930000,-61.070000, 104.960000
-132.210000,-49.870000, 113.000000
-134.860000,-38.530000, 120.740000
-142.530000,-28.360000, 126.250000
-155.820000,-18.070000, 129.820000
-170.910000,-4.680000, 130.750000
-186.620000, 10.840000, 130.180000
-194.800000, 26.750000, 125.030000
-197.320000, 41.520000, 118.240000
-198.100000, 56.360000, 110.070000
-199.350000, 71.150000, 102.340000
-204.170000, 83.870000, 96.380000
-209.500000, 93.190000, 90.290000
-215.000000, 98.610000, 84.640000
-220.470000, 98.370000, 80.580000
-229.270000, 94.900000, 76.880000
-240.120000, 91.110000, 74.240000
-250.130000, 84.600000, 67.540000
-250.130000, 78.380000, 54.770000
-250.130000, 75.000000, 47.330000
-250.130000, 76.740000, 45.800000
-250.130000, 83.030000, 45.300000
-242.320000, 92.510000, 40.160000
-219.540000, 100.030000, 28.140000
-208.360000, 101.900000, 13.080000
-211.140000, 97.040000,-3.310000
-222.770000, 88.910000,-16.870000
-235.760000, 78.040000,-28.250000
-244.960000, 66.550000,-36.240000
-248.300000, 56.580000,-40.770000
-246.680000, 49.190000,-43.390000
-240.640000, 43.510000,-44.150000
-233.410000, 38.290000,-43.990000
-225.280000, 34.080000,-43.450000
-216.890000, 32.680000,-42.770000
-208.030000, 33.790000,-41.860000
-197.090000, 35.540000,-41.080000
-184.700000, 37.350000,-41.250000
-173.350000, 38.180000,-41.350000
-165.390000, 37.100000,-41.980000
-166.880000, 34.160000,-41.420000
-178.930000, 29.200000,-40.220000
-197.870000, 23.090000,-37.180000
-215.350000, 17.940000,-32.890000
-223.090000, 13.870000,-27.670000
-217.760000, 10.950000,-21.680000
-202.930000, 9.640000,-15.070000
-183.440000, 9.240000,-7.490000
-165.050000, 9.530000,-0.480000
-151.890000, 8.190000, 5.580000
-143.090000, 4.430000, 9.610000
-136.940000,-1.400000, 11.260000
-136.320000,-9.130000, 10.510000
-143.230000,-15.710000, 7.690000
-156.870000,-18.290000, 3.180000
-173.220000,-16.570000,-1.830000
-184.690000,-13.070000,-4.690000
-186.110000,-12.950000,-3.430000
-176.430000,-18.400000, 2.670000
-164.300000,-28.610000, 13.110000
-158.160000,-38.540000, 26.800000
-159.830000,-44.210000, 43.250000
-165.450000,-43.360000, 60.850000
-169.360000,-36.690000, 78.440000
-168.500000,-28.220000, 93.810000
-162.420000,-19.610000, 108.090000
-156.890000,-13.070000, 118.500000
-157.120000,-9.430000, 127.350000
-167.000000,-8.450000, 135.180000
-178.670000,-8.380000, 143.990000
-189.120000,-8.870000, 154.640000
-197.250000,-10.630000, 166.550000
-200.340000,-15.610000, 179.410000
-195.270000,-22.010000, 192.410000
-183.340000,-28.380000, 206.180000
-168.220000,-33.200000, 220.920000
-147.380000,-37.320000, 237.150000
-122.800000,-44.580000, 250.120000
-94.690000,-50.420000, 250.120000
-87.220000,-58.690000, 250.120000
-102.800000,-73.960000, 250.120000
-127.250000,-94.700000, 250.120000
-134.060000,-110.000000, 250.120000
-123.780000,-125.870000, 250.120000
-96.730000,-133.770000, 250.120000
-60.740000,-133.640000, 250.120000
-33.730000,-134.790000, 250.120000
-31.680000,-142.330000, 250.120000
-44.960000,-157.170000, 250.120000
-52.350000,-172.480000, 250.120000
-45.090000,-186.630000, 250.120000
-34.980000,-198.170000, 250.120000
-18.210000,-203.430000, 250.120000
 0.350000,-202.420000, 250.120000
 16.520000,-195.690000, 250.120000
 30.210000,-180.430000, 250.120000
 46.030000,-160.490000, 250.120000
 59.160000,-137.410000, 247.490000
 74.470000,-111.700000, 220.300000
 95.930000,-84.950000, 192.540000
 114.770000,-58.010000, 164.060000
 132.500000,-27.670000, 136.470000
 148.650000, 5.120000, 106.610000
 156.890000, 47.460000, 74.170000
 159.970000, 103.450000, 40.870000
 160.040000, 164.430000, 5.810000
 157.670000, 223.250000,-28.090000
 152.360000, 250.120000,-58.380000
 154.900000, 250.120000,-81.840000
 156.610000, 250.120000,-97.060000
 151.540000, 250.120000,-103.830000
 250.120000,-250.130000, 171.080000
 250.120000,-250.130000, 11.740000
 55.600000, 121.790000,-68.350000
-70.060000, 121.340000, 8.200000
 16.870000, 135.820000,-22.700000
 27.520000, 125.880000,-52.830000
 3.830000, 120.930000,-32.510000
-21.100000, 82.740000,-19.630000
-26.390000, 37.120000,-7.720000
 0.480000, 12.650000,-8.950000
 21.930000, 1.550000,-12.760000
 22.610000, 2.630000,-11.410000
 9.700000, 11.280000,-8.560000
-2.380000, 22.630000,-4.630000
-9.850000, 34.210000,-1.970000
-8.680000, 40.700000, 1.640000
-15.150000, 47.720000, 1.190000
-17.190000, 54.550000,-2.540000
-16.890000, 61.470000,-9.270000
-15.450000, 71.460000,-19.150000
-15.550000, 84.960000,-29.850000
-19.240000, 98.020000,-42.200000
-26.740000, 114.480000,-57.120000
-38.700000, 133.090000,-74.090000
-53.400000, 155.380000,-93.730000
-69.220000, 183.030000,-115.590000
-75.900000, 207.190000,-136.190000
-74.520000, 236.550000,-158.760000
-60.540000, 250.120000,-175.590000
-36.970000, 250.120000,-190.810000
-13.270000, 250.120000,-210.970000
-3.570000, 250.120000,-230.090000
-3.000000, 250.120000,-238.010000
-2.980000, 250.120000,-242.210000
-3.870000, 250.120000,-249.150000
 13.090000, 250.120000,-247.490000
 27.000000, 250.120000,-234.540000
 24.480000, 250.120000,-214.230000
-1.170000, 250.120000,-193.550000
-46.090000, 197.920000,-182.310000
-89.480000, 149.930000,-179.910000
-113.540000, 125.620000,-185.630000
-119.090000, 123.780000,-193.380000
-109.020000, 134.600000,-198.630000
-91.940000, 148.800000,-198.310000
-77.150000, 158.480000,-194.140000
-66.450000, 162.290000,-187.900000
-58.540000, 163.290000,-180.150000
-54.300000, 160.040000,-172.660000
-53.480000, 154.220000,-165.080000
-58.100000, 144.510000,-155.820000
-67.130000, 129.230000,-143.690000
-75.290000, 107.120000,-126.700000
-79.020000, 81.320000,-104.250000
-79.910000, 52.470000,-77.800000
-64.730000, 22.360000,-53.980000
-0.460000,-3.510000,-24.800000
 28.480000,-21.340000, 3.760000
 25.510000,-30.440000, 26.480000
-3.200000,-37.830000, 40.990000
-45.740000,-43.670000, 46.810000
-88.920000,-46.550000, 45.540000
-121.730000,-47.680000, 38.530000
-141.410000,-44.720000, 29.160000
-148.370000,-39.670000, 21.480000
-150.010000,-36.870000, 17.690000
-150.060000,-38.580000, 19.190000
-148.280000,-39.220000, 24.610000
-151.130000,-38.130000, 31.540000
-161.970000,-36.100000, 39.540000
-174.790000,-32.590000, 47.080000
-185.300000,-28.480000, 54.040000
-194.820000,-21.870000, 59.180000
-199.810000,-14.630000, 62.560000
-201.060000,-6.530000, 64.220000
-199.610000,-0.570000, 65.280000
-197.540000, 3.260000, 66.200000
-199.000000, 5.990000, 66.740000
-203.510000, 7.960000, 68.010000
-211.000000, 9.460000, 69.430000
-219.510000, 11.700000, 70.320000
-228.500000, 16.350000, 70.290000
-237.010000, 22.530000, 69.400000
-243.360000, 28.180000, 68.890000
-246.340000, 32.760000, 68.520000
-247.200000, 36.450000, 68.170000
-243.480000, 38.380000, 67.670000
-236.640000, 38.880000, 67.190000
-226.700000, 37.330000, 66.830000
-217.160000, 33.010000, 65.060000
-211.530000, 28.780000, 60.550000
-211.090000, 28.450000, 53.950000
-216.340000, 29.290000, 45.420000
-221.420000, 30.670000, 38.670000
-222.480000, 31.830000, 35.330000
-217.390000, 31.470000, 35.660000
-209.090000, 30.360000, 38.510000
-201.450000, 29.170000, 41.220000
-197.880000, 29.640000, 41.640000
-197.410000, 32.160000, 40.300000
-199.460000, 36.170000, 37.450000
-204.380000, 41.160000, 34.770000
-210.060000, 45.440000, 33.840000
-215.980000, 47.620000, 34.640000
-220.880000, 47.110000, 36.180000
-222.850000, 45.510000, 38.380000
-221.190000, 44.130000, 41.230000
-216.980000, 42.410000, 45.300000
-210.630000, 41.190000, 49.930000
-203.480000, 41.120000, 54.160000
-195.800000, 39.330000, 56.800000
-183.380000, 34.010000, 57.000000
-170.060000, 27.710000, 54.410000
-164.880000, 21.910000, 49.900000
-170.240000, 20.410000, 45.150000
-181.290000, 26.100000, 41.960000
-193.970000, 33.420000, 41.520000
-198.160000, 38.700000, 43.770000
-190.890000, 38.060000, 47.640000
-181.740000, 32.790000, 52.330000
-181.970000, 27.630000, 56.220000
-195.750000, 26.130000, 58.830000
-212.250000, 32.050000, 60.270000
-223.340000, 43.690000, 62.310000
-224.570000, 56.280000, 65.840000
-214.900000, 66.860000, 71.340000
-202.110000, 72.600000, 79.670000
-191.880000, 73.120000, 89.500000
-185.870000, 70.290000, 98.420000
-188.030000, 65.290000, 104.900000
-196.460000, 60.730000, 108.240000
-205.910000, 57.060000, 112.450000
-208.840000, 54.610000, 118.040000
-204.450000, 52.830000, 123.810000
-194.960000, 51.860000, 129.220000
-185.610000, 50.480000, 133.380000
-176.320000, 49.510000, 135.220000
-169.330000, 51.150000, 133.540000
-169.550000, 50.320000, 131.400000
-170.410000, 45.790000, 131.740000
-168.350000, 37.920000, 136.540000
-164.060000, 28.800000, 143.280000
-165.580000, 19.980000, 149.530000
-168.100000, 13.280000, 154.160000
-173.870000, 8.910000, 158.790000
-179.480000, 10.750000, 165.090000
-176.380000, 11.620000, 177.830000
-160.250000, 1.720000, 196.200000
-135.350000,-17.600000, 214.880000
-117.560000,-40.090000, 228.250000
-102.270000,-60.690000, 237.120000
-97.120000,-78.020000, 242.990000
-90.400000,-93.320000, 247.580000
-79.930000,-107.820000, 250.120000
-67.130000,-123.660000, 250.120000
-59.100000,-143.270000, 250.120000
-52.350000,-164.030000, 250.120000
-45.260000,-188.410000, 250.120000
-25.730000,-210.690000, 250.120000
 5.000000,-230.250000, 250.120000
 33.640000,-243.300000, 250.120000
 54.870000,-250.130000, 250.120000
 69.540000,-250.130000, 250.120000
 80.500000,-250.130000, 250.120000
 89.600000,-250.130000, 250.120000
 103.830000,-250.130000, 250.120000
 122.830000,-237.750000, 250.120000
 144.960000,-186.930000, 224.000000
 138.570000,-117.060000, 182.960000
 130.440000,-40.820000, 136.330000
 138.700000, 39.330000, 96.830000
 161.610000, 103.460000, 62.160000
 176.050000, 152.870000, 29.680000
 170.450000, 207.220000,-1.020000
 150.540000, 250.120000,-32.010000
 129.580000, 250.120000,-60.010000
 118.480000, 250.120000,-81.020000
 109.930000, 250.120000,-87.480000
 250.120000,-250.130000, 153.910000
 250.120000,-250.130000, 34.270000
 46.000000, 117.600000,-49.660000
-110.760000, 143.410000,-15.960000
-39.630000, 139.190000,-20.180000
 9.980000, 159.900000,-54.480000
-12.590000, 133.610000,-34.140000
-44.670000, 77.840000,-16.080000
-39.800000, 23.930000,-11.030000
-1.900000, 2.540000,-22.870000
 27.060000, 5.240000,-41.410000
 37.860000, 18.450000,-53.450000
 31.510000, 32.030000,-56.050000
 20.110000, 39.480000,-50.980000
 7.700000, 41.800000,-39.520000
-4.450000, 42.800000,-25.290000
-13.480000, 41.190000,-14.290000
-18.090000, 39.610000,-8.380000
-15.880000, 41.910000,-9.860000
-13.740000, 48.960000,-17.490000
-12.900000, 60.880000,-28.890000
-14.090000, 72.810000,-40.990000
-15.630000, 85.180000,-55.050000
-18.600000, 93.730000,-68.300000
-23.060000, 102.680000,-80.570000
-30.330000, 112.970000,-91.750000
-41.350000, 129.470000,-110.230000
-53.860000, 149.050000,-128.320000
-64.420000, 168.580000,-145.000000
-71.000000, 188.370000,-161.700000
-69.830000, 211.450000,-178.090000
-57.750000, 235.380000,-194.690000
-42.590000, 250.120000,-213.160000
-31.510000, 250.120000,-231.460000
-29.000000, 250.120000,-244.170000
-33.490000, 250.120000,-250.130000
-28.700000, 250.120000,-250.130000
-0.650000, 250.120000,-250.130000
 23.130000, 250.120000,-250.130000
 15.540000, 250.120000,-250.130000
-24.250000, 250.120000,-248.870000
-79.430000, 226.960000,-225.680000
-130.040000, 188.190000,-200.680000
-156.540000, 169.130000,-176.640000
-164.060000, 162.410000,-154.830000
-152.360000, 160.580000,-139.220000
-129.390000, 160.580000,-127.320000
-98.480000, 161.790000,-117.190000
-67.110000, 159.630000,-106.230000
-41.480000, 153.460000,-93.150000
-22.830000, 144.470000,-77.220000
-16.540000, 130.640000,-61.500000
-12.360000, 111.640000,-51.140000
 75.040000, 85.680000,-31.120000
 128.480000, 49.590000,-10.210000
 91.280000, 26.700000, 4.890000
 7.860000, 6.870000, 18.730000
-94.410000,-13.220000, 26.000000
-178.600000,-23.930000, 25.480000
-213.320000,-18.220000, 19.180000
-215.330000,-4.770000, 12.330000
-208.480000, 6.100000, 8.490000
-205.290000, 13.210000, 7.040000
-205.970000, 16.340000, 8.330000
-207.940000, 19.030000, 11.780000
-213.770000, 20.820000, 15.740000
-222.140000, 21.370000, 18.540000
-227.010000, 21.310000, 19.270000
-230.850000, 22.640000, 17.830000
-237.890000, 23.240000, 14.460000
-250.130000, 23.030000, 10.080000
-250.130000, 23.290000, 6.050000
-250.130000, 22.700000, 3.450000
-250.130000, 19.060000, 4.500000
-250.130000, 12.120000, 10.020000
-235.080000, 4.650000, 17.790000
-217.060000,-2.140000, 26.400000
-206.410000,-6.000000, 32.150000
-207.770000,-6.950000, 32.390000
-216.370000,-5.480000, 29.120000
-225.540000,-2.440000, 25.140000
-228.000000,-0.560000, 23.490000
-222.770000, 0.190000, 25.740000
-212.450000, 0.650000, 31.020000
-201.490000, 2.430000, 37.010000
-194.290000, 5.170000, 42.380000
-193.810000, 9.420000, 47.090000
-199.520000, 15.060000, 53.150000
-207.650000, 20.960000, 59.480000
-214.840000, 25.730000, 65.670000
-217.930000, 29.990000, 70.840000
-217.760000, 32.520000, 73.940000
-214.090000, 34.610000, 75.450000
-210.070000, 36.030000, 75.310000
-206.700000, 36.700000, 73.450000
-204.130000, 39.170000, 70.220000
-203.740000, 42.460000, 64.820000
-202.410000, 44.830000, 58.270000
-198.680000, 45.880000, 52.110000
-193.020000, 44.800000, 47.030000
-189.240000, 41.310000, 43.320000
-188.750000, 39.020000, 40.260000
-192.820000, 40.830000, 38.210000
-201.450000, 45.690000, 36.450000
-209.350000, 50.270000, 35.190000
-213.610000, 50.870000, 33.150000
-215.420000, 46.760000, 31.630000
-214.900000, 39.640000, 30.560000
-215.190000, 33.610000, 30.830000
-218.730000, 31.070000, 32.570000
-222.880000, 32.380000, 35.760000
-222.610000, 36.640000, 39.740000
-216.880000, 41.790000, 44.130000
-208.250000, 45.290000, 49.250000
-202.750000, 46.150000, 54.880000
-201.440000, 45.450000, 59.600000
-203.670000, 44.340000, 62.770000
-208.410000, 44.770000, 63.300000
-211.770000, 47.530000, 60.720000
-212.060000, 51.300000, 55.040000
-208.080000, 54.000000, 47.080000
-198.680000, 55.970000, 37.470000
-189.010000, 56.910000, 27.310000
-181.820000, 57.730000, 17.990000
-182.150000, 56.930000, 10.540000
-186.710000, 55.900000, 5.830000
-189.240000, 56.090000, 3.900000
-190.330000, 56.940000, 4.640000
-190.760000, 57.710000, 5.960000
-192.290000, 58.550000, 7.290000
-194.200000, 58.770000, 8.230000
-195.350000, 58.830000, 9.670000
-193.560000, 59.510000, 11.940000
-189.620000, 60.990000, 14.390000
-184.730000, 63.650000, 15.510000
-180.640000, 65.970000, 14.400000
-176.620000, 66.870000, 12.870000
-170.830000, 64.470000, 11.670000
-163.630000, 58.730000, 10.280000
-157.260000, 50.850000, 7.190000
-157.220000, 45.230000, 2.190000
-161.370000, 43.860000,-3.540000
-166.290000, 44.310000,-7.140000
-164.580000, 46.130000,-5.580000
-155.710000, 47.410000, 0.310000
-143.030000, 46.640000, 9.620000
-130.010000, 42.180000, 20.800000
-122.140000, 37.000000, 31.150000
-123.180000, 33.270000, 39.120000
-130.060000, 34.220000, 44.830000
-138.490000, 38.110000, 50.090000
-144.030000, 40.080000, 56.780000
-146.410000, 38.540000, 68.400000
-146.930000, 29.650000, 87.060000
-141.970000, 15.030000, 111.330000
-126.410000,-2.190000, 135.130000
-118.450000,-19.180000, 155.870000
-119.820000,-38.010000, 175.610000
-117.150000,-53.580000, 194.600000
-112.250000,-68.300000, 213.730000
-97.120000,-83.110000, 233.890000
-69.610000,-96.450000, 250.120000
-47.900000,-112.580000, 250.120000
-39.650000,-126.460000, 250.120000
-42.920000,-138.570000, 250.120000
-45.900000,-150.950000, 250.120000
-45.730000,-163.040000, 250.120000
-50.730000,-176.510000, 250.120000
-60.300000,-191.520000, 250.120000
-70.450000,-205.060000, 250.120000
-82.060000,-222.270000, 250.120000
-89.910000,-244.540000, 250.120000
-85.930000,-250.130000, 250.120000
-83.220000,-250.130000, 250.120000
-79.920000,-250.130000, 250.120000
-67.030000,-250.130000, 250.120000
-36.290000,-250.130000, 250.120000
 3.980000,-242.960000, 250.120000
 37.610000,-206.540000, 250.120000
 49.290000,-165.030000, 248.790000
 44.580000,-124.570000, 211.070000
 45.240000,-81.170000, 172.160000
 62.250000,-34.520000, 134.020000
 94.830000, 21.310000, 100.440000
 121.790000, 78.480000, 67.480000
 131.410000, 130.160000, 28.160000
 136.560000, 181.470000,-9.310000
 132.860000, 244.290000,-45.810000
 120.960000, 250.120000,-75.620000
 106.840000, 250.120000,-100.680000
 98.960000, 250.120000,-121.260000
 153.280000,-250.130000,-23.270000
 250.120000,-250.130000, 27.710000
-33.690000, 161.060000,-24.310000
-150.270000, 144.330000,-37.030000
 23.030000, 95.500000,-61.360000
 106.840000, 88.620000,-86.660000
 34.040000, 64.840000,-50.700000
-25.740000, 46.260000,-26.420000
-29.170000, 36.150000,-18.090000
-19.660000, 38.640000,-30.090000
-9.890000, 47.460000,-46.490000
 1.480000, 64.700000,-63.600000
 8.380000, 79.930000,-78.230000
 15.870000, 83.830000,-88.240000
 24.130000, 89.330000,-95.720000
 29.750000, 96.050000,-99.480000
 26.970000, 107.030000,-101.930000
 13.740000, 120.330000,-105.700000
-10.630000, 138.270000,-110.030000
-34.610000, 158.690000,-115.740000
-53.230000, 183.160000,-125.400000
-62.860000, 208.510000,-134.630000
-63.000000, 232.290000,-147.060000
-58.870000, 250.120000,-161.510000
-55.550000, 250.120000,-179.590000
-50.960000, 250.120000,-200.470000
-42.250000, 250.120000,-221.490000
-37.850000, 250.120000,-239.040000
-33.660000, 250.120000,-247.440000
-27.350000, 250.120000,-247.660000
-16.500000, 250.120000,-247.430000
 4.380000, 250.120000,-248.640000
 5.900000, 250.120000,-238.770000
-17.920000, 250.120000,-214.500000
-68.900000, 250.120000,-188.310000
-128.750000, 229.950000,-167.000000
-180.080000, 201.030000,-153.000000
-218.290000, 189.550000,-145.390000
-238.320000, 191.070000,-142.410000
-238.660000, 198.390000,-140.620000
-222.220000, 205.590000,-138.370000
-193.500000, 208.720000,-134.510000
-157.890000, 202.610000,-127.920000
-115.170000, 191.040000,-118.600000
-53.640000, 169.940000,-114.630000
 131.990000, 148.540000,-96.320000
 250.120000, 124.790000,-73.380000
 250.120000, 106.410000,-46.390000
 174.170000, 74.270000,-25.290000
 43.030000, 26.450000,-10.020000
-81.700000,-26.220000,-2.240000
-178.750000,-68.320000,-3.520000
-238.610000,-93.740000,-10.610000
-250.130000,-108.280000,-20.880000
-250.130000,-111.840000,-31.060000
-236.120000,-107.900000,-37.900000
-198.400000,-95.760000,-40.480000
-163.250000,-81.150000,-41.470000
-125.790000,-70.190000,-38.830000
-96.350000,-64.670000,-31.040000
-80.400000,-62.390000,-17.670000
-78.700000,-60.160000, 2.510000
-90.950000,-56.950000, 25.310000
-110.470000,-54.490000, 45.480000
-127.890000,-49.750000, 59.620000
-138.190000,-41.160000, 67.640000
-139.610000,-31.110000, 70.190000
-134.770000,-21.350000, 69.640000
-126.950000,-14.350000, 68.660000
-116.480000,-8.560000, 68.800000
-110.870000,-3.240000, 72.470000
-114.000000, 2.470000, 80.030000
-124.000000, 8.720000, 88.450000
-137.320000, 14.000000, 96.250000
-146.930000, 20.990000, 101.510000
-151.850000, 29.740000, 104.480000
-156.900000, 39.220000, 103.480000
-162.120000, 47.250000, 101.330000
-170.000000, 55.570000, 97.590000
-173.640000, 63.130000, 91.160000
-171.920000, 70.640000, 82.970000
-165.610000, 77.270000, 75.190000
-162.540000, 79.660000, 68.380000
-166.960000, 80.540000, 63.070000
-175.310000, 80.320000, 58.610000
-182.870000, 79.580000, 54.160000
-189.960000, 78.730000, 49.070000
-195.950000, 78.250000, 43.620000
-197.090000, 79.920000, 37.220000
-194.810000, 82.480000, 28.500000
-191.040000, 85.850000, 17.680000
-188.170000, 88.800000, 6.310000
-189.030000, 88.450000,-4.020000
-192.800000, 87.190000,-12.350000
-196.370000, 81.460000,-17.690000
-198.830000, 74.160000,-19.240000
-197.120000, 66.700000,-17.540000
-195.000000, 60.370000,-15.390000
-192.230000, 56.120000,-13.300000
-190.410000, 53.050000,-11.450000
-186.060000, 51.000000,-10.420000
-178.580000, 51.080000,-9.730000
-168.090000, 51.430000,-8.580000
-157.220000, 51.900000,-7.100000
-149.840000, 52.130000,-7.260000
-145.450000, 51.130000,-8.870000
-144.410000, 48.960000,-13.120000
-148.770000, 45.200000,-17.580000
-160.900000, 40.810000,-20.280000
-174.790000, 36.060000,-21.350000
-187.890000, 34.520000,-21.120000
-196.330000, 34.540000,-18.540000
-198.160000, 34.620000,-13.900000
-193.770000, 35.410000,-9.870000
-185.820000, 37.110000,-7.310000
-178.690000, 37.540000,-6.380000
-175.450000, 37.300000,-7.510000
-175.860000, 35.740000,-8.860000
-177.790000, 31.660000,-9.200000
-177.780000, 25.850000,-8.320000
-176.900000, 19.320000,-6.800000
-173.960000, 12.300000,-4.360000
-168.030000, 5.400000,-1.080000
-156.950000,-1.810000, 0.780000
-140.020000,-5.580000,-1.510000
-123.610000,-6.320000,-8.640000
-112.840000,-1.720000,-19.430000
-113.250000, 5.530000,-29.580000
-121.960000, 10.530000,-33.920000
-132.380000, 9.250000,-29.280000
-139.410000, 0.640000,-16.170000
-142.800000,-10.780000, 0.540000
-147.640000,-17.940000, 17.950000
-155.120000,-17.530000, 30.930000
-167.350000,-13.320000, 35.930000
-176.450000,-5.330000, 34.460000
-175.490000, 3.590000, 30.920000
-167.570000, 9.560000, 29.130000
-154.440000, 12.010000, 32.540000
-139.860000, 10.030000, 41.290000
-128.660000, 6.930000, 52.540000
-123.650000, 5.610000, 65.580000
-129.100000, 5.090000, 77.000000
-137.640000, 5.700000, 87.490000
-151.730000, 3.280000, 102.540000
-166.280000,-0.870000, 117.480000
-178.580000,-1.350000, 131.320000
-176.770000,-4.820000, 147.380000
-164.210000,-6.810000, 164.230000
-144.180000,-8.640000, 185.820000
-129.800000,-13.950000, 212.750000
-128.460000,-26.910000, 238.770000
-137.230000,-44.930000, 250.120000
-150.280000,-65.450000, 250.120000
-158.530000,-88.000000, 250.120000
-155.420000,-111.750000, 250.120000
-134.410000,-132.070000, 250.120000
-97.900000,-143.360000, 250.120000
-65.810000,-150.130000, 250.120000
-43.050000,-156.940000, 250.120000
-25.110000,-167.700000, 250.120000
-23.580000,-182.320000, 250.120000
-23.220000,-198.850000, 250.120000
-18.580000,-210.590000, 250.120000
-13.440000,-218.090000, 250.120000
-15.170000,-219.570000, 250.120000
-13.800000,-213.170000, 250.120000
-1.350000,-200.070000, 250.120000
 23.720000,-171.700000, 250.120000
 52.480000,-130.380000, 250.120000
 82.530000,-82.120000, 250.120000
 106.560000,-22.580000, 220.640000
 124.960000, 49.250000, 178.740000
 136.190000, 134.680000, 137.670000
 137.210000, 210.840000, 101.830000
 132.030000, 250.120000, 64.050000
 126.780000, 250.120000, 29.220000
 113.150000, 250.120000, 1.080000
 181.480000, 226.720000,-66.490000
 180.020000,-250.130000, 207.830000
 215.630000,-9.220000, 49.420000
-89.610000, 150.490000, 41.810000
-89.700000, 127.350000, 26.640000
 47.780000, 101.950000,-10.620000
 94.480000, 88.450000,-31.090000
 57.310000, 67.570000,-18.410000
 14.220000, 44.500000,-8.380000
 8.780000, 27.110000,-14.240000
 14.490000, 24.250000,-30.040000
 17.510000, 38.260000,-48.530000
 11.690000, 58.340000,-69.730000
