 23.480000,-61.870000, 20.740000
 47.030000,-62.480000, 8.710000
 52.740000,-66.710000, 2.400000
 46.260000,-73.740000, 2.860000
 37.470000,-81.730000, 5.830000
 33.800000,-87.070000, 8.120000
 34.840000,-87.120000, 7.700000
 31.170000,-79.250000, 5.830000
 23.640000,-64.020000,-0.140000
 14.620000,-43.700000,-8.360000
 4.580000,-21.700000,-15.290000
-5.390000,-4.180000,-14.170000
-15.670000, 9.320000,-5.100000
-20.880000, 16.670000, 6.680000
-19.800000, 19.260000, 16.580000
-12.150000, 21.020000, 20.220000
-4.290000, 20.970000, 18.000000
 0.670000, 21.590000, 11.250000
 2.990000, 23.010000, 4.160000
 1.090000, 27.050000,-1.380000
-3.400000, 30.960000,-4.960000
-6.870000, 33.600000,-6.580000
-8.320000, 35.060000,-6.410000
-7.580000, 35.190000,-5.320000
-3.110000, 33.060000,-4.470000
 2.470000, 30.030000,-3.740000
 6.700000, 28.260000,-5.170000
 10.290000, 27.090000,-9.470000
 10.490000, 28.890000,-13.340000
 7.880000, 33.020000,-14.610000
 3.670000, 38.020000,-14.870000
 0.030000, 43.090000,-15.050000
-3.560000, 47.410000,-14.690000
-4.800000, 50.320000,-12.850000
-3.650000, 51.190000,-10.960000
-0.730000, 49.910000,-9.670000
 2.270000, 46.060000,-8.920000
 4.640000, 40.070000,-7.900000
 4.770000, 33.380000,-5.840000
 2.400000, 27.410000,-3.670000
-1.120000, 22.800000,-2.650000
-5.740000, 19.030000,-2.900000
-9.370000, 15.550000,-2.860000
-10.800000, 12.390000,-2.540000
-10.730000, 9.700000,-0.930000
-9.150000, 8.060000, 2.320000
-7.410000, 7.110000, 7.290000
-5.690000, 6.180000, 11.290000
-4.570000, 6.540000, 11.370000
-2.390000, 5.870000, 7.050000
-1.580000, 4.560000, 1.790000
-2.170000, 2.260000,-2.090000
-1.720000,-0.820000,-3.900000
-0.740000,-4.250000,-4.590000
 0.150000,-7.540000,-4.790000
-0.550000,-11.080000,-4.800000
-0.280000,-15.200000,-4.510000
 1.600000,-20.900000,-4.380000
 5.350000,-27.450000,-2.760000
 11.480000,-34.860000,-0.290000
 20.630000,-45.130000, 2.610000
 31.670000,-58.440000, 3.930000
 38.370000,-72.650000, 2.190000
 43.250000,-87.580000,-0.210000
 48.860000,-101.160000,-1.450000
 49.670000,-109.560000, 2.920000
 46.110000,-114.420000, 12.860000
 40.500000,-114.360000, 23.890000
 33.740000,-110.740000, 31.740000
 26.350000,-106.120000, 34.820000
 14.680000,-103.750000, 32.510000
 4.130000,-105.090000, 27.060000
 2.180000,-111.730000, 21.460000
 2.590000,-121.380000, 21.210000
-0.540000,-130.690000, 26.650000
-3.730000,-140.410000, 32.860000
-5.000000,-150.630000, 38.020000
-7.640000,-158.540000, 42.230000
-7.030000,-166.340000, 46.380000
-4.550000,-174.150000, 50.530000
-1.960000,-181.960000, 55.480000
 0.060000,-190.880000, 60.540000
 2.330000,-200.190000, 63.910000
 0.130000,-208.630000, 65.650000
-4.510000,-215.640000, 64.580000
-11.600000,-218.710000, 60.960000
-19.770000,-217.160000, 53.870000
-24.690000,-210.960000, 47.050000
-24.640000,-200.900000, 42.250000
-19.280000,-188.690000, 36.190000
-9.860000,-175.780000, 19.820000
-0.450000,-167.390000,-9.240000
 16.750000,-159.740000,-29.900000
 18.890000,-152.200000,-18.290000
-0.310000,-145.800000, 13.930000
-19.790000,-145.030000, 39.420000
-24.300000,-149.390000, 50.540000
-18.150000,-157.160000, 53.320000
-5.730000,-170.110000, 50.600000
 11.380000,-186.330000, 41.740000
 25.290000,-199.800000, 31.530000
 28.750000,-208.560000, 26.150000
 24.830000,-214.450000, 25.230000
 19.700000,-216.580000, 27.000000
 14.720000,-215.340000, 30.310000
 10.510000,-213.320000, 34.330000
 7.880000,-214.400000, 36.980000
 8.030000,-215.770000, 38.410000
 9.210000,-216.940000, 39.240000
 12.150000,-219.020000, 39.800000
 13.860000,-219.450000, 40.260000
 17.200000,-221.480000, 37.980000
 20.870000,-224.110000, 33.300000
 23.790000,-231.220000, 27.930000
 23.940000,-240.320000, 25.350000
 20.300000,-248.270000, 25.440000
 21.280000,-250.130000, 26.360000
 24.370000,-250.130000, 28.160000
 28.450000,-250.130000, 32.700000
 33.530000,-250.130000, 37.040000
 38.720000,-250.130000, 42.000000
 48.550000,-250.130000, 47.530000
 60.680000,-241.410000, 52.900000
 66.190000,-224.960000, 58.620000
 66.490000,-208.220000, 59.950000
 55.350000,-197.640000, 58.290000
 31.040000,-193.220000, 55.570000
 12.030000,-196.870000, 52.090000
 5.410000,-205.160000, 49.290000
 3.090000,-213.900000, 46.840000
 2.320000,-218.700000, 45.890000
 1.020000,-217.360000, 48.330000
 0.470000,-211.380000, 54.310000
 2.640000,-205.790000, 59.880000
 7.450000,-203.270000, 62.650000
 11.190000,-203.040000, 60.930000
 8.280000,-206.490000, 56.700000
 0.240000,-211.920000, 52.350000
-3.640000,-219.040000, 48.670000
-5.090000,-225.640000, 47.390000
-2.530000,-232.190000, 46.320000
 2.390000,-236.290000, 44.540000
 6.090000,-237.620000, 42.360000
 6.360000,-238.930000, 40.120000
 4.000000,-240.250000, 37.480000
 1.580000,-238.990000, 35.860000
-3.670000,-232.980000, 36.530000
-9.150000,-227.770000, 36.830000
-8.550000,-226.690000, 36.030000
-0.530000,-225.000000, 38.700000
 10.430000,-224.090000, 43.520000
 16.850000,-221.250000, 43.120000
 14.720000,-226.270000, 23.350000
 19.150000,-233.060000,-0.940000
 6.520000,-232.620000, 2.830000
-26.780000,-220.320000, 32.040000
-44.060000,-208.050000, 57.100000
-35.370000,-197.810000, 66.530000
-14.890000,-191.690000, 65.190000
 1.290000,-190.710000, 60.130000
 11.080000,-193.620000, 51.580000
 17.190000,-199.000000, 41.270000
 19.200000,-202.710000, 34.180000
 18.610000,-203.080000, 31.550000
 16.720000,-201.090000, 31.290000
 13.400000,-199.030000, 31.390000
 10.230000,-197.780000, 29.140000
 7.980000,-196.490000, 26.180000
 6.610000,-195.180000, 23.770000
 6.040000,-193.740000, 22.380000
 5.140000,-190.610000, 20.840000
 3.890000,-186.510000, 19.370000
 2.070000,-181.860000, 17.560000
 0.220000,-175.690000, 14.640000
-1.320000,-166.950000, 10.820000
-1.380000,-153.620000, 5.350000
 1.190000,-137.410000,-0.030000
 2.250000,-118.100000, 0.640000
-0.670000,-106.500000, 9.540000
-8.890000,-98.720000, 20.570000
-20.310000,-87.250000, 26.480000
-21.850000,-81.240000, 24.250000
-8.990000,-85.120000, 16.740000
 14.320000,-94.940000, 10.180000
 37.360000,-98.670000, 8.030000
 48.610000,-98.400000, 6.190000
 43.550000,-95.420000, 7.290000
 29.430000,-87.340000, 11.650000
 23.540000,-84.520000, 14.260000
 24.900000,-82.130000, 12.970000
 27.550000,-76.090000, 10.700000
 24.220000,-64.360000, 7.630000
 13.980000,-51.900000, 4.820000
-1.360000,-41.980000, 2.190000
-12.570000,-33.360000, 0.400000
-16.220000,-26.410000,-0.130000
-14.270000,-21.110000, 1.120000
-7.370000,-17.740000, 2.870000
 2.290000,-16.400000, 3.580000
 8.710000,-16.590000, 2.890000
 9.050000,-15.530000, 1.960000
 6.610000,-13.630000, 0.930000
 2.750000,-10.210000, 0.290000
-1.370000,-5.330000,-0.030000
-5.190000,-1.770000,-1.700000
-7.190000, 0.290000,-4.300000
-7.630000, 2.030000,-6.970000
-7.900000, 4.870000,-8.140000
-7.290000, 8.120000,-8.510000
-7.320000, 12.320000,-7.140000
-7.440000, 17.010000,-5.490000
-6.550000, 22.100000,-4.380000
-6.440000, 28.680000,-3.500000
-5.680000, 34.270000,-4.710000
-4.820000, 37.690000,-6.650000
-5.760000, 39.780000,-8.600000
-6.130000, 39.650000,-9.220000
-3.340000, 37.680000,-7.770000
 0.150000, 34.230000,-5.030000
 2.320000, 30.870000,-2.450000
 2.220000, 28.880000,-1.610000
 0.800000, 28.410000,-2.900000
-1.430000, 29.120000,-5.350000
-4.560000, 30.400000,-6.250000
-5.710000, 31.070000,-5.010000
-5.220000, 30.480000,-3.050000
-2.070000, 29.190000,-2.160000
 2.200000, 26.170000,-2.920000
 6.320000, 23.160000,-4.280000
 7.980000, 20.510000,-4.450000
 7.570000, 18.150000,-3.580000
 5.350000, 15.930000,-2.350000
 1.740000, 14.570000,-0.570000
-1.830000, 13.790000, 1.190000
-4.020000, 13.910000, 1.690000
-4.850000, 13.610000, 0.680000
-5.340000, 13.240000,-1.200000
-5.480000, 12.930000,-2.100000
-4.450000, 12.980000,-1.330000
-4.170000, 13.680000,-0.040000
-3.570000, 13.380000, 1.090000
-4.120000, 13.610000, 1.320000
-5.010000, 13.240000, 1.040000
-4.610000, 12.380000, 0.700000
-4.670000, 11.220000, 1.580000
-5.760000, 9.430000, 2.690000
-6.670000, 7.020000, 4.640000
-6.850000, 4.780000, 6.770000
-7.310000, 2.690000, 8.330000
-8.920000, 0.250000, 8.290000
-11.140000,-2.740000, 6.310000
-11.770000,-4.570000, 4.290000
-9.500000,-6.430000, 2.850000
-5.770000,-8.060000, 2.560000
-2.330000,-9.190000, 3.160000
 1.040000,-10.890000, 3.450000
 2.650000,-14.200000, 2.460000
 3.570000,-18.610000, 0.670000
 6.740000,-22.510000,-0.770000
 14.800000,-28.510000,-2.560000
 25.410000,-37.180000,-5.220000
 38.450000,-47.250000,-8.430000
 49.220000,-59.080000,-10.450000
 56.400000,-71.940000,-9.930000
 57.960000,-85.700000,-7.830000
 53.870000,-98.030000,-3.020000
 48.080000,-107.530000, 5.300000
 44.410000,-113.970000, 15.130000
 39.970000,-117.110000, 24.090000
 36.120000,-118.290000, 31.660000
 30.800000,-117.140000, 38.730000
 25.150000,-116.630000, 42.670000
 15.290000,-118.060000, 42.300000
 7.690000,-121.000000, 38.920000
 4.220000,-123.840000, 37.090000
 2.570000,-126.280000, 38.620000
-0.730000,-128.510000, 41.610000
-6.850000,-131.820000, 43.770000
-11.370000,-138.220000, 45.530000
-14.640000,-145.950000, 49.310000
-15.410000,-156.290000, 55.770000
-14.250000,-169.700000, 62.520000
-12.490000,-183.100000, 66.140000
-13.470000,-194.060000, 64.310000
-16.970000,-201.550000, 58.220000
-23.450000,-206.700000, 48.830000
-32.960000,-207.150000, 39.700000
-40.190000,-202.150000, 33.700000
-41.340000,-195.890000, 30.740000
-38.380000,-190.180000, 27.980000
-35.250000,-185.960000, 20.620000
-23.700000,-184.570000, 6.280000
 2.320000,-183.710000,-5.480000
 27.190000,-180.520000,-0.430000
 28.660000,-177.910000, 17.820000
 15.290000,-179.780000, 36.920000
 1.250000,-188.450000, 48.320000
-9.270000,-199.530000, 55.190000
-11.510000,-212.450000, 58.730000
-4.220000,-225.250000, 55.250000
 11.990000,-235.030000, 44.700000
 26.510000,-240.000000, 35.340000
 32.960000,-240.140000, 30.870000
 32.970000,-236.450000, 31.010000
 31.880000,-231.360000, 33.580000
 29.240000,-225.380000, 38.540000
 24.800000,-220.990000, 44.430000
 17.830000,-220.150000, 49.090000
 12.830000,-220.280000, 49.420000
 10.360000,-219.740000, 46.320000
 11.890000,-221.560000, 40.090000
 16.490000,-224.630000, 33.250000
 19.000000,-228.260000, 30.390000
 19.030000,-234.030000, 30.420000
 18.380000,-241.100000, 29.450000
 22.500000,-248.400000, 26.890000
 28.790000,-250.130000, 28.160000
 30.410000,-250.130000, 38.080000
 34.030000,-250.130000, 53.600000
 38.290000,-246.550000, 65.290000
 50.220000,-229.120000, 66.310000
 64.000000,-217.440000, 55.410000
 70.500000,-211.080000, 41.290000
 58.020000,-204.880000, 34.090000
 32.350000,-202.180000, 37.250000
 11.510000,-204.650000, 44.900000
-0.180000,-210.990000, 49.350000
-1.840000,-219.820000, 48.320000
-0.050000,-223.770000, 44.450000
 0.700000,-220.630000, 42.640000
 3.960000,-213.310000, 44.850000
 9.260000,-205.680000, 50.180000
 12.970000,-199.930000, 57.320000
 14.380000,-196.020000, 61.950000
 11.610000,-195.870000, 61.100000
 6.640000,-200.480000, 56.170000
 1.810000,-207.570000, 52.100000
-1.430000,-214.280000, 53.630000
-1.900000,-220.810000, 58.760000
 2.030000,-230.660000, 60.120000
 9.520000,-243.230000, 55.810000
 15.220000,-250.130000, 48.340000
 15.780000,-250.130000, 44.480000
 8.370000,-250.130000, 45.480000
-4.950000,-250.130000, 49.680000
-16.920000,-250.130000, 52.020000
-19.950000,-250.130000, 48.420000
-15.350000,-250.130000, 42.330000
-7.290000,-245.710000, 42.510000
 2.590000,-239.780000, 47.980000
 1.270000,-240.590000, 44.000000
 0.950000,-247.030000, 23.350000
 14.060000,-250.130000, 12.060000
 9.710000,-250.130000, 25.930000
-9.370000,-244.350000, 50.000000
-24.890000,-230.410000, 62.960000
-24.390000,-221.180000, 59.120000
-16.440000,-216.780000, 48.050000
-2.860000,-215.580000, 40.160000
 10.190000,-215.360000, 37.740000
 17.720000,-214.720000, 36.980000
 18.180000,-211.280000, 34.050000
 15.540000,-208.510000, 29.480000
 14.450000,-207.450000, 24.590000
 13.540000,-208.730000, 22.510000
 12.710000,-210.540000, 24.920000
 12.790000,-212.410000, 31.080000
 15.120000,-213.250000, 36.690000
 17.760000,-209.630000, 37.070000
 20.950000,-203.200000, 32.810000
 24.480000,-195.280000, 27.170000
 23.810000,-187.830000, 23.120000
 17.930000,-182.800000, 21.410000
 11.440000,-178.400000, 20.990000
 4.960000,-171.770000, 21.230000
 0.730000,-163.000000, 20.220000
 1.210000,-152.380000, 16.030000
 6.050000,-140.880000, 10.670000
 7.960000,-124.740000, 10.510000
 5.160000,-112.980000, 18.310000
-4.540000,-100.610000, 27.270000
-18.210000,-89.300000, 27.320000
-20.590000,-76.960000, 20.300000
-13.220000,-69.770000, 14.510000
 2.250000,-66.320000, 13.920000
 19.560000,-62.440000, 14.780000
 29.270000,-57.720000, 10.210000
 23.360000,-53.830000, 4.190000
 8.150000,-47.630000, 0.430000
-4.020000,-37.870000, 0.070000
-8.720000,-30.800000, 0.970000
-5.520000,-26.770000, 2.910000
 2.220000,-23.630000, 5.440000
 8.390000,-19.070000, 6.220000
 10.710000,-14.610000, 3.030000
 6.500000,-11.330000,-0.030000
-1.410000,-7.650000,-1.090000
-8.300000,-5.010000,-0.380000
-11.450000,-2.510000,-0.390000
-9.120000, 0.930000,-1.350000
-3.640000, 4.330000,-2.960000
 0.360000, 9.410000,-5.460000
 2.040000, 15.170000,-7.670000
-1.030000, 19.830000,-7.900000
-4.280000, 24.220000,-6.080000
-6.180000, 27.640000,-4.070000
-5.760000, 29.350000,-3.700000
-4.090000, 28.120000,-4.410000
-2.800000, 26.340000,-5.320000
-1.630000, 24.830000,-5.620000
-0.320000, 23.620000,-5.200000
-1.150000, 24.280000,-3.680000
-3.140000, 26.590000,-2.140000
-3.380000, 30.010000,-1.150000
-2.740000, 33.870000,-1.450000
 0.190000, 37.580000,-2.390000
 2.400000, 40.580000,-4.080000
 1.800000, 43.220000,-5.340000
-1.380000, 43.800000,-6.060000
-5.300000, 43.470000,-6.250000
-6.610000, 41.860000,-6.550000
-6.020000, 39.010000,-7.380000
-4.160000, 36.380000,-6.930000
-2.390000, 32.640000,-5.500000
-1.420000, 28.890000,-3.660000
-2.060000, 25.550000,-2.020000
-2.770000, 22.510000,-1.380000
-3.210000, 19.620000,-1.580000
-4.990000, 16.890000,-2.310000
-7.260000, 14.460000,-2.690000
-9.330000, 12.060000,-2.950000
-11.250000, 10.470000,-2.660000
-11.870000, 9.690000,-2.130000
-11.200000, 8.400000,-1.570000
-10.330000, 7.520000,-0.590000
-8.330000, 6.880000, 0.510000
-5.150000, 5.600000, 0.970000
-1.510000, 3.160000, 1.000000
 2.000000, 0.790000, 1.290000
 5.610000,-2.450000, 0.990000
 7.770000,-5.930000, 0.870000
 7.890000,-8.900000, 0.590000
 6.880000,-10.460000, 1.600000
 4.120000,-11.670000, 3.010000
 1.320000,-11.940000, 4.830000
-0.190000,-11.830000, 5.770000
 0.410000,-12.060000, 5.800000
 2.120000,-12.500000, 6.070000
 4.810000,-13.100000, 6.690000
 8.430000,-13.490000, 7.840000
 11.880000,-14.210000, 7.830000
 14.910000,-15.550000, 6.480000
 16.580000,-17.450000, 5.410000
 17.050000,-18.890000, 5.540000
 17.000000,-21.930000, 6.840000
 18.200000,-26.900000, 7.570000
 20.430000,-30.670000, 8.870000
 25.000000,-36.170000, 10.160000
 30.510000,-43.250000, 10.960000
 37.060000,-51.920000, 10.950000
 42.670000,-61.890000, 10.390000
 47.410000,-74.170000, 9.460000
 48.550000,-85.620000, 10.350000
 44.580000,-94.520000, 14.120000
 38.860000,-101.590000, 18.300000
 31.890000,-107.160000, 21.160000
 26.330000,-109.060000, 22.930000
 19.320000,-106.880000, 25.190000
 6.990000,-101.850000, 28.460000
 0.730000,-100.180000, 28.470000
 4.070000,-101.360000, 28.360000
 11.000000,-102.680000, 29.960000
 14.690000,-104.910000, 33.330000
 11.660000,-107.070000, 37.380000
 4.720000,-110.340000, 41.700000
-2.260000,-116.260000, 45.050000
-7.060000,-125.360000, 47.510000
-9.480000,-137.480000, 50.580000
-7.830000,-151.410000, 55.540000
-3.000000,-165.140000, 61.100000
 0.190000,-176.870000, 64.410000
-1.580000,-186.160000, 63.770000
-6.830000,-194.510000, 58.840000
-12.160000,-200.930000, 50.620000
-19.170000,-201.610000, 42.470000
-23.530000,-200.040000, 37.680000
-25.450000,-196.350000, 37.040000
-21.930000,-190.570000, 38.620000
-15.370000,-183.740000, 37.280000
-6.120000,-176.070000, 30.220000
 7.370000,-170.930000, 18.410000
 17.490000,-165.760000, 11.460000
 13.690000,-161.560000, 18.370000
 3.280000,-163.540000, 33.640000
-6.610000,-166.870000, 48.800000
-7.810000,-170.320000, 57.650000
-5.700000,-175.830000, 57.920000
-3.030000,-182.490000, 51.060000
 2.140000,-187.830000, 41.540000
 4.290000,-192.190000, 34.900000
 4.750000,-194.560000, 30.930000
 7.160000,-194.280000, 30.330000
 11.580000,-196.210000, 33.990000
 14.150000,-201.070000, 41.220000
 14.000000,-208.660000, 49.110000
 13.320000,-217.890000, 55.260000
 13.160000,-225.500000, 59.300000
 11.320000,-231.740000, 60.290000
 9.170000,-236.580000, 57.430000
 6.060000,-240.090000, 51.050000
 4.100000,-243.690000, 41.750000
 3.430000,-248.480000, 33.450000
 3.450000,-250.130000, 28.080000
 7.920000,-250.130000, 26.330000
 14.030000,-250.130000, 28.380000
 20.900000,-250.130000, 35.490000
 25.610000,-250.130000, 44.900000
 32.600000,-250.130000, 52.480000
 41.950000,-250.130000, 55.420000
 51.160000,-239.910000, 57.410000
 65.870000,-228.700000, 58.720000
 76.540000,-219.190000, 60.490000
 71.230000,-211.050000, 63.410000
 48.560000,-202.830000, 67.480000
 26.160000,-197.930000, 68.900000
 12.740000,-201.130000, 63.970000
 3.960000,-206.260000, 56.050000
-3.790000,-206.370000, 48.490000
-7.970000,-201.720000, 43.910000
-8.940000,-194.450000, 42.060000
-5.870000,-186.420000, 42.900000
 2.350000,-179.990000, 45.120000
 9.950000,-176.590000, 47.610000
 14.510000,-175.290000, 48.800000
 16.510000,-176.700000, 49.790000
 13.350000,-177.990000, 52.020000
 8.010000,-180.050000, 53.790000
 3.030000,-184.300000, 54.610000
 1.560000,-190.250000, 54.930000
 1.810000,-197.060000, 54.120000
 3.350000,-206.610000, 53.740000
 3.700000,-218.740000, 54.070000
 1.660000,-230.170000, 55.410000
 0.130000,-240.650000, 55.820000
-1.240000,-247.920000, 54.610000
-4.830000,-250.130000, 51.750000
-7.970000,-250.130000, 48.220000
-8.250000,-245.460000, 42.920000
-4.160000,-240.580000, 35.380000
 0.160000,-235.470000, 25.000000
 1.800000,-229.140000, 13.680000
 3.160000,-223.460000, 6.870000
 7.800000,-215.220000, 13.880000
 9.420000,-202.970000, 31.860000
 8.320000,-188.570000, 46.180000
 10.920000,-173.260000, 48.220000
 16.980000,-161.840000, 41.510000
 18.290000,-161.330000, 34.960000
 8.650000,-170.760000, 37.430000
 3.290000,-187.980000, 46.320000
 6.070000,-204.870000, 53.820000
 6.610000,-214.510000, 55.400000
 4.160000,-216.480000, 52.090000
 0.530000,-214.300000, 45.580000
 0.530000,-210.250000, 38.290000
 5.500000,-204.050000, 31.610000
 13.480000,-198.640000, 29.480000
 19.420000,-195.770000, 32.190000
 21.940000,-195.290000, 37.420000
 21.720000,-195.510000, 41.410000
 19.300000,-194.960000, 41.570000
 16.100000,-190.930000, 37.810000
 10.450000,-184.030000, 31.590000
 2.970000,-173.950000, 24.120000
-5.820000,-162.330000, 18.370000
-12.940000,-152.230000, 14.310000
-16.760000,-144.960000, 9.460000
-13.840000,-138.230000, 4.310000
-7.300000,-130.970000, 2.920000
-2.730000,-123.460000, 7.780000
-4.190000,-118.160000, 16.870000
-7.070000,-110.670000, 27.480000
-13.750000,-98.800000, 36.650000
-13.260000,-86.870000, 41.170000
 0.930000,-82.160000, 37.840000
 20.180000,-79.080000, 28.450000
 33.000000,-78.290000, 16.110000
 28.510000,-75.190000, 8.540000
 20.550000,-71.580000, 6.790000
 11.390000,-66.430000, 8.430000
 8.140000,-60.180000, 7.680000
 9.580000,-55.110000, 5.480000
 9.050000,-49.360000, 4.370000
 7.620000,-39.260000, 4.240000
 3.920000,-27.930000, 4.550000
-0.800000,-15.530000, 4.670000
-4.090000,-4.730000, 4.250000
-5.250000, 2.670000, 3.580000
-5.080000, 6.710000, 1.900000
-4.540000, 7.700000, 0.100000
-4.740000, 7.350000, 0.050000
-5.340000, 7.210000, 2.560000
-6.240000, 8.110000, 6.980000
-7.770000, 9.460000, 10.160000
-7.880000, 11.630000, 9.670000
-7.450000, 14.000000, 5.970000
-6.770000, 16.330000, 0.640000
-5.750000, 18.670000,-4.160000
-5.860000, 21.510000,-6.250000
-6.210000, 24.900000,-6.290000
-6.880000, 29.320000,-5.000000
-7.250000, 34.750000,-3.800000
-5.060000, 39.220000,-3.470000
-2.760000, 43.270000,-2.980000
-1.370000, 45.690000,-2.530000
-0.930000, 46.070000,-3.610000
-3.250000, 43.820000,-5.330000
-5.320000, 39.670000,-8.170000
-5.580000, 33.680000,-9.540000
-4.070000, 27.220000,-8.870000
-2.510000, 22.220000,-7.400000
-1.380000, 19.030000,-5.530000
-2.010000, 17.600000,-3.560000
-3.040000, 16.890000,-2.060000
-3.170000, 17.400000,-1.110000
-2.230000, 17.750000,-1.520000
-1.480000, 18.060000,-2.090000
-1.080000, 18.460000,-2.360000
-1.930000, 18.060000,-2.870000
-3.580000, 17.610000,-3.220000
-4.620000, 17.250000,-3.150000
-4.700000, 17.290000,-2.590000
-4.280000, 17.110000,-1.720000
-4.010000, 15.470000,-2.030000
-3.770000, 13.510000,-2.390000
-2.110000, 11.050000,-2.320000
-0.580000, 8.580000,-0.450000
-0.540000, 4.870000, 1.420000
-0.380000, 1.330000, 3.290000
 0.060000,-1.870000, 4.380000
 0.470000,-5.720000, 4.840000
 1.020000,-9.840000, 4.080000
 1.060000,-13.320000, 3.120000
 1.110000,-15.860000, 2.620000
 1.600000,-17.800000, 2.870000
 2.620000,-20.040000, 2.580000
 5.120000,-22.160000, 1.930000
 8.990000,-24.380000, 0.480000
 12.480000,-29.030000,-1.120000
 17.920000,-37.690000,-3.000000
 23.090000,-49.520000,-4.430000
 28.540000,-64.080000,-4.180000
 32.890000,-80.050000,-1.580000
 38.630000,-95.910000, 2.690000
 45.740000,-108.470000, 8.170000
 48.190000,-116.340000, 14.570000
 45.180000,-120.500000, 21.060000
 40.390000,-122.320000, 26.000000
 32.560000,-122.200000, 28.570000
 21.140000,-121.030000, 28.530000
 16.100000,-120.450000, 25.450000
 16.460000,-121.250000, 23.480000
 16.410000,-123.040000, 24.090000
 14.030000,-124.830000, 26.000000
 10.720000,-126.120000, 28.020000
 7.520000,-128.450000, 30.640000
 2.610000,-131.100000, 35.840000
-1.730000,-132.380000, 42.690000
-3.970000,-132.360000, 48.130000
-5.290000,-133.980000, 50.230000
-5.670000,-137.020000, 50.200000
-6.330000,-141.160000, 49.510000
-6.710000,-145.190000, 48.730000
-6.240000,-149.120000, 47.160000
-5.530000,-153.230000, 44.880000
-3.890000,-156.600000, 40.730000
-2.380000,-158.670000, 34.320000
-3.040000,-158.800000, 27.480000
-7.340000,-157.740000, 23.240000
-13.810000,-153.670000, 22.750000
-19.410000,-149.090000, 23.120000
-21.060000,-145.580000, 20.420000
-17.440000,-142.610000, 14.540000
-7.350000,-142.200000, 7.430000
 8.350000,-141.760000, 4.120000
 23.580000,-140.500000, 7.180000
 27.640000,-139.290000, 13.620000
 14.520000,-143.380000, 23.770000
 2.340000,-153.230000, 34.330000
-5.500000,-166.690000, 45.280000
-5.860000,-182.570000, 53.080000
 2.120000,-195.630000, 54.500000
 10.430000,-204.190000, 50.530000
 11.700000,-208.770000, 46.500000
 11.130000,-209.780000, 43.540000
 14.120000,-208.800000, 40.370000
 21.810000,-208.740000, 38.420000
 26.840000,-209.740000, 39.790000
 29.330000,-211.460000, 43.550000
 28.440000,-214.190000, 47.850000
 26.580000,-217.860000, 50.250000
 24.010000,-220.690000, 48.370000
 20.740000,-220.010000, 43.010000
 20.060000,-217.610000, 34.870000
 20.750000,-212.610000, 28.160000
 20.760000,-207.900000, 25.540000
 20.120000,-204.320000, 25.810000
 19.800000,-203.280000, 27.480000
 20.640000,-205.900000, 28.970000
 25.730000,-213.890000, 29.030000
 36.040000,-222.010000, 30.790000
 48.740000,-231.050000, 36.770000
 56.230000,-241.180000, 48.030000
 58.040000,-247.960000, 55.160000
 50.000000,-242.640000, 55.670000
 45.590000,-227.250000, 50.770000
 48.240000,-206.330000, 48.200000
 46.470000,-185.500000, 51.360000
 42.970000,-172.590000, 56.350000
 29.560000,-172.590000, 58.200000
 12.000000,-182.310000, 58.750000
 4.410000,-199.880000, 59.880000
 4.920000,-222.900000, 62.510000
 5.810000,-239.090000, 66.870000
 4.810000,-242.330000, 71.580000
 2.590000,-235.450000, 73.470000
 2.090000,-225.640000, 70.670000
 4.610000,-213.830000, 64.140000
 10.090000,-202.280000, 59.060000
 13.090000,-194.100000, 58.490000
 13.270000,-191.440000, 60.090000
 9.930000,-192.670000, 59.770000
 5.640000,-197.610000, 58.020000
 1.850000,-206.260000, 55.250000
 2.000000,-217.140000, 52.800000
 2.640000,-227.610000, 52.000000
 1.930000,-234.830000, 51.240000
 1.150000,-240.460000, 48.410000
-1.190000,-244.250000, 44.650000
-2.930000,-243.600000, 41.250000
-5.740000,-238.750000, 38.730000
-4.910000,-231.290000, 36.260000
 0.930000,-223.790000, 35.540000
 8.540000,-214.540000, 38.530000
 17.100000,-209.160000, 42.930000
 23.740000,-208.700000, 44.000000
 29.580000,-211.680000, 34.400000
 32.690000,-218.270000, 18.480000
 29.480000,-224.050000, 14.780000
 14.740000,-224.320000, 31.350000
-5.930000,-221.580000, 53.140000
-9.700000,-218.510000, 62.400000
-2.470000,-212.400000, 60.540000
 5.670000,-209.120000, 55.960000
 11.390000,-210.320000, 50.150000
 17.930000,-212.180000, 44.500000
 22.220000,-214.250000, 41.350000
 21.900000,-217.090000, 39.760000
 19.610000,-218.250000, 38.640000
 15.660000,-217.510000, 37.190000
 11.060000,-215.260000, 37.000000
 7.950000,-213.870000, 36.410000
 7.600000,-211.870000, 35.920000
 7.480000,-210.550000, 34.930000
 8.160000,-208.960000, 31.720000
 8.120000,-206.200000, 26.840000
 7.800000,-202.510000, 21.910000
 7.350000,-195.730000, 18.190000
 4.620000,-184.540000, 15.240000
 2.480000,-169.050000, 12.410000
 0.490000,-151.430000, 8.550000
 1.280000,-132.900000, 3.950000
 3.450000,-113.530000, 1.730000
 5.630000,-98.670000, 5.040000
 7.770000,-85.960000, 15.040000
 5.900000,-74.740000, 24.830000
 4.190000,-68.870000, 29.760000
 14.230000,-70.210000, 28.340000
 26.620000,-73.220000, 26.200000
 34.020000,-72.470000, 25.750000
 33.060000,-71.480000, 25.540000
 21.470000,-70.540000, 26.780000
 8.960000,-67.290000, 27.590000
 2.150000,-63.890000, 24.570000
-0.320000,-60.550000, 16.500000
 0.100000,-55.110000, 7.480000
-0.090000,-43.870000, 1.580000
-1.800000,-29.830000, 0.670000
-4.600000,-16.460000, 3.960000
-6.240000,-5.650000, 8.650000
-5.180000, 2.390000, 12.450000
-0.870000, 7.040000, 12.460000
 3.130000, 8.440000, 8.580000
 4.440000, 8.510000, 3.700000
 1.130000, 9.770000, 1.210000
-4.800000, 13.260000, 1.220000
-9.960000, 18.240000, 2.630000
-13.460000, 24.690000, 3.960000
-14.180000, 30.900000, 4.560000
-12.570000, 35.080000, 4.200000
-10.580000, 37.210000, 3.190000
-9.380000, 39.090000, 1.620000
-9.800000, 39.740000, 1.020000
-10.390000, 41.190000, 2.420000
-11.090000, 43.980000, 4.550000
-8.540000, 47.090000, 4.310000
-4.730000, 49.120000, 1.600000
-1.510000, 49.430000,-2.480000
 2.110000, 48.470000,-7.030000
 3.770000, 44.730000,-10.870000
 2.740000, 39.700000,-11.850000
-0.230000, 35.450000,-10.410000
-0.960000, 31.060000,-8.940000
 0.250000, 27.000000,-8.320000
 1.090000, 24.480000,-7.650000
 1.560000, 23.050000,-5.950000
 1.250000, 22.570000,-4.050000
 1.050000, 21.840000,-3.100000
 1.960000, 21.280000,-3.650000
 2.950000, 21.000000,-4.330000
 3.990000, 19.300000,-5.030000
 3.860000, 17.150000,-4.930000
 2.520000, 15.610000,-4.280000
 0.510000, 14.800000,-3.720000
-1.150000, 14.750000,-3.290000
-2.480000, 15.160000,-3.060000
-3.540000, 14.800000,-2.100000
-4.020000, 12.970000,-1.030000
-3.000000, 11.360000, 0.700000
-2.450000, 8.970000, 2.430000
-2.610000, 5.400000, 3.220000
-3.270000, 0.540000, 3.240000
-2.700000,-4.290000, 3.200000
-1.250000,-8.540000, 3.090000
 1.040000,-12.370000, 2.730000
 3.430000,-16.320000, 2.770000
 4.990000,-19.210000, 3.140000
 6.510000,-21.900000, 3.140000
 8.360000,-24.830000, 3.260000
 11.630000,-28.440000, 3.150000
 14.450000,-32.740000, 2.210000
 17.640000,-40.060000, 1.490000
 21.980000,-49.900000, 1.330000
 27.480000,-61.750000, 0.530000
 34.220000,-76.960000,-2.060000
 39.440000,-92.570000,-4.070000
 43.480000,-105.890000,-2.510000
 43.940000,-114.810000, 3.030000
 42.010000,-119.730000, 11.220000
 37.620000,-120.880000, 19.790000
 31.600000,-119.060000, 25.680000
 24.850000,-117.110000, 28.410000
 15.940000,-115.930000, 29.960000
 6.920000,-115.670000, 30.190000
 2.760000,-117.090000, 28.370000
 2.970000,-118.120000, 28.090000
 2.870000,-118.230000, 29.890000
 1.260000,-118.460000, 32.540000
 0.120000,-117.160000, 35.080000
-1.960000,-116.350000, 37.860000
-4.590000,-118.740000, 40.280000
-6.030000,-123.850000, 43.470000
-5.690000,-130.360000, 47.820000
-3.170000,-138.460000, 53.510000
 0.510000,-147.160000, 58.630000
 4.350000,-156.080000, 60.760000
 7.590000,-164.470000, 58.770000
 9.520000,-171.500000, 53.410000
 8.650000,-176.960000, 47.830000
 4.070000,-180.640000, 43.000000
-3.510000,-184.250000, 38.830000
-12.120000,-186.290000, 36.280000
-18.890000,-187.530000, 35.120000
-23.060000,-188.090000, 35.100000
-24.390000,-187.610000, 33.770000
-18.430000,-183.380000, 29.480000
-2.570000,-176.820000, 23.930000
 16.240000,-167.140000, 20.450000
 24.960000,-157.810000, 20.990000
 21.390000,-150.980000, 29.200000
 7.540000,-152.450000, 41.760000
-5.040000,-163.190000, 53.100000
-6.580000,-182.640000, 57.700000
 0.670000,-201.970000, 56.620000
 5.500000,-213.730000, 53.260000
 7.100000,-218.420000, 48.250000
 8.450000,-219.210000, 42.830000
 11.140000,-215.470000, 38.400000
 15.540000,-210.930000, 35.510000
 20.790000,-207.500000, 33.540000
 23.580000,-206.850000, 32.700000
 22.880000,-209.900000, 34.130000
 19.150000,-214.930000, 37.070000
 14.910000,-218.460000, 41.340000
 11.930000,-219.340000, 43.550000
 11.510000,-219.230000, 41.050000
 11.150000,-218.330000, 35.900000
 9.510000,-215.700000, 30.540000
 6.900000,-215.580000, 27.060000
 5.490000,-218.510000, 24.470000
 6.070000,-225.250000, 23.180000
 7.340000,-232.880000, 23.300000
 10.800000,-237.670000, 26.350000
 15.850000,-240.080000, 31.410000
 19.530000,-245.830000, 39.420000
 20.970000,-250.130000, 47.510000
 22.780000,-248.760000, 51.480000
 25.620000,-238.610000, 51.640000
 39.330000,-226.460000, 50.990000
 52.900000,-213.740000, 52.020000
 62.900000,-201.420000, 53.090000
 65.360000,-194.480000, 51.900000
 55.600000,-190.430000, 51.360000
 40.750000,-188.930000, 53.160000
 31.370000,-190.940000, 53.950000
 23.180000,-191.850000, 52.330000
 13.360000,-187.190000, 48.600000
 3.450000,-179.680000, 44.250000
-2.310000,-170.330000, 40.550000
-1.160000,-160.190000, 39.410000
 2.030000,-150.490000, 40.340000
 5.310000,-143.020000, 41.700000
 7.930000,-139.820000, 42.810000
 8.800000,-138.930000, 45.380000
 5.960000,-138.020000, 50.630000
 1.220000,-139.050000, 56.290000
-3.270000,-141.110000, 58.900000
-4.340000,-145.260000, 59.120000
-5.130000,-152.070000, 58.050000
-6.540000,-161.860000, 56.510000
-7.050000,-174.490000, 55.170000
-5.420000,-190.980000, 54.290000
-6.030000,-201.200000, 54.830000
-11.540000,-207.040000, 53.760000
-17.090000,-210.090000, 49.030000
-22.820000,-209.680000, 39.690000
-22.870000,-213.130000, 25.120000
-18.090000,-215.190000, 7.690000
-12.870000,-215.160000,-10.830000
-6.350000,-211.670000,-29.340000
 4.360000,-202.220000,-35.900000
 3.480000,-192.870000,-18.380000
-19.250000,-180.180000, 12.180000
-33.940000,-169.400000, 33.350000
-22.930000,-159.220000, 43.930000
-8.300000,-153.330000, 52.640000
 6.850000,-159.350000, 58.250000
 18.400000,-170.900000, 60.140000
 20.410000,-183.310000, 57.450000
 16.970000,-195.190000, 48.580000
 9.540000,-201.780000, 37.830000
 1.640000,-202.380000, 29.080000
-2.090000,-201.790000, 23.860000
-3.670000,-198.620000, 23.930000
-0.190000,-195.870000, 27.180000
 5.900000,-195.760000, 30.290000
 14.800000,-194.980000, 30.970000
 21.770000,-193.050000, 29.930000
 25.890000,-192.560000, 27.590000
 26.580000,-193.350000, 23.180000
 24.910000,-196.310000, 15.740000
 24.630000,-195.980000, 7.720000
 26.740000,-191.790000, 2.570000
 27.030000,-183.740000, 3.780000
 22.920000,-174.230000, 10.200000
 16.940000,-168.330000, 16.640000
 13.840000,-166.980000, 22.030000
 4.060000,-163.600000, 26.930000
-2.200000,-159.120000, 30.860000
 7.960000,-147.550000, 29.580000
 25.200000,-129.460000, 24.330000
 34.440000,-109.440000, 17.360000
 35.930000,-95.700000, 12.000000
 32.020000,-83.870000, 12.740000
 24.540000,-71.800000, 17.680000
 19.640000,-63.890000, 19.100000
 15.960000,-62.260000, 13.350000
 12.640000,-64.990000, 2.900000
 8.290000,-68.540000,-5.640000
 3.250000,-69.320000,-6.120000
 1.380000,-63.540000,-0.960000
 3.180000,-53.700000, 3.380000
 6.220000,-42.450000, 4.280000
 8.480000,-32.200000, 1.810000
 11.870000,-22.190000,-1.440000
 13.610000,-11.940000,-2.710000
 13.070000,-3.550000,-1.320000
 8.240000, 4.110000, 1.840000
 0.030000, 11.090000, 5.690000
-6.950000, 16.030000, 9.290000
-11.090000, 17.660000, 11.040000
-12.190000, 17.490000, 10.360000
-10.260000, 14.610000, 8.110000
-7.880000, 9.890000, 5.670000
-6.400000, 5.190000, 5.360000
-7.250000, 3.060000, 8.930000
-8.570000, 2.710000, 13.500000
-10.920000, 2.950000, 15.420000
-13.750000, 2.670000, 14.410000
-14.110000, 0.480000, 11.770000
-10.270000,-1.610000, 9.590000
-3.090000,-2.610000, 10.070000
 3.030000,-3.490000, 10.810000
 4.810000,-2.160000, 9.360000
 6.110000,-1.160000, 6.030000
 7.380000, 3.590000, 3.320000
 6.140000, 9.670000, 3.370000
 3.930000, 15.740000, 5.010000
 0.400000, 21.310000, 5.450000
-2.560000, 24.320000, 2.800000
-4.350000, 24.320000,-1.830000
-3.900000, 21.700000,-6.600000
-2.400000, 17.750000,-8.780000
-1.060000, 13.930000,-7.120000
-0.300000, 10.990000,-2.350000
-1.980000, 8.830000, 2.650000
-6.080000, 7.740000, 5.540000
-8.810000, 6.840000, 5.930000
-11.050000, 4.900000, 5.930000
-10.880000, 3.300000, 5.700000
-9.050000, 1.970000, 5.160000
-6.260000, 0.020000, 3.140000
-3.000000,-1.850000, 0.700000
-0.120000,-4.120000,-1.320000
 0.830000,-6.630000,-2.570000
 0.440000,-9.410000,-2.610000
-0.560000,-12.040000,-2.140000
-1.870000,-14.510000,-0.930000
-3.540000,-16.010000, 0.580000
-3.820000,-17.120000, 2.010000
-3.790000,-17.620000, 1.450000
-4.160000,-17.970000, 0.090000
-4.090000,-18.150000,-0.900000
-3.140000,-19.610000,-1.650000
-1.740000,-21.600000,-1.590000
 0.220000,-24.230000,-0.180000
 3.700000,-28.130000, 1.830000
 6.510000,-34.410000, 3.180000
 9.080000,-40.350000, 3.630000
 11.290000,-48.090000, 1.540000
 13.450000,-57.380000,-3.880000
 16.580000,-67.720000,-11.170000
 20.540000,-80.610000,-17.450000
 25.190000,-92.960000,-20.870000
 32.220000,-105.020000,-19.830000
 39.620000,-115.000000,-13.480000
 44.740000,-121.900000,-2.290000
 48.120000,-126.170000, 9.960000
 48.100000,-128.160000, 21.000000
 42.510000,-127.450000, 28.800000
 34.350000,-125.770000, 33.130000
 24.670000,-125.860000, 35.330000
 13.960000,-127.180000, 37.220000
 8.450000,-131.270000, 39.000000
 7.090000,-137.690000, 42.140000
 6.160000,-144.580000, 45.280000
 5.940000,-149.740000, 48.030000
 7.010000,-152.440000, 48.640000
 6.700000,-152.980000, 48.160000
 3.780000,-150.730000, 48.630000
-0.860000,-147.160000, 49.750000
-5.510000,-143.660000, 51.550000
-7.490000,-141.140000, 53.200000
-8.560000,-140.980000, 53.000000
-11.790000,-141.670000, 51.530000
-19.230000,-142.940000, 49.440000
-25.140000,-143.660000, 47.730000
-28.720000,-143.130000, 43.160000
-30.730000,-143.860000, 34.870000
-32.150000,-146.440000, 23.780000
-32.060000,-151.640000, 12.410000
-25.570000,-156.680000, 5.290000
-13.440000,-157.380000, 6.010000
-3.160000,-154.190000, 13.790000
 3.220000,-150.730000, 21.800000
 8.000000,-151.390000, 24.900000
 10.400000,-153.580000, 24.250000
 5.520000,-160.060000, 23.690000
-0.400000,-168.860000, 28.450000
-1.310000,-178.960000, 37.000000
 2.660000,-186.460000, 43.400000
 8.670000,-191.100000, 43.620000
 11.680000,-191.580000, 38.230000
 13.090000,-190.080000, 31.550000
 12.300000,-189.220000, 27.060000
 12.510000,-188.090000, 26.210000
 14.180000,-188.560000, 27.700000
 16.960000,-190.520000, 30.690000
 18.250000,-192.750000, 33.970000
 17.870000,-195.320000, 36.180000
 17.460000,-199.180000, 35.130000
 18.970000,-202.910000, 30.550000
 22.640000,-205.580000, 24.130000
 28.190000,-207.120000, 19.670000
 34.260000,-205.440000, 19.220000
 38.260000,-202.830000, 19.930000
 41.590000,-198.990000, 19.830000
 44.160000,-195.640000, 17.640000
 48.210000,-198.600000, 16.380000
 47.610000,-207.680000, 20.370000
 39.700000,-215.150000, 35.010000
 30.040000,-214.600000, 56.060000
 29.220000,-207.640000, 68.000000
 42.400000,-206.670000, 62.610000
 59.190000,-209.360000, 48.350000
 63.260000,-207.100000, 38.660000
 57.450000,-204.010000, 36.160000
 42.450000,-205.180000, 40.390000
 24.200000,-208.700000, 44.960000
 13.860000,-211.920000, 43.290000
 11.780000,-212.350000, 35.380000
 9.590000,-209.090000, 28.290000
 5.960000,-201.380000, 27.210000
 3.690000,-187.700000, 30.390000
 6.700000,-171.770000, 32.820000
 12.710000,-157.640000, 32.720000
 18.450000,-147.380000, 31.440000
 20.620000,-140.300000, 29.580000
 17.680000,-136.540000, 28.180000
 10.460000,-136.830000, 27.000000
 4.510000,-139.670000, 26.500000
 2.950000,-145.190000, 31.220000
 6.860000,-154.120000, 40.770000
 14.160000,-165.940000, 50.900000
 21.350000,-179.200000, 56.050000
 20.960000,-194.290000, 55.800000
 11.150000,-205.100000, 54.060000
-0.410000,-211.220000, 52.250000
-10.900000,-213.620000, 47.990000
-17.830000,-215.330000, 39.800000
-20.000000,-214.380000, 29.960000
-15.710000,-213.120000, 22.540000
-12.570000,-214.020000, 16.660000
-16.560000,-216.030000, 11.790000
-7.660000,-217.420000, 9.740000
 8.110000,-212.580000, 15.310000
 10.480000,-202.780000, 24.830000
 4.520000,-189.870000, 28.860000
 2.780000,-177.010000, 28.360000
 1.060000,-170.180000, 30.490000
-0.700000,-170.720000, 37.340000
-1.450000,-178.030000, 44.010000
 1.120000,-190.730000, 46.120000
 8.250000,-201.640000, 43.120000
 12.510000,-205.380000, 38.490000
 15.280000,-204.580000, 34.460000
 17.290000,-201.370000, 30.420000
 17.930000,-197.250000, 28.130000
 17.380000,-194.080000, 28.920000
 18.310000,-191.810000, 32.250000
 20.120000,-190.840000, 36.110000
 19.320000,-191.620000, 37.970000
 20.450000,-192.240000, 36.220000
 23.520000,-193.570000, 32.610000
 23.920000,-191.880000, 28.630000
 22.350000,-186.910000, 24.080000
 19.930000,-181.080000, 18.460000
 17.740000,-175.700000, 12.700000
 16.030000,-173.160000, 8.160000
 13.960000,-172.190000, 4.370000
 11.750000,-169.870000, 2.350000
 13.350000,-166.170000, 3.910000
 18.270000,-160.720000, 8.670000
 23.190000,-154.520000, 16.830000
 22.430000,-141.800000, 28.560000
 17.540000,-123.870000, 38.290000
 16.470000,-105.190000, 36.120000
 23.330000,-88.870000, 23.010000
 33.320000,-78.940000, 9.190000
 36.030000,-74.730000, 3.840000
 31.820000,-71.740000, 9.110000
 26.540000,-70.630000, 20.480000
 24.220000,-71.950000, 28.170000
 22.790000,-74.620000, 25.940000
 22.800000,-76.760000, 16.060000
 19.900000,-77.480000, 5.780000
 13.770000,-71.650000,-0.740000
 7.830000,-61.910000,-3.510000
 1.840000,-49.420000,-3.380000
-1.970000,-36.160000,-1.590000
-2.270000,-24.730000, 1.410000
-0.060000,-15.640000, 3.290000
 2.950000,-10.350000, 2.130000
 4.060000,-7.570000,-0.890000
 3.930000,-5.950000,-1.910000
 4.050000,-4.340000,-0.040000
 3.140000,-1.910000, 4.220000
 1.840000,-0.360000, 8.500000
-1.220000, 0.570000, 10.700000
-3.640000, 0.960000, 10.370000
-5.300000,-0.060000, 7.820000
-4.630000,-1.280000, 5.940000
-2.840000,-3.300000, 6.350000
-1.600000,-3.040000, 8.300000
-1.060000,-0.770000, 10.870000
-2.610000, 1.880000, 12.440000
-4.420000, 4.310000, 13.550000
-6.080000, 7.320000, 12.280000
-5.350000, 9.740000, 8.560000
-5.200000, 8.880000, 4.740000
-5.220000, 6.640000, 4.150000
-5.480000, 4.800000, 5.270000
-4.500000, 0.960000, 4.320000
-3.840000,-1.920000, 0.590000
-5.030000,-2.740000,-3.160000
-6.030000,-2.310000,-5.000000
-7.050000, 1.110000,-4.870000
-7.780000, 3.460000,-3.670000
-6.030000, 6.940000,-1.730000
-3.960000, 9.650000, 0.390000
-0.860000, 10.480000, 1.920000
 3.590000, 9.900000, 1.620000
 6.700000, 8.420000, 0.830000
 7.610000, 6.650000,-0.290000
 6.160000, 4.830000,-0.870000
 3.060000, 3.080000,-0.800000
-0.410000, 1.760000,-0.940000
-3.770000, 0.890000,-2.090000
-6.280000, 0.870000,-4.120000
-6.820000, 1.320000,-6.540000
-5.620000, 2.220000,-8.030000
-3.900000, 3.610000,-7.360000
-2.670000, 5.370000,-5.220000
-2.960000, 7.210000,-3.120000
-4.050000, 8.220000,-2.640000
-5.060000, 8.360000,-2.760000
-6.080000, 7.380000,-2.460000
-5.700000, 5.220000,-1.220000
-3.860000, 3.160000, 0.660000
-1.320000, 0.000000, 2.600000
 2.160000,-3.970000, 4.800000
 6.160000,-8.540000, 5.000000
 10.440000,-13.170000, 3.490000
 14.280000,-17.210000, 0.320000
 17.980000,-22.000000,-3.240000
 20.470000,-28.490000,-6.530000
 23.640000,-36.800000,-9.920000
 28.970000,-47.330000,-12.370000
 34.120000,-59.790000,-11.990000
 37.640000,-73.260000,-8.350000
 42.040000,-84.580000,-1.010000
 46.070000,-92.030000, 9.060000
 47.760000,-95.700000, 19.580000
 45.750000,-97.800000, 28.410000
 38.580000,-98.340000, 34.520000
 27.410000,-98.660000, 37.450000
 18.460000,-100.190000, 38.040000
 8.750000,-102.510000, 39.430000
 3.630000,-105.690000, 41.530000
 4.270000,-110.120000, 43.880000
 6.160000,-114.480000, 46.060000
 8.330000,-117.900000, 47.040000
 8.340000,-122.350000, 47.250000
 4.800000,-126.370000, 47.770000
-0.190000,-128.680000, 49.870000
-4.960000,-132.110000, 53.170000
-8.560000,-136.580000, 57.440000
-9.830000,-141.000000, 60.960000
-11.050000,-146.060000, 61.450000
-12.060000,-150.250000, 58.700000
-13.840000,-154.310000, 52.410000
-16.610000,-156.530000, 45.520000
-22.860000,-157.190000, 41.500000
-30.060000,-156.760000, 40.180000
-33.970000,-154.960000, 40.400000
-34.800000,-154.050000, 38.250000
-31.370000,-155.430000, 28.320000
-18.030000,-159.930000, 11.770000
 5.060000,-164.320000,-0.690000
 19.610000,-165.190000, 5.250000
 17.600000,-162.860000, 24.090000
 5.970000,-162.140000, 41.370000
-7.230000,-163.830000, 53.390000
-19.250000,-166.460000, 61.070000
-19.660000,-171.200000, 61.550000
-10.060000,-177.230000, 55.170000
 4.800000,-181.730000, 46.590000
 12.620000,-184.640000, 39.340000
 14.560000,-185.510000, 35.270000
 13.380000,-184.030000, 32.250000
 13.450000,-180.670000, 29.800000
 15.270000,-180.440000, 27.730000
 16.810000,-182.960000, 28.470000
 15.870000,-186.770000, 33.060000
 14.490000,-190.850000, 39.590000
 13.580000,-196.030000, 45.220000
 13.210000,-202.410000, 47.120000
 13.160000,-208.440000, 44.260000
 13.980000,-212.760000, 38.980000
 13.830000,-215.960000, 35.030000
 10.260000,-219.320000, 33.290000
 6.410000,-221.170000, 31.510000
 6.530000,-223.260000, 27.870000
 10.380000,-225.550000, 25.690000
 15.250000,-227.760000, 28.030000
 22.610000,-234.810000, 32.620000
 30.610000,-248.430000, 37.250000
 32.290000,-250.130000, 41.730000
 28.250000,-250.130000, 47.390000
 31.400000,-245.980000, 52.370000
 41.830000,-227.160000, 51.380000
 55.760000,-205.130000, 44.390000
 66.120000,-185.610000, 33.120000
 61.090000,-173.570000, 25.230000
 39.150000,-166.180000, 26.040000
 17.220000,-163.880000, 31.940000
 5.480000,-168.230000, 34.770000
-0.530000,-173.580000, 33.740000
-2.670000,-177.210000, 30.110000
-1.320000,-175.520000, 27.850000
 2.810000,-167.830000, 30.140000
 10.680000,-156.960000, 34.870000
 20.430000,-146.380000, 40.000000
 26.040000,-138.990000, 44.270000
 25.190000,-135.710000, 47.560000
 14.790000,-137.500000, 49.880000
 0.380000,-144.960000, 50.930000
-11.500000,-155.250000, 51.380000
-17.200000,-167.510000, 51.410000
-15.740000,-180.930000, 53.620000
-9.270000,-193.480000, 57.410000
-1.620000,-204.760000, 61.150000
 4.100000,-212.190000, 62.540000
 7.330000,-216.180000, 60.800000
 7.830000,-217.430000, 58.170000
 7.510000,-218.190000, 55.670000
 2.710000,-218.060000, 52.570000
-5.250000,-218.020000, 48.750000
-12.870000,-218.030000, 43.510000
-19.040000,-222.280000, 41.020000
-24.120000,-226.010000, 40.890000
-26.740000,-229.850000, 33.790000
-24.740000,-238.480000, 13.670000
-9.040000,-244.520000,-6.390000
 10.160000,-240.800000,-4.080000
 17.970000,-226.440000, 16.760000
 10.450000,-204.820000, 38.650000
-0.090000,-188.190000, 50.010000
-7.780000,-182.300000, 50.650000
-4.440000,-187.810000, 46.260000
 3.970000,-200.220000, 44.140000
 9.040000,-213.060000, 43.250000
 9.730000,-221.090000, 40.320000
 5.600000,-222.450000, 35.350000
 1.160000,-218.670000, 31.830000
 0.640000,-211.980000, 29.390000
 4.060000,-205.070000, 27.470000
 7.760000,-200.700000, 27.290000
 10.680000,-199.350000, 29.430000
 12.220000,-198.370000, 33.640000
 14.350000,-197.990000, 36.450000
 17.030000,-198.090000, 35.290000
 18.050000,-198.080000, 31.030000
 14.880000,-196.860000, 26.130000
 6.380000,-194.680000, 20.100000
-2.670000,-192.480000, 13.220000
-8.190000,-186.350000, 6.740000
-7.290000,-175.280000, 0.780000
-0.720000,-161.220000,-3.160000
 6.860000,-145.080000,-1.340000
 10.930000,-130.040000, 7.890000
 7.220000,-121.760000, 18.770000
 0.000000,-112.400000, 27.350000
-8.480000,-102.290000, 30.540000
 0.640000,-99.660000, 29.070000
 19.430000,-102.790000, 26.620000
 35.610000,-101.140000, 23.400000
 45.760000,-93.980000, 15.950000
 41.490000,-89.520000, 9.320000
 27.860000,-84.490000, 7.370000
 19.350000,-80.920000, 8.060000
 18.810000,-79.190000, 10.470000
 20.650000,-74.970000, 13.120000
 19.120000,-64.780000, 14.390000
 15.200000,-51.320000, 12.810000
 9.520000,-38.310000, 7.640000
 4.130000,-28.470000, 0.450000
 0.740000,-22.700000,-4.760000
 0.620000,-19.920000,-6.220000
 0.720000,-20.210000,-5.090000
 0.790000,-21.130000,-3.350000
 2.010000,-20.540000,-1.210000
 3.190000,-18.090000, 0.510000
 4.440000,-13.110000, 0.740000
 3.960000,-6.430000,-0.930000
 2.330000,-0.650000,-3.000000
-0.820000, 3.980000,-2.790000
-3.430000, 6.750000,-1.700000
-5.740000, 7.420000, 0.000000
-7.640000, 7.290000, 2.380000
-7.760000, 7.520000, 5.410000
-7.290000, 6.120000, 8.480000
-6.820000, 5.650000, 9.540000
-4.770000, 4.250000, 6.960000
-0.940000, 0.690000, 1.560000
 3.800000,-0.670000,-4.870000
 7.160000,-0.900000,-9.580000
 8.760000, 0.160000,-10.410000
 6.850000, 3.000000,-8.900000
 2.110000, 8.350000,-6.280000
-0.480000, 14.830000,-4.160000
-0.340000, 20.220000,-2.700000
 0.470000, 23.340000,-2.280000
 0.740000, 24.360000,-2.980000
-0.610000, 23.530000,-4.460000
-1.430000, 21.480000,-5.130000
-1.710000, 18.880000,-4.830000
-0.700000, 16.060000,-4.330000
 1.370000, 13.030000,-2.870000
 3.080000, 10.340000,-1.240000
 3.250000, 8.320000,-0.030000
 2.160000, 6.100000,-0.290000
 0.300000, 4.180000,-0.740000
 0.360000, 2.770000,-0.910000
 0.980000, 1.960000,-0.720000
 0.560000, 0.960000, 0.060000
-1.740000, 0.470000, 0.450000
-4.590000, 0.220000, 0.700000
-6.990000, 0.810000, 1.010000
-8.250000, 1.030000, 0.720000
-8.690000, 0.690000, 0.330000
-7.750000, 0.160000, 0.520000
-6.390000,-2.190000, 1.160000
-4.470000,-5.870000, 1.900000
-1.590000,-9.820000, 3.110000
 3.930000,-14.140000, 4.610000
 12.560000,-19.920000, 5.350000
 19.330000,-24.470000, 5.910000
 25.450000,-28.160000, 7.510000
 29.580000,-32.900000, 7.960000
 30.000000,-39.300000, 5.430000
 27.940000,-47.120000, 0.350000
 27.410000,-59.520000,-4.800000
 30.620000,-74.540000,-7.880000
 38.160000,-91.460000,-6.950000
 46.350000,-108.120000,-3.990000
 51.430000,-121.000000, 0.520000
 51.410000,-127.430000, 5.830000
 46.770000,-129.120000, 11.410000
 39.220000,-127.340000, 18.740000
 29.960000,-122.070000, 26.790000
 22.420000,-117.700000, 34.950000
 15.840000,-118.120000, 41.380000
 11.710000,-123.180000, 44.140000
 9.530000,-128.820000, 42.980000
 9.900000,-131.410000, 39.990000
 10.340000,-129.770000, 39.450000
 8.450000,-125.140000, 42.060000
 5.330000,-118.230000, 44.450000
 2.740000,-112.030000, 44.630000
 1.830000,-108.900000, 43.970000
 2.170000,-107.940000, 44.260000
 3.120000,-109.640000, 46.440000
 3.510000,-113.350000, 49.030000
 2.590000,-118.230000, 50.830000
 0.560000,-125.900000, 51.380000
-2.030000,-135.300000, 51.400000
-3.900000,-144.690000, 50.820000
-4.800000,-153.270000, 50.990000
-6.750000,-160.120000, 52.040000
-8.340000,-166.220000, 53.550000
-9.220000,-169.870000, 54.050000
-13.170000,-172.930000, 52.340000
-18.240000,-174.580000, 49.930000
-22.520000,-175.930000, 48.880000
-22.960000,-172.200000, 43.440000
-18.430000,-175.010000, 26.370000
-7.400000,-179.770000, 2.620000
 10.940000,-179.510000,-9.620000
 15.420000,-169.630000, 0.490000
 3.290000,-159.340000, 21.250000
-9.660000,-153.510000, 38.410000
-13.180000,-151.280000, 46.610000
-7.740000,-155.320000, 48.130000
 1.940000,-165.760000, 48.900000
 10.820000,-175.530000, 48.950000
 13.960000,-182.660000, 47.220000
 12.090000,-186.220000, 42.900000
 6.730000,-186.740000, 38.800000
 1.960000,-186.930000, 35.960000
 1.120000,-186.760000, 34.450000
 3.820000,-185.320000, 35.270000
 8.100000,-183.890000, 38.120000
 12.640000,-182.970000, 41.280000
 17.920000,-182.620000, 42.230000
 22.990000,-183.050000, 40.290000
 26.390000,-184.170000, 36.400000
 29.290000,-185.410000, 32.320000
 29.000000,-186.320000, 29.670000
 25.410000,-185.250000, 29.810000
 18.570000,-182.150000, 30.210000
 11.820000,-179.230000, 28.080000
 7.820000,-177.660000, 23.500000
 8.120000,-176.480000, 19.440000
 13.640000,-176.870000, 19.480000
 22.350000,-181.070000, 22.690000
 31.420000,-189.320000, 28.340000
 35.140000,-198.460000, 34.950000
 34.590000,-200.930000, 42.190000
 33.210000,-198.480000, 44.870000
 37.750000,-194.420000, 43.250000
 45.620000,-189.540000, 39.210000
 55.620000,-183.900000, 35.560000
 61.630000,-178.820000, 33.190000
 58.170000,-175.920000, 32.510000
 40.750000,-174.380000, 38.060000
 21.700000,-174.740000, 47.750000
 10.840000,-178.180000, 53.620000
 9.820000,-182.730000, 51.780000
 11.650000,-186.890000, 44.600000
 10.560000,-186.970000, 39.900000
 8.270000,-181.790000, 40.130000
 8.410000,-173.120000, 44.000000
 9.510000,-165.170000, 48.900000
 10.880000,-159.680000, 52.750000
 13.160000,-157.970000, 53.770000
 13.500000,-160.060000, 52.740000
 10.530000,-163.390000, 51.120000
 10.990000,-167.010000, 48.440000
 10.880000,-170.530000, 47.310000
 8.930000,-173.910000, 48.590000
 8.380000,-180.300000, 51.310000
 9.690000,-189.090000, 52.730000
 11.250000,-198.050000, 52.330000
 11.440000,-207.100000, 51.410000
 8.640000,-214.830000, 50.930000
 4.800000,-220.750000, 51.840000
 0.850000,-223.310000, 53.830000
-0.320000,-223.580000, 55.430000
-2.790000,-221.200000, 56.450000
-6.060000,-215.870000, 54.910000
-10.030000,-210.880000, 49.650000
-11.610000,-206.940000, 41.480000
-12.670000,-203.350000, 31.490000
-15.490000,-207.470000, 20.400000
-13.630000,-218.540000, 11.120000
-3.900000,-225.760000, 10.610000
 7.960000,-225.740000, 21.460000
 15.090000,-221.190000, 35.160000
 18.370000,-212.640000, 42.130000
 20.480000,-202.870000, 39.810000
 20.710000,-195.820000, 32.730000
 17.900000,-191.430000, 29.350000
 12.600000,-188.300000, 34.740000
 10.370000,-184.120000, 45.130000
 10.660000,-179.030000, 52.680000
 9.000000,-175.320000, 52.840000
 6.300000,-172.810000, 47.500000
 2.960000,-171.840000, 41.450000
 2.870000,-171.540000, 38.450000
 4.250000,-170.640000, 39.070000
 5.320000,-169.770000, 41.080000
 5.980000,-167.240000, 41.610000
 6.990000,-162.970000, 40.210000
 8.640000,-158.080000, 36.190000
 11.220000,-152.600000, 31.270000
 12.590000,-146.470000, 26.220000
 10.900000,-140.580000, 22.240000
 5.870000,-134.800000, 17.930000
 0.510000,-128.720000, 11.830000
-3.870000,-118.200000, 3.470000
-4.470000,-108.250000,-4.350000
-1.320000,-98.700000,-4.930000
-2.760000,-89.660000, 3.120000
-4.580000,-76.670000, 18.390000
-12.350000,-58.310000, 35.190000
-11.170000,-41.650000, 45.060000
 2.700000,-32.450000, 39.370000
 16.640000,-31.850000, 25.070000
 24.570000,-38.510000, 13.120000
 25.620000,-48.460000, 10.290000
 23.320000,-58.990000, 14.760000
 22.810000,-66.580000, 19.900000
 24.940000,-70.350000, 18.320000
 28.430000,-72.060000, 9.170000
 29.470000,-72.220000,-2.780000
 20.740000,-65.290000,-8.650000
 8.320000,-51.020000,-7.540000
-0.570000,-34.030000,-4.250000
-1.640000,-21.170000,-1.380000
 2.760000,-13.070000, 2.450000
 6.190000,-11.340000, 5.410000
 7.710000,-14.020000, 4.860000
 6.650000,-18.010000, 2.030000
 1.360000,-18.960000,-0.350000
-4.870000,-15.930000,-1.290000
-8.790000,-10.790000,-1.660000
-11.910000,-5.040000,-3.450000
-13.870000, 0.720000,-6.210000
-16.010000, 6.080000,-7.260000
-15.930000, 10.130000,-5.800000
-13.640000, 12.010000,-3.290000
-10.060000, 11.730000,-1.020000
-7.340000, 10.650000, 1.230000
-5.800000, 8.980000, 3.250000
-6.050000, 7.980000, 3.210000
-6.560000, 8.940000, 0.210000
-7.680000, 10.690000,-4.730000
-6.610000, 13.250000,-7.600000
-4.860000, 16.120000,-6.790000
-4.460000, 17.900000,-3.290000
-3.750000, 18.500000,-0.220000
-1.930000, 16.770000, 0.610000
-1.100000, 13.870000, 0.610000
-1.080000, 11.180000, 0.700000
-0.510000, 8.010000, 0.290000
-0.490000, 5.830000,-0.600000
-0.490000, 4.100000,-1.060000
-1.290000, 3.290000,-0.150000
-2.220000, 3.290000, 0.710000
-2.380000, 3.970000, 1.530000
-1.860000, 5.020000, 2.000000
-1.910000, 5.160000, 1.950000
-2.950000, 4.740000, 0.960000
-3.430000, 3.960000, 0.190000
-3.800000, 2.790000, 0.250000
-3.520000, 1.620000, 0.640000
-2.090000, 1.060000, 1.070000
-0.580000, 0.910000, 1.030000
 1.220000, 0.130000, 0.580000
 2.910000,-0.620000, 0.370000
 4.590000,-3.080000, 0.410000
 5.760000,-6.080000, 2.690000
 6.420000,-10.120000, 4.720000
 7.690000,-15.440000, 4.940000
 11.770000,-19.770000, 3.910000
 17.850000,-25.170000, 0.500000
 27.380000,-33.320000,-5.960000
 37.460000,-41.510000,-12.460000
 42.730000,-48.890000,-14.870000
 43.220000,-55.970000,-13.310000
 39.940000,-62.970000,-9.710000
 34.770000,-67.700000,-4.060000
 29.670000,-68.730000, 1.580000
 25.410000,-67.800000, 5.610000
 22.160000,-65.640000, 8.350000
 20.830000,-63.740000, 11.150000
 21.220000,-63.050000, 13.120000
 21.480000,-63.420000, 15.190000
 21.820000,-63.550000, 15.910000
 20.710000,-64.020000, 14.950000
 15.480000,-65.030000, 13.160000
 9.300000,-66.700000, 12.680000
 3.380000,-68.800000, 14.510000
-1.280000,-70.770000, 18.830000
-4.030000,-75.150000, 24.060000
-5.610000,-80.620000, 29.860000
-6.090000,-86.650000, 35.960000
-5.480000,-93.870000, 41.550000
-3.640000,-101.720000, 47.720000
-1.380000,-110.630000, 53.000000
 1.040000,-120.440000, 56.960000
 2.760000,-130.500000, 59.450000
 3.190000,-140.610000, 60.270000
 3.830000,-150.580000, 59.450000
 3.410000,-160.660000, 58.340000
 1.500000,-169.040000, 58.480000
-2.740000,-174.800000, 59.040000
-9.320000,-178.730000, 57.330000
-15.990000,-179.280000, 52.180000
-21.160000,-178.090000, 45.030000
-24.990000,-176.640000, 37.780000
-26.450000,-173.510000, 33.200000
-23.090000,-168.830000, 31.180000
-15.550000,-162.770000, 30.450000
-5.600000,-155.840000, 28.170000
 1.390000,-151.220000, 23.950000
 4.750000,-149.920000, 19.750000
 4.930000,-152.300000, 22.700000
-2.180000,-159.740000, 34.080000
-7.020000,-169.270000, 46.860000
-1.190000,-177.790000, 53.960000
 8.090000,-184.970000, 56.570000
 13.590000,-188.810000, 57.250000
 15.040000,-189.990000, 56.220000
 14.120000,-189.610000, 53.200000
 13.520000,-189.040000, 49.680000
 14.840000,-188.520000, 47.350000
 14.360000,-191.910000, 46.480000
 14.530000,-197.970000, 45.030000
 13.900000,-203.120000, 44.720000
 13.030000,-209.400000, 45.550000
 12.120000,-215.540000, 47.340000
 11.740000,-220.520000, 48.410000
 12.400000,-223.000000, 47.080000
 12.170000,-224.080000, 43.380000
 10.220000,-224.800000, 37.430000
 7.040000,-225.380000, 31.650000
 4.500000,-227.050000, 28.710000
 3.610000,-229.440000, 28.860000
 8.580000,-234.120000, 28.730000
 19.030000,-241.720000, 29.040000
 28.750000,-250.130000, 31.960000
 31.550000,-250.130000, 39.220000
 34.500000,-250.130000, 48.530000
 44.960000,-239.540000, 52.210000
 57.550000,-220.600000, 48.790000
 68.120000,-201.350000, 39.290000
 70.320000,-183.570000, 31.030000
 57.900000,-169.820000, 28.840000
 33.850000,-159.850000, 33.450000
 13.000000,-157.460000, 38.580000
 5.360000,-163.220000, 38.940000
 3.540000,-169.660000, 36.710000
 3.560000,-171.980000, 38.090000
 7.350000,-168.030000, 44.370000
 12.450000,-161.660000, 51.940000
 17.250000,-155.640000, 57.410000
 21.050000,-152.320000, 56.830000
 19.700000,-151.000000, 51.740000
 11.120000,-151.540000, 47.290000
 1.760000,-154.450000, 45.870000
-4.030000,-157.510000, 48.540000
-7.200000,-159.820000, 54.700000
-5.220000,-162.420000, 60.610000
 0.510000,-166.410000, 63.930000
 4.800000,-172.750000, 64.110000
 10.410000,-182.400000, 61.740000
 17.400000,-190.930000, 60.400000
 20.420000,-198.790000, 61.890000
 17.060000,-204.850000, 66.160000
 12.180000,-209.510000, 70.630000
 4.700000,-214.570000, 70.080000
-2.200000,-219.930000, 62.420000
-4.740000,-226.390000, 50.410000
-9.890000,-231.670000, 40.910000
-12.830000,-233.640000, 38.760000
-14.570000,-234.090000, 41.940000
-17.410000,-234.530000, 44.680000
-20.000000,-230.770000, 42.320000
-23.240000,-224.940000, 36.050000
-19.500000,-221.580000, 28.120000
-11.900000,-216.930000, 23.480000
-0.610000,-210.070000, 23.920000
 10.890000,-203.350000, 27.160000
 12.030000,-196.770000, 34.050000
-8.540000,-191.900000, 44.350000
-34.220000,-191.460000, 51.150000
-49.260000,-200.440000, 48.390000
-43.570000,-216.270000, 36.670000
-21.350000,-226.290000, 28.250000
 1.950000,-227.790000, 29.870000
 14.150000,-222.310000, 39.560000
 15.510000,-213.200000, 51.380000
 12.290000,-202.550000, 59.290000
 9.080000,-193.560000, 58.660000
 9.060000,-189.660000, 50.410000
 12.510000,-189.000000, 40.270000
 12.180000,-188.160000, 32.290000
 10.020000,-184.800000, 25.390000
 7.180000,-178.970000, 19.580000
 5.490000,-171.010000, 15.280000
 6.290000,-161.800000, 12.360000
 8.020000,-153.270000, 9.340000
 8.160000,-143.230000, 3.030000
 10.350000,-133.610000,-6.870000
 8.990000,-124.670000,-14.450000
 7.830000,-117.900000,-15.290000
 3.740000,-108.930000,-4.900000
-3.500000,-99.500000, 11.290000
-7.250000,-88.510000, 25.950000
-8.700000,-76.420000, 33.540000
-1.110000,-69.120000, 29.500000
 4.830000,-68.710000, 17.070000
 14.070000,-72.350000, 5.100000
 17.900000,-74.280000, 2.450000
 20.930000,-77.200000, 8.350000
 23.740000,-79.890000, 16.870000
 28.290000,-79.180000, 22.700000
 34.110000,-76.280000, 25.290000
 40.770000,-72.460000, 24.240000
 44.610000,-68.570000, 18.170000
 39.490000,-64.030000, 11.030000
 24.850000,-56.740000, 6.670000
 9.080000,-49.410000, 5.620000
-1.480000,-42.730000, 4.530000
-5.670000,-37.670000, 1.320000
-4.120000,-33.490000,-4.060000
 1.720000,-27.750000,-9.940000
 7.170000,-22.470000,-12.630000
 9.510000,-18.610000,-10.230000
 9.820000,-14.570000,-5.250000
 9.030000,-12.270000,-1.710000
 6.800000,-11.830000,-1.060000
 4.190000,-13.130000,-2.330000
 2.380000,-15.350000,-3.210000
 0.750000,-18.380000,-2.920000
 0.290000,-19.000000,-1.000000
 0.980000,-17.460000, 1.140000
 2.740000,-14.550000, 2.630000
 3.740000,-10.600000, 3.700000
 3.870000,-5.700000, 4.450000
 2.710000,-1.630000, 4.620000
 0.450000, 1.530000, 3.520000
-0.350000, 3.080000, 2.060000
-0.980000, 3.030000, 1.350000
-2.120000, 2.550000, 1.740000
-2.410000, 2.020000, 1.160000
-2.430000, 0.510000,-1.920000
-2.480000, 0.120000,-5.960000
-3.260000, 2.330000,-6.840000
-3.920000, 6.420000,-5.100000
-3.130000, 10.980000,-3.870000
-2.870000, 14.180000,-3.220000
-3.940000, 16.120000,-2.880000
-5.890000, 16.580000,-3.950000
-7.310000, 15.150000,-5.400000
-6.480000, 13.200000,-5.250000
-4.860000, 11.620000,-3.500000
-3.770000, 10.180000,-1.250000
-3.310000, 7.950000, 0.080000
-3.810000, 5.540000,-0.020000
-4.660000, 2.780000,-0.660000
-5.030000, 0.090000,-1.330000
-4.670000,-2.670000,-0.810000
-3.480000,-5.490000, 0.070000
-2.130000,-7.460000, 1.600000
 0.510000,-9.010000, 2.950000
 2.640000,-11.020000, 3.390000
 5.060000,-13.910000, 3.030000
 7.950000,-16.710000, 2.250000
 11.060000,-19.800000, 1.320000
 12.870000,-22.890000,-0.030000
 15.730000,-26.490000,-3.300000
 20.720000,-31.410000,-8.920000
 28.160000,-37.460000,-13.710000
 35.070000,-44.630000,-14.690000
 38.560000,-52.090000,-10.930000
 39.580000,-59.250000,-3.900000
 38.410000,-65.800000, 5.090000
 37.480000,-69.980000, 14.290000
 34.660000,-73.050000, 21.510000
 30.830000,-73.330000, 26.050000
 25.190000,-73.660000, 28.460000
 18.870000,-77.290000, 30.030000
 13.230000,-82.540000, 30.740000
 11.030000,-89.390000, 30.400000
 11.510000,-97.220000, 30.720000
 10.540000,-103.400000, 33.720000
 8.240000,-108.770000, 37.830000
 6.430000,-111.380000, 40.030000
 3.730000,-111.930000, 39.530000
-0.140000,-111.910000, 39.180000
-4.190000,-111.420000, 39.560000
-8.000000,-112.070000, 42.180000
-11.610000,-113.650000, 48.300000
-10.540000,-118.210000, 54.740000
-5.540000,-125.440000, 57.740000
-0.640000,-135.620000, 56.580000
 2.640000,-146.860000, 55.170000
 2.200000,-155.160000, 56.050000
-0.730000,-159.670000, 58.170000
-6.480000,-162.720000, 58.360000
-11.860000,-163.820000, 54.980000
-18.610000,-162.330000, 50.480000
-24.120000,-161.500000, 47.340000
-26.870000,-158.930000, 45.450000
-25.940000,-154.230000, 41.160000
-18.090000,-151.420000, 30.070000
-1.680000,-153.740000, 15.620000
 14.230000,-155.380000, 8.050000
 21.000000,-155.780000, 14.050000
 17.120000,-155.870000, 28.480000
 2.110000,-160.420000, 44.400000
-9.820000,-168.840000, 56.360000
-12.450000,-177.610000, 61.830000
-8.490000,-186.930000, 59.900000
-5.280000,-193.960000, 56.090000
-5.720000,-200.250000, 50.740000
-4.540000,-205.670000, 43.670000
-1.250000,-211.090000, 36.480000
 3.950000,-216.550000, 33.000000
 8.420000,-222.180000, 34.220000
 9.920000,-228.280000, 38.570000
 8.540000,-233.180000, 44.630000
 6.540000,-236.390000, 51.380000
 6.010000,-238.660000, 54.950000
 7.750000,-240.480000, 53.810000
 12.060000,-239.850000, 50.060000
 16.740000,-238.880000, 43.750000
 20.150000,-237.110000, 37.650000
 20.350000,-234.820000, 32.790000
 18.590000,-232.150000, 30.440000
 16.270000,-229.520000, 29.670000
 16.090000,-229.790000, 29.440000
 17.500000,-232.520000, 29.420000
 24.050000,-238.540000, 30.310000
 36.510000,-246.780000, 31.450000
 47.920000,-250.130000, 31.940000
 55.420000,-250.130000, 35.390000
 57.010000,-250.130000, 43.510000
 58.400000,-250.130000, 55.790000
 64.370000,-231.640000, 66.790000
 67.200000,-214.500000, 72.970000
 64.490000,-203.270000, 73.870000
 48.550000,-198.940000, 72.090000
 29.080000,-200.190000, 69.670000
 10.590000,-203.770000, 68.420000
-1.830000,-210.640000, 67.800000
-9.020000,-217.730000, 64.540000
-10.870000,-219.380000, 58.200000
-8.780000,-215.620000, 52.890000
-1.200000,-207.310000, 49.290000
 10.410000,-196.640000, 48.910000
 20.470000,-185.950000, 51.650000
 25.490000,-179.060000, 55.180000
 29.320000,-176.830000, 57.640000
 27.580000,-180.680000, 58.120000
 20.640000,-189.920000, 58.010000
 10.650000,-201.410000, 58.720000
 2.760000,-212.380000, 60.520000
-1.710000,-221.290000, 64.300000
-4.940000,-227.780000, 67.340000
-7.870000,-234.320000, 67.540000
-11.140000,-237.670000, 64.710000
-13.180000,-238.630000, 59.260000
-13.000000,-237.510000, 52.070000
-13.690000,-232.280000, 46.270000
-16.060000,-227.220000, 44.130000
-19.650000,-221.150000, 46.350000
-20.470000,-213.460000, 49.740000
-18.770000,-207.850000, 51.030000
-15.460000,-207.040000, 47.800000
-11.050000,-206.770000, 43.390000
-3.770000,-205.510000, 41.510000
 1.630000,-204.900000, 41.700000
 5.570000,-205.630000, 40.540000
 9.160000,-208.170000, 39.030000
 9.030000,-213.400000, 39.420000
 3.640000,-219.640000, 44.070000
-4.150000,-227.050000, 49.510000
-8.530000,-232.900000, 52.350000
-10.480000,-234.480000, 51.630000
-9.610000,-230.220000, 46.900000
-7.030000,-220.220000, 42.240000
-3.130000,-207.090000, 37.800000
 0.020000,-194.260000, 33.310000
 2.410000,-182.220000, 28.260000
 2.290000,-172.210000, 24.940000
 0.160000,-165.160000, 24.740000
-2.370000,-160.640000, 25.930000
-4.740000,-157.420000, 26.550000
-7.160000,-153.900000, 24.080000
-8.540000,-150.130000, 19.040000
-7.610000,-146.120000, 12.810000
-6.540000,-140.010000, 7.950000
-6.880000,-135.540000, 3.770000
-8.350000,-130.770000,-0.370000
-9.660000,-122.830000,-4.640000
-8.970000,-112.600000,-8.080000
-8.090000,-101.410000,-6.460000
-11.460000,-89.160000, 2.350000
-16.260000,-82.400000, 13.030000
-20.670000,-74.000000, 21.250000
-25.920000,-65.060000, 24.300000
-18.170000,-59.470000, 24.220000
-7.530000,-57.640000, 21.190000
 8.480000,-56.740000, 15.670000
 21.720000,-58.700000, 7.460000
 25.630000,-62.000000, 1.740000
 20.220000,-62.440000, 3.160000
 13.500000,-62.150000, 6.760000
 12.170000,-62.090000, 6.660000
 14.450000,-59.470000, 3.440000
 15.160000,-52.340000, 1.250000
 13.370000,-43.040000, 1.540000
 9.230000,-33.960000, 2.410000
 5.060000,-26.860000, 2.830000
 1.000000,-23.540000, 2.580000
-0.810000,-22.790000, 3.340000
 2.400000,-23.410000, 5.000000
 8.960000,-24.190000, 6.160000
 14.250000,-23.930000, 5.880000
 15.110000,-21.230000, 4.020000
 10.640000,-17.130000, 1.060000
 2.600000,-10.770000,-1.540000
-5.450000,-3.250000,-2.910000
-10.030000, 4.100000,-3.380000
-9.860000, 8.380000,-4.470000
-6.810000, 10.160000,-5.480000
-3.220000, 10.350000,-5.770000
-0.960000, 9.670000,-5.070000
-1.020000, 7.890000,-3.740000
-2.700000, 5.740000,-2.270000
-4.980000, 4.720000,-0.930000
-6.890000, 5.320000,-0.670000
-5.700000, 6.630000,-0.830000
-3.380000, 7.810000,-1.410000
-1.590000, 9.090000,-1.930000
 0.090000, 11.030000,-1.320000
 0.350000, 12.490000,-0.510000
-1.230000, 12.870000, 0.510000
-3.250000, 11.960000, 0.860000
-4.100000, 11.160000, 0.350000
-3.090000, 10.690000,-0.930000
-0.770000, 10.970000,-1.380000
 1.910000, 11.880000,-1.130000
 4.150000, 12.690000,-0.410000
 4.960000, 13.140000, 0.210000
 4.500000, 12.270000, 1.540000
 4.480000, 11.180000, 3.740000
 5.480000, 9.910000, 5.240000
 6.800000, 8.160000, 6.030000
 8.690000, 5.200000, 5.380000
 10.600000, 2.150000, 4.430000
 12.720000,-1.870000, 3.580000
 13.510000,-7.130000, 3.660000
 13.970000,-12.360000, 4.670000
 16.130000,-18.560000, 5.720000
 19.050000,-25.020000, 6.510000
 23.540000,-29.770000, 6.010000
 29.550000,-34.610000, 4.140000
 33.490000,-38.570000, 1.000000
 37.390000,-42.580000,-2.680000
 41.800000,-47.070000,-5.930000
 43.520000,-50.880000,-7.830000
 41.250000,-53.900000,-7.870000
 38.030000,-57.420000,-5.940000
 35.160000,-60.120000,-3.230000
 31.480000,-60.160000,-1.250000
 28.960000,-59.890000, 0.220000
 26.580000,-58.210000, 0.930000
 23.640000,-55.090000, 1.680000
