 112.090000,-250.130000, 250.120000
 94.870000,-250.130000, 250.120000
 76.110000,-250.130000, 250.120000
 72.270000,-230.180000, 250.120000
 81.060000,-189.280000, 250.120000
 87.380000,-155.640000, 250.120000
 70.870000,-145.360000, 250.120000
 34.390000,-140.320000, 250.120000
 9.670000,-125.290000, 244.800000
 15.430000,-97.980000, 205.480000
 36.820000,-60.890000, 159.760000
 63.130000,-22.700000, 107.930000
 77.280000, 12.420000, 55.910000
 91.560000, 47.010000, 6.000000
 109.480000, 101.380000,-42.870000
 118.840000, 191.450000,-88.420000
 104.410000, 250.120000,-126.250000
 69.470000, 250.120000,-158.950000
 25.720000, 250.120000,-192.180000
-33.800000, 250.120000,-225.110000
-77.380000, 250.120000,-250.130000
-157.480000,-250.130000, 32.610000
 250.120000,-58.800000,-250.130000
 17.190000, 250.120000,-250.130000
-145.440000, 179.850000,-250.130000
-65.470000, 131.450000,-250.130000
-16.910000, 125.710000,-250.130000
-60.650000, 90.000000,-228.840000
-27.090000, 81.890000,-194.590000
 15.000000, 56.990000,-168.370000
 56.750000, 22.700000,-146.270000
 102.070000, 0.930000,-125.950000
 110.830000,-12.970000,-106.130000
 79.580000,-20.240000,-80.860000
 33.240000,-23.680000,-49.550000
-7.610000,-27.910000,-24.090000
-28.160000,-26.610000,-10.000000
-33.210000,-24.440000,-2.800000
-32.380000,-22.500000, 1.690000
-25.610000,-20.090000, 1.700000
-19.810000,-18.050000, 0.300000
-22.470000,-15.920000,-2.850000
-25.800000,-15.810000,-6.740000
-29.120000,-18.070000,-10.990000
-38.930000,-18.710000,-16.690000
-51.650000,-13.580000,-25.830000
-59.920000,-3.320000,-39.250000
-62.430000, 13.130000,-58.220000
-62.350000, 34.770000,-84.420000
-50.220000, 54.150000,-116.230000
-43.640000, 74.700000,-150.690000
-31.570000, 90.350000,-187.250000
-9.800000, 98.320000,-227.320000
 27.650000, 107.720000,-250.130000
 62.640000, 122.550000,-250.130000
 78.580000, 134.960000,-250.130000
 60.350000, 130.740000,-250.130000
-12.340000, 122.670000,-250.130000
-104.080000, 141.540000,-250.130000
-209.420000, 182.160000,-250.130000
-250.130000, 227.310000,-250.130000
-250.130000, 246.230000,-250.130000
-250.130000, 243.010000,-250.130000
-250.130000, 239.520000,-250.130000
-250.130000, 232.900000,-250.130000
-149.160000, 228.660000,-212.070000
-37.100000, 230.930000,-150.760000
 55.340000, 235.850000,-100.370000
 113.770000, 235.770000,-65.180000
 141.870000, 233.160000,-50.030000
 129.880000, 217.600000,-49.370000
 91.940000, 177.380000,-65.230000
 35.170000, 116.350000,-83.810000
 27.430000, 41.230000,-104.540000
 250.120000, 6.170000,-86.620000
 250.120000,-29.510000,-86.690000
 208.510000,-45.890000,-37.460000
 109.010000,-42.640000, 3.680000
 60.600000,-23.350000, 36.190000
 33.870000,-16.480000, 44.660000
 8.430000,-12.610000, 46.770000
-30.230000,-15.990000, 47.370000
-104.980000,-30.470000, 53.710000
-200.550000,-49.120000, 67.260000
-250.130000,-62.930000, 76.970000
-250.130000,-74.650000, 73.580000
-250.130000,-81.290000, 63.500000
-239.880000,-79.560000, 48.770000
-208.980000,-70.030000, 34.660000
-187.440000,-56.510000, 22.820000
-183.720000,-46.150000, 15.660000
-203.620000,-45.730000, 13.260000
-238.740000,-50.340000, 15.770000
-250.130000,-51.300000, 20.070000
-250.130000,-47.960000, 25.990000
-250.130000,-45.230000, 35.520000
-250.130000,-45.350000, 51.180000
-250.130000,-49.920000, 74.000000
-250.130000,-58.250000, 97.180000
-250.130000,-67.400000, 114.540000
-235.590000,-73.870000, 124.090000
-231.840000,-76.050000, 129.120000
-235.930000,-73.460000, 131.090000
-238.840000,-64.220000, 128.220000
-231.690000,-49.930000, 122.060000
-215.000000,-33.870000, 113.070000
-194.830000,-21.560000, 104.360000
-184.770000,-15.280000, 98.660000
-191.610000,-12.210000, 97.190000
-211.830000,-8.620000, 95.700000
-234.610000,-3.850000, 91.000000
-250.130000, 1.410000, 82.840000
-250.130000, 4.230000, 74.500000
-250.130000, 8.680000, 68.850000
-250.130000, 16.320000, 67.250000
-250.130000, 25.220000, 66.900000
-250.130000, 32.160000, 66.240000
-250.130000, 35.090000, 65.610000
-250.130000, 34.550000, 65.610000
-250.130000, 31.780000, 65.280000
-250.130000, 30.930000, 65.000000
-250.130000, 31.090000, 66.290000
-250.130000, 29.500000, 70.380000
-250.130000, 25.630000, 78.360000
-250.130000, 16.230000, 88.090000
-250.130000, 5.480000, 93.800000
-250.130000,-4.150000, 91.730000
-250.130000,-10.580000, 81.190000
-250.130000,-13.580000, 67.770000
-234.290000,-16.030000, 61.550000
-225.010000,-21.370000, 64.000000
-219.330000,-26.940000, 71.480000
-210.590000,-29.950000, 80.040000
-196.940000,-29.720000, 90.230000
-181.340000,-28.510000, 100.720000
-167.670000,-27.900000, 109.940000
-160.960000,-25.090000, 115.270000
-167.870000,-23.770000, 118.350000
-188.000000,-23.120000, 119.830000
-212.700000,-17.070000, 117.640000
-233.380000,-4.680000, 113.230000
-241.950000, 9.050000, 107.600000
-240.490000, 20.680000, 103.060000
-234.770000, 26.960000, 100.450000
-230.620000, 29.060000, 99.240000
-234.990000, 27.510000, 101.670000
-244.650000, 25.410000, 106.910000
-250.130000, 23.940000, 110.790000
-250.130000, 23.720000, 110.110000
-248.480000, 23.970000, 104.740000
-239.110000, 26.000000, 96.900000
-229.390000, 27.390000, 91.180000
-218.240000, 26.930000, 88.230000
-207.690000, 27.660000, 85.800000
-200.860000, 28.610000, 82.350000
-195.840000, 29.680000, 76.320000
-192.210000, 33.620000, 70.700000
-191.550000, 39.080000, 69.440000
-197.280000, 42.850000, 72.330000
-208.700000, 43.260000, 78.080000
-226.820000, 27.470000, 83.390000
-246.240000, 11.610000, 84.130000
-250.130000, 8.200000, 84.450000
-250.130000, 10.320000, 88.030000
-241.870000, 9.540000, 95.940000
-213.840000, 9.000000, 102.020000
-181.890000, 11.660000, 102.740000
-151.480000, 20.050000, 99.900000
-127.510000, 32.660000, 96.030000
-117.060000, 43.540000, 90.480000
-125.860000, 48.650000, 86.010000
-150.920000, 49.990000, 81.830000
-182.350000, 51.260000, 83.170000
-209.530000, 51.960000, 92.360000
-224.580000, 54.290000, 108.160000
-222.290000, 52.920000, 124.090000
-209.380000, 45.290000, 150.800000
-194.090000, 33.510000, 192.140000
-186.180000, 36.430000, 233.660000
-196.150000, 29.170000, 250.120000
-220.670000, 0.330000, 250.120000
-189.060000,-76.660000, 250.120000
-134.250000,-163.470000, 250.120000
-60.680000,-232.930000, 250.120000
-0.280000,-250.130000, 250.120000
 63.640000,-250.130000, 250.120000
 79.460000,-250.130000, 250.120000
 79.370000,-250.130000, 250.120000
 102.760000,-250.130000, 250.120000
 146.670000,-250.130000, 250.120000
 190.450000,-250.130000, 250.120000
 215.950000,-250.130000, 250.120000
 219.980000,-243.600000, 250.120000
 180.740000,-217.440000, 250.120000
 114.970000,-195.410000, 250.120000
 45.820000,-174.820000, 250.120000
-4.710000,-154.080000, 250.120000
-28.340000,-138.180000, 250.120000
-21.380000,-127.450000, 250.120000
 8.290000,-118.030000, 208.160000
 37.260000,-110.200000, 168.510000
 60.250000,-97.230000, 129.320000
 80.900000,-63.650000, 93.220000
 97.370000,-7.740000, 57.900000
 91.830000, 67.170000, 17.510000
 62.030000, 144.630000,-24.630000
 33.900000, 224.600000,-70.540000
 21.200000, 250.120000,-115.610000
 7.320000, 250.120000,-154.160000
-20.390000, 250.120000,-177.800000
 33.350000, 250.120000,-165.570000
 250.120000,-250.130000, 73.000000
 250.120000, 133.370000,-223.270000
-11.820000, 240.820000,-223.030000
-116.540000, 194.690000,-243.750000
-67.380000, 124.510000,-233.580000
-101.190000, 97.940000,-217.670000
-135.900000, 75.780000,-179.380000
-116.860000, 82.280000,-168.650000
-60.290000, 82.750000,-151.640000
-36.070000, 66.440000,-130.470000
-16.250000, 46.930000,-115.030000
 9.220000, 42.160000,-104.830000
 21.200000, 33.650000,-91.670000
 5.090000, 20.740000,-77.180000
-19.380000, 10.080000,-59.770000
-39.760000,-1.000000,-44.630000
-40.190000,-12.900000,-30.210000
-30.060000,-25.290000,-18.240000
-20.740000,-34.640000,-9.720000
-12.800000,-36.520000,-6.130000
-6.610000,-32.780000,-9.290000
-7.660000,-25.510000,-17.800000
-14.420000,-19.580000,-27.520000
-25.160000,-9.510000,-41.290000
-30.010000, 2.530000,-56.700000
-26.670000, 11.380000,-74.190000
-14.820000, 12.690000,-97.680000
-2.170000, 22.540000,-125.910000
 14.030000, 40.500000,-155.880000
 34.730000, 61.570000,-186.380000
 59.000000, 81.830000,-218.860000
 84.460000, 102.580000,-250.130000
 93.280000, 118.870000,-250.130000
 91.760000, 126.340000,-250.130000
 67.930000, 125.000000,-250.130000
 22.450000, 123.280000,-250.130000
-31.300000, 143.920000,-250.130000
-98.300000, 166.630000,-250.130000
-165.890000, 177.300000,-250.130000
-219.890000, 180.610000,-250.130000
-221.790000, 173.870000,-250.130000
-168.630000, 184.440000,-250.130000
-91.610000, 195.750000,-250.130000
-16.490000, 212.550000,-219.220000
 32.200000, 221.090000,-187.280000
 58.320000, 218.510000,-166.500000
 67.130000, 201.930000,-160.750000
 55.900000, 172.800000,-160.930000
 29.680000, 141.160000,-154.310000
-5.380000, 110.210000,-139.050000
-35.270000, 85.880000,-116.830000
-46.790000, 69.830000,-92.250000
-37.810000, 66.380000,-74.220000
 29.770000, 73.220000,-69.450000
 238.070000, 85.610000,-57.240000
 250.120000, 71.830000,-49.320000
 156.220000, 49.440000,-18.770000
 6.130000, 8.970000, 8.260000
-113.280000,-25.030000, 19.900000
-151.700000,-35.160000, 18.340000
-133.160000,-21.380000, 13.380000
-112.660000,-3.260000, 9.440000
-112.290000, 6.040000, 10.120000
-128.320000, 0.470000, 10.960000
-153.390000,-11.610000, 8.480000
-172.970000,-18.870000, 3.930000
-181.200000,-20.130000,-3.520000
-175.980000,-19.090000,-5.190000
-180.380000,-24.450000, 6.360000
-191.740000,-40.640000, 24.190000
-189.760000,-54.620000, 38.740000
-183.810000,-58.580000, 49.000000
-186.530000,-56.880000, 56.930000
-196.980000,-54.050000, 60.670000
-218.290000,-52.950000, 60.360000
-240.050000,-49.900000, 56.390000
-248.400000,-44.200000, 53.450000
-239.570000,-34.420000, 50.600000
-213.190000,-24.350000, 48.160000
-178.830000,-16.000000, 45.770000
-157.740000,-14.150000, 45.610000
-163.480000,-33.580000, 44.010000
-167.240000,-45.080000, 42.020000
-176.780000,-40.070000, 43.380000
-214.700000,-34.210000, 57.640000
-250.130000,-30.830000, 71.330000
-250.130000,-30.310000, 85.000000
-250.130000,-31.210000, 96.760000
-250.130000,-30.340000, 107.490000
-250.130000,-20.180000, 109.700000
-250.130000,-2.930000, 105.520000
-250.130000, 11.110000, 94.540000
-247.770000, 21.740000, 83.470000
-249.750000, 23.830000, 80.750000
-250.130000, 22.470000, 84.240000
-250.130000, 23.240000, 89.740000
-247.670000, 27.670000, 91.810000
-237.630000, 32.970000, 89.680000
-230.580000, 41.380000, 85.240000
-233.960000, 51.860000, 81.660000
-245.720000, 62.350000, 77.840000
-250.130000, 69.130000, 74.660000
-250.130000, 70.850000, 71.800000
-250.130000, 71.190000, 71.910000
-250.130000, 72.130000, 72.220000
-250.130000, 72.350000, 74.260000
-250.130000, 71.870000, 75.760000
-250.130000, 71.690000, 74.520000
-250.130000, 71.780000, 69.340000
-250.130000, 69.320000, 64.060000
-250.130000, 64.410000, 61.460000
-250.130000, 60.480000, 62.290000
-250.130000, 56.300000, 59.790000
-250.130000, 52.570000, 54.120000
-250.130000, 50.660000, 45.330000
-250.130000, 48.350000, 38.010000
-250.130000, 45.830000, 34.640000
-250.130000, 40.300000, 33.810000
-240.220000, 32.600000, 34.350000
-226.700000, 24.190000, 36.530000
-214.920000, 15.940000, 38.830000
-203.720000, 9.540000, 41.590000
-190.550000, 6.840000, 43.100000
-181.490000, 8.840000, 45.030000
-179.430000, 15.700000, 49.990000
-179.410000, 23.410000, 53.460000
-179.560000, 27.870000, 54.290000
-180.500000, 26.810000, 55.610000
-182.530000, 22.580000, 55.890000
-184.070000, 20.210000, 54.490000
-186.610000, 24.570000, 52.460000
-190.350000, 33.670000, 52.110000
-192.790000, 42.760000, 52.960000
-195.240000, 49.610000, 56.470000
-200.190000, 51.070000, 62.230000
-205.090000, 51.000000, 65.410000
-212.280000, 43.260000, 66.480000
-211.450000, 20.270000, 81.560000
-217.620000,-2.340000, 93.970000
-216.590000,-20.450000, 97.610000
-207.150000,-19.000000, 93.540000
-195.310000,-4.420000, 89.140000
-189.960000, 10.420000, 79.500000
-190.600000, 14.140000, 72.320000
-184.510000, 18.170000, 70.130000
-175.060000, 32.140000, 67.760000
-177.300000, 46.070000, 63.580000
-197.900000, 46.260000, 60.450000
-228.700000, 38.970000, 56.800000
-250.130000, 39.260000, 47.770000
-250.130000, 41.670000, 48.670000
-250.130000, 43.770000, 57.000000
-235.360000, 44.780000, 62.220000
-202.320000, 49.450000, 60.790000
-177.390000, 53.180000, 56.710000
-163.830000, 52.480000, 52.920000
-166.030000, 48.380000, 52.680000
-184.730000, 47.130000, 58.350000
-206.030000, 45.300000, 65.170000
-217.000000, 46.640000, 71.220000
-211.670000, 50.250000, 74.090000
-196.590000, 54.150000, 73.350000
-183.190000, 54.650000, 69.900000
-184.250000, 50.710000, 71.090000
-204.070000, 25.630000, 96.790000
-232.290000, 1.440000, 144.120000
-250.130000,-4.440000, 194.950000
-250.130000,-20.260000, 248.450000
-227.380000,-59.800000, 250.120000
-161.520000,-113.950000, 250.120000
-110.010000,-165.460000, 250.120000
-59.510000,-217.250000, 250.120000
-8.390000,-250.130000, 250.120000
 51.830000,-250.130000, 250.120000
 103.610000,-250.130000, 250.120000
 141.220000,-250.130000, 250.120000
 166.060000,-250.130000, 250.120000
 180.640000,-250.130000, 250.120000
 191.020000,-250.130000, 250.120000
 199.150000,-225.330000, 250.120000
 185.930000,-199.840000, 250.120000
 148.240000,-179.120000, 250.120000
 101.460000,-165.450000, 250.120000
 56.380000,-153.590000, 250.120000
 26.300000,-134.900000, 250.120000
 11.250000,-112.350000, 250.120000
 9.510000,-99.350000, 250.120000
 17.900000,-88.740000, 244.640000
 22.930000,-77.380000, 192.990000
 30.520000,-60.640000, 141.800000
 40.410000,-30.730000, 100.430000
 67.450000, 22.290000, 66.490000
 97.000000, 86.570000, 30.660000
 100.740000, 158.610000,-9.100000
 71.420000, 228.160000,-51.180000
 16.540000, 250.120000,-91.240000
-43.800000, 250.120000,-128.900000
-67.340000, 250.120000,-158.730000
-250.130000,-250.130000, 67.930000
 250.120000,-116.500000,-67.410000
 150.030000, 228.770000,-240.590000
-17.440000, 149.420000,-228.470000
-116.100000, 104.140000,-215.710000
-105.090000, 66.720000,-179.400000
-102.260000, 49.660000,-142.320000
-78.790000, 62.350000,-111.540000
-24.380000, 74.630000,-103.480000
 3.860000, 63.430000,-93.330000
 10.110000, 47.540000,-75.640000
 25.660000, 27.610000,-60.120000
 30.160000, 6.900000,-52.470000
 14.100000,-9.590000,-52.370000
-11.380000,-18.120000,-58.060000
-37.470000,-18.350000,-66.640000
-55.600000,-11.410000,-77.170000
-74.150000,-3.210000,-91.320000
-84.360000,-3.780000,-111.920000
-87.740000, 1.060000,-138.120000
-73.500000, 16.990000,-162.050000
-49.490000, 29.520000,-185.140000
-24.380000, 43.610000,-210.450000
-5.400000, 63.930000,-239.830000
 25.940000, 83.490000,-250.130000
 52.460000, 99.830000,-250.130000
 57.660000, 121.480000,-250.130000
 29.520000, 142.630000,-250.130000
-5.580000, 178.070000,-250.130000
-64.190000, 194.850000,-250.130000
-90.210000, 212.390000,-250.130000
-71.700000, 224.300000,-250.130000
-35.550000, 226.900000,-250.130000
 7.040000, 242.570000,-250.130000
 18.750000, 236.440000,-250.130000
 3.930000, 210.320000,-250.130000
-25.930000, 181.400000,-250.130000
-39.860000, 157.030000,-250.130000
-20.150000, 145.750000,-250.130000
 18.060000, 154.770000,-250.130000
 46.170000, 164.470000,-250.130000
 50.190000, 155.930000,-250.130000
 37.290000, 133.460000,-246.930000
 16.710000, 103.130000,-208.990000
-2.380000, 80.390000,-161.790000
-11.910000, 67.320000,-113.530000
-11.970000, 60.540000,-70.880000
-7.680000, 53.290000,-34.070000
-0.300000, 46.310000,-3.470000
 10.790000, 39.870000, 21.800000
 27.320000, 37.270000, 41.320000
 46.780000, 33.100000, 51.660000
 61.910000, 30.570000, 56.670000
 63.740000, 30.120000, 59.520000
 50.040000, 28.480000, 59.030000
 19.640000, 22.680000, 59.570000
-23.480000, 11.810000, 57.690000
-70.830000, 2.520000, 50.890000
-121.380000, 0.550000, 41.050000
-171.370000,-0.510000, 24.270000
-206.300000,-2.330000, 8.320000
-198.560000,-10.930000,-3.580000
-156.150000,-10.740000,-4.340000
-139.490000,-7.860000,-3.180000
-162.280000,-12.740000, 1.320000
-194.790000,-20.550000, 7.060000
-205.480000,-25.700000, 8.780000
-192.520000,-23.840000, 8.100000
-171.830000,-18.080000, 8.140000
-161.610000,-20.800000, 10.680000
-164.040000,-28.780000, 16.460000
-169.480000,-34.570000, 24.140000
-171.030000,-38.070000, 32.740000
-166.760000,-41.160000, 40.870000
-162.720000,-42.440000, 45.360000
-159.500000,-43.720000, 44.640000
-155.500000,-38.720000, 46.140000
-163.490000,-31.000000, 51.300000
-180.580000,-22.890000, 59.060000
-197.030000,-29.920000, 65.870000
-209.320000,-46.870000, 70.030000
-221.790000,-54.960000, 68.800000
-228.100000,-50.110000, 66.090000
-232.450000,-38.390000, 63.930000
-239.940000,-24.160000, 61.640000
-244.700000,-11.550000, 59.960000
-240.910000,-7.420000, 65.660000
-230.770000,-2.100000, 75.060000
-219.450000, 9.900000, 80.430000
-209.830000, 23.050000, 78.300000
-208.290000, 33.100000, 72.560000
-214.920000, 40.470000, 67.830000
-222.630000, 42.540000, 64.740000
-228.410000, 41.110000, 64.140000
-233.970000, 39.240000, 64.550000
-237.120000, 38.630000, 65.090000
-237.960000, 40.290000, 67.300000
-237.090000, 43.330000, 67.760000
-236.850000, 46.710000, 67.070000
-237.590000, 51.200000, 65.610000
-237.800000, 54.720000, 62.120000
-242.480000, 56.160000, 57.980000
-250.130000, 57.350000, 53.120000
-250.130000, 60.000000, 49.950000
-250.130000, 63.060000, 48.220000
-250.130000, 66.150000, 45.630000
-250.130000, 67.770000, 43.250000
-250.130000, 69.450000, 42.860000
-250.130000, 71.320000, 42.970000
-250.130000, 67.800000, 40.270000
-250.130000, 62.570000, 36.200000
-250.130000, 56.430000, 35.640000
-250.130000, 54.240000, 40.090000
-250.130000, 55.870000, 50.610000
-250.130000, 58.350000, 47.640000
-248.120000, 53.660000, 38.110000
-241.350000, 45.020000, 28.730000
-245.890000, 33.900000, 18.290000
-250.130000, 21.700000, 13.670000
-250.130000, 13.350000, 14.440000
-248.010000, 11.030000, 18.310000
-226.390000, 11.630000, 22.610000
-200.320000, 15.520000, 26.410000
-184.810000, 16.320000, 30.790000
-186.750000, 15.060000, 35.900000
-197.190000, 13.610000, 39.480000
-205.380000, 11.000000, 41.110000
-204.370000, 10.330000, 43.100000
-193.180000, 14.300000, 46.580000
-177.880000, 23.560000, 49.910000
-169.800000, 31.870000, 52.220000
-175.650000, 32.230000, 52.440000
-189.500000, 31.420000, 52.320000
-200.700000, 31.290000, 49.760000
-204.640000, 34.070000, 46.980000
-203.400000, 39.580000, 47.180000
-199.580000, 45.580000, 49.520000
-195.910000, 47.540000, 51.100000
-195.150000, 45.050000, 51.050000
-199.540000, 42.220000, 49.440000
-206.190000, 40.170000, 47.180000
-212.960000, 39.240000, 42.630000
-217.770000, 39.810000, 38.550000
-219.060000, 42.110000, 36.090000
-227.220000, 29.960000, 37.290000
-241.380000, 11.040000, 44.810000
-242.160000,-7.410000, 54.220000
-235.950000,-23.480000, 61.500000
-223.560000,-30.940000, 70.280000
-209.200000,-15.190000, 70.880000
-197.120000, 5.890000, 66.400000
-185.540000, 18.860000, 62.620000
-170.340000, 25.530000, 63.000000
-161.610000, 25.070000, 64.230000
-160.780000, 25.060000, 66.670000
-168.200000, 25.190000, 69.950000
-177.220000, 27.120000, 71.080000
-186.540000, 30.090000, 70.830000
-193.540000, 32.060000, 71.530000
-201.580000, 32.930000, 72.900000
-209.120000, 34.750000, 74.940000
-209.670000, 39.540000, 76.350000
-205.450000, 46.260000, 76.040000
-198.310000, 52.230000, 73.400000
-190.130000, 57.090000, 71.120000
-181.640000, 61.130000, 68.830000
-175.590000, 68.240000, 66.250000
-182.890000, 70.260000, 63.610000
-189.640000, 63.580000, 67.470000
-195.120000, 48.150000, 79.140000
-215.730000, 14.950000, 106.240000
-234.360000,-9.950000, 138.660000
-241.540000,-36.820000, 180.200000
-223.720000,-58.890000, 216.050000
-170.710000,-81.990000, 242.230000
-88.330000,-112.210000, 250.120000
 8.260000,-142.000000, 250.120000
 74.150000,-179.350000, 250.120000
 112.670000,-211.370000, 250.120000
 102.830000,-240.650000, 250.120000
 88.580000,-250.130000, 250.120000
 107.330000,-250.130000, 250.120000
 109.200000,-250.130000, 250.120000
 121.620000,-250.130000, 250.120000
 127.090000,-250.130000, 250.120000
 116.800000,-243.680000, 250.120000
 82.870000,-226.840000, 250.120000
 53.220000,-192.210000, 250.120000
 30.980000,-149.800000, 250.120000
 0.360000,-123.700000, 250.120000
-34.230000,-123.900000, 250.120000
-57.720000,-133.920000, 250.120000
-54.460000,-133.520000, 250.120000
-15.190000,-109.030000, 200.870000
 34.070000,-42.930000, 138.920000
 62.910000, 48.950000, 81.870000
 58.390000, 144.870000, 26.290000
 31.640000, 237.480000,-27.670000
-3.530000, 250.120000,-73.600000
-7.760000, 250.120000,-11.270000
 250.120000,-250.130000, 30.660000
 237.730000, 85.830000,-206.200000
-75.020000, 144.030000,-183.540000
-153.740000, 98.430000,-151.570000
-135.550000, 90.870000,-98.750000
-154.130000, 59.120000,-78.810000
-94.850000, 47.050000,-67.550000
-32.480000, 44.050000,-52.150000
-8.120000, 36.600000,-42.340000
 12.940000, 25.030000,-30.430000
 18.760000, 6.070000,-15.500000
-1.160000,-11.120000,-1.870000
-22.530000,-18.250000, 6.060000
-31.860000,-16.160000, 6.190000
-30.810000,-13.140000, 2.460000
-25.180000,-9.770000, 0.110000
-20.400000,-7.000000,-0.100000
-16.000000,-5.880000,-1.410000
-11.470000,-4.990000,-6.130000
-5.720000,-1.570000,-16.910000
 0.070000, 5.580000,-32.480000
 4.060000, 13.480000,-48.020000
 3.670000, 20.350000,-62.690000
-3.440000, 23.430000,-77.330000
-18.160000, 27.550000,-94.120000
-41.370000, 37.000000,-114.450000
-62.870000, 51.640000,-136.410000
-87.840000, 76.970000,-160.610000
-101.290000, 105.290000,-183.300000
-95.830000, 134.640000,-208.380000
-79.020000, 156.610000,-233.060000
-60.790000, 171.820000,-250.130000
-22.430000, 196.440000,-250.130000
 26.610000, 212.680000,-250.130000
 58.250000, 198.010000,-250.130000
 47.060000, 182.060000,-250.130000
 39.080000, 203.900000,-250.130000
 31.960000, 250.120000,-250.130000
 2.420000, 250.120000,-250.130000
-64.270000, 250.120000,-250.130000
-166.560000, 250.120000,-250.130000
-250.130000, 250.120000,-250.130000
-250.130000, 250.120000,-250.130000
-249.150000, 250.120000,-250.130000
-205.590000, 250.120000,-215.540000
-156.610000, 250.120000,-167.110000
-106.490000, 250.120000,-119.540000
-55.650000, 250.120000,-85.550000
-7.670000, 226.880000,-68.400000
 23.190000, 188.830000,-62.210000
 30.880000, 151.220000,-59.800000
 12.860000, 115.120000,-55.690000
-19.930000, 79.030000,-47.650000
-50.930000, 47.030000,-38.220000
-17.030000, 0.830000,-35.000000
 144.700000,-11.500000,-4.640000
 179.000000,-4.110000, 16.050000
 142.770000, 3.480000, 25.200000
 73.290000,-0.130000, 1.090000
 23.870000,-11.750000,-23.100000
-3.960000,-17.080000,-31.150000
-32.190000,-18.440000,-24.220000
-67.580000,-20.340000,-12.800000
-96.860000,-24.610000,-2.350000
-120.280000,-25.490000,-1.560000
-141.000000,-21.260000,-6.070000
-160.480000,-16.190000,-11.160000
-173.600000,-15.470000,-8.870000
-181.870000,-16.670000,-1.830000
-184.150000,-20.540000, 6.290000
-180.740000,-22.200000, 11.890000
-176.540000,-22.410000, 14.790000
-172.450000,-14.520000, 15.690000
-177.070000,-6.990000, 19.370000
-191.000000,-5.890000, 24.740000
-205.910000,-21.840000, 25.540000
-217.050000,-41.220000, 26.980000
-233.480000,-54.770000, 31.210000
-250.130000,-56.740000, 35.910000
-250.130000,-53.320000, 39.770000
-250.130000,-44.420000, 42.150000
-250.130000,-32.350000, 44.390000
-250.130000,-16.320000, 46.120000
-250.130000, 0.300000, 47.250000
-250.130000, 12.250000, 52.700000
-250.130000, 15.780000, 55.620000
-250.130000, 12.190000, 56.920000
-250.130000, 5.320000, 58.050000
-250.130000,-0.470000, 59.800000
-250.130000,-0.340000, 62.730000
-250.130000, 8.230000, 66.460000
-250.130000, 19.770000, 68.180000
-245.580000, 31.050000, 68.220000
-233.910000, 41.080000, 66.450000
-234.260000, 45.160000, 63.310000
-242.140000, 43.860000, 61.670000
-250.130000, 42.620000, 57.670000
-250.130000, 44.260000, 56.870000
-250.130000, 46.340000, 55.350000
-250.130000, 49.860000, 50.720000
-250.130000, 57.400000, 50.220000
-250.130000, 67.870000, 51.720000
-250.130000, 74.400000, 52.390000
-249.060000, 75.730000, 53.300000
-245.900000, 73.730000, 53.820000
-250.130000, 71.800000, 53.740000
-250.130000, 68.640000, 50.090000
-250.130000, 57.710000, 37.420000
-250.130000, 64.580000, 25.540000
-250.130000, 71.740000, 32.010000
-250.130000, 79.410000, 31.150000
-242.300000, 81.850000, 17.490000
-233.490000, 72.330000, 4.290000
-247.740000, 57.900000,-4.790000
-250.130000, 44.430000,-9.740000
-250.130000, 35.480000,-8.450000
-250.130000, 30.930000,-0.550000
-247.920000, 26.770000, 10.910000
-214.020000, 22.240000, 22.310000
-179.380000, 19.540000, 31.760000
-161.610000, 20.850000, 36.810000
-164.320000, 26.420000, 39.560000
-177.200000, 31.450000, 39.540000
-188.420000, 35.200000, 36.300000
-202.870000, 35.050000, 32.320000
-239.000000, 21.730000, 20.640000
-250.130000, 9.060000, 16.730000
-250.130000, 5.660000, 20.580000
-243.490000, 12.230000, 26.830000
-204.720000, 22.060000, 32.130000
-173.510000, 26.020000, 36.610000
-171.710000, 23.070000, 40.910000
-189.970000, 16.500000, 43.980000
-204.530000, 10.250000, 47.110000
-208.350000, 5.470000, 51.900000
-210.260000,-3.600000, 56.860000
-215.800000,-5.410000, 59.150000
-216.810000,-1.860000, 58.350000
-207.120000, 2.700000, 59.320000
-185.330000, 3.410000, 61.570000
-165.600000, 5.450000, 63.780000
-160.060000, 8.350000, 66.960000
-170.940000, 10.930000, 75.380000
-189.430000, 17.740000, 78.280000
-205.480000, 28.530000, 77.770000
-209.290000, 36.940000, 74.930000
-207.900000, 38.480000, 71.780000
-201.510000, 36.040000, 70.150000
-193.160000, 37.520000, 69.650000
-183.180000, 42.440000, 68.800000
-174.040000, 48.820000, 66.010000
-165.770000, 54.730000, 61.760000
-156.180000, 58.380000, 55.610000
-145.440000, 59.930000, 49.570000
-136.740000, 60.460000, 42.600000
-134.900000, 57.800000, 35.490000
-141.710000, 54.010000, 29.900000
-155.730000, 51.960000, 25.410000
-172.860000, 54.810000, 22.100000
-195.760000, 58.260000, 21.560000
-222.270000, 45.510000, 36.770000
-250.130000, 6.180000, 71.740000
-250.130000,-41.220000, 118.040000
-250.130000,-65.700000, 163.150000
-250.130000,-73.870000, 202.930000
-250.130000,-117.930000, 250.120000
-243.710000,-194.670000, 250.120000
-136.490000,-250.130000, 250.120000
-27.810000,-250.130000, 250.120000
 93.290000,-250.130000, 250.120000
 183.340000,-250.130000, 250.120000
 221.330000,-250.130000, 250.120000
 229.390000,-250.130000, 250.120000
 239.270000,-250.130000, 250.120000
 239.790000,-250.130000, 250.120000
 244.370000,-250.130000, 250.120000
 233.020000,-250.130000, 250.120000
 198.900000,-222.760000, 250.120000
 144.880000,-180.070000, 250.120000
 84.760000,-143.440000, 250.120000
 40.750000,-118.690000, 250.120000
 23.700000,-103.850000, 250.120000
 25.760000,-97.640000, 250.120000
 31.490000,-97.470000, 250.120000
 45.130000,-87.280000, 207.850000
 63.390000,-53.330000, 152.450000
 81.920000, 0.690000, 99.190000
 89.500000, 73.540000, 46.330000
 71.800000, 167.380000,-2.860000
 30.770000, 250.120000,-48.100000
-8.060000, 250.120000,-96.220000
-40.090000, 250.120000,-146.030000
-61.610000, 250.120000,-181.600000
-250.130000,-250.130000, 153.510000
 250.120000,-48.760000,-156.860000
 51.580000, 239.800000,-210.560000
-68.630000, 192.610000,-209.330000
-31.700000, 133.670000,-186.050000
 33.890000, 66.930000,-146.420000
-15.600000, 19.450000,-97.870000
-30.210000, 4.640000,-70.900000
-7.160000, 8.830000,-64.590000
-8.930000, 20.290000,-54.300000
-10.730000, 19.120000,-39.800000
 3.490000, 9.580000,-26.340000
 2.610000,-3.480000,-12.490000
-15.390000,-12.320000, 0.450000
-37.640000,-13.410000, 9.640000
-54.620000,-9.820000, 11.650000
-59.250000,-5.350000, 6.800000
-58.180000,-2.760000,-3.060000
-55.450000, 0.920000,-16.870000
-53.540000, 5.260000,-34.250000
-60.370000, 10.380000,-57.760000
-73.000000, 17.970000,-86.750000
-82.450000, 26.960000,-120.180000
-86.470000, 43.960000,-153.000000
-83.800000, 63.200000,-189.400000
-56.640000, 77.300000,-217.410000
-28.090000, 93.640000,-248.040000
 2.870000, 112.390000,-250.130000
 29.350000, 140.250000,-250.130000
 45.470000, 170.740000,-250.130000
 62.540000, 197.900000,-250.130000
 79.130000, 219.610000,-250.130000
 83.030000, 222.620000,-250.130000
 50.250000, 231.830000,-250.130000
 7.670000, 250.120000,-250.130000
-73.270000, 250.120000,-250.130000
-160.890000, 250.120000,-250.130000
-241.020000, 250.120000,-250.130000
-250.130000, 250.120000,-250.130000
-250.130000, 250.120000,-250.130000
-215.900000, 250.120000,-191.020000
-171.220000, 239.660000,-137.000000
-121.000000, 237.500000,-103.890000
-65.370000, 235.410000,-86.140000
-8.280000, 225.190000,-80.870000
 37.720000, 207.750000,-79.240000
 59.770000, 185.340000,-79.160000
 109.100000, 134.870000,-81.340000
 250.120000, 84.930000,-48.180000
 250.120000, 65.180000,-28.720000
 250.120000, 42.760000, 19.670000
 113.560000, 9.530000, 37.340000
-12.940000,-27.380000, 32.410000
-51.840000,-31.540000, 9.550000
-46.030000,-16.470000,-16.460000
-40.740000,-1.530000,-21.320000
-55.370000, 0.610000,-10.550000
-86.220000,-6.530000, 1.540000
-124.120000,-18.380000, 8.130000
-161.910000,-28.610000, 10.410000
-192.660000,-34.770000, 11.800000
-208.180000,-35.860000, 15.510000
-207.280000,-30.090000, 22.040000
-190.100000,-17.210000, 27.140000
-172.470000,-4.430000, 32.320000
-168.000000, 0.640000, 35.000000
-180.650000,-1.700000, 37.250000
-200.010000,-7.740000, 38.710000
-217.190000,-11.580000, 38.870000
-225.890000,-11.180000, 38.610000
-225.520000,-5.690000, 36.140000
-221.120000, 0.890000, 33.580000
-213.890000, 2.160000, 34.010000
-207.260000,-5.130000, 35.010000
-208.880000,-18.520000, 35.060000
-229.160000,-36.540000, 31.290000
-250.130000,-39.480000, 29.740000
-250.130000,-22.180000, 31.470000
-243.580000,-3.750000, 35.320000
-245.220000, 2.870000, 35.350000
-229.980000, 13.020000, 41.180000
-228.510000, 16.040000, 40.650000
-229.080000, 19.320000, 39.740000
-228.470000, 23.700000, 41.570000
-227.500000, 31.110000, 44.660000
-230.830000, 39.770000, 51.460000
-233.460000, 43.440000, 60.060000
-235.880000, 42.800000, 67.470000
-238.920000, 39.800000, 69.990000
-245.550000, 40.880000, 69.010000
-250.130000, 46.540000, 67.150000
-250.130000, 52.610000, 64.410000
-250.130000, 58.100000, 59.960000
-250.130000, 61.290000, 54.740000
-249.450000, 62.480000, 49.930000
-238.180000, 62.230000, 43.700000
-226.240000, 65.230000, 37.000000
-219.990000, 69.410000, 30.330000
-223.610000, 74.110000, 23.030000
-234.290000, 78.490000, 16.140000
-246.030000, 76.380000, 12.060000
-250.130000, 68.740000, 12.980000
-250.130000, 52.070000, 17.420000
-250.130000, 39.940000, 22.200000
-250.130000, 39.290000, 20.730000
-250.130000, 46.050000, 16.690000
-241.680000, 52.490000, 10.760000
-227.020000, 53.280000, 4.840000
-222.850000, 65.870000, 6.410000
-208.800000, 75.300000, 7.340000
-192.430000, 79.290000, 1.520000
-180.480000, 79.150000,-5.350000
-176.850000, 71.410000,-11.260000
-184.800000, 58.330000,-13.370000
-203.140000, 42.010000,-10.300000
-217.540000, 25.500000,-5.430000
-217.990000, 14.000000,-1.680000
-206.500000, 11.130000,-1.780000
-183.620000, 14.900000,-5.830000
-164.420000, 17.600000,-12.440000
-167.740000, 13.490000,-18.020000
-189.740000, 4.220000,-17.850000
-203.700000,-6.780000,-13.370000
-193.170000,-14.320000,-7.770000
-165.190000,-10.140000,-4.250000
-140.970000,-2.630000,-2.950000
-134.290000,-3.000000,-1.030000
-134.190000,-7.190000, 2.130000
-124.460000,-11.250000, 7.320000
-114.320000,-11.710000, 12.410000
-112.100000,-11.280000, 20.030000
-115.830000,-9.800000, 29.030000
-125.460000,-9.970000, 33.900000
-136.330000,-15.830000, 37.900000
-148.280000,-23.350000, 44.960000
-164.370000,-30.930000, 51.240000
-183.470000,-34.190000, 58.360000
-201.930000,-29.220000, 63.830000
-213.070000,-25.120000, 66.270000
-212.700000,-28.240000, 76.380000
-212.540000,-37.310000, 82.390000
-203.320000,-38.610000, 82.200000
-186.660000,-26.120000, 79.410000
-182.570000,-1.230000, 77.800000
-193.550000, 19.040000, 77.830000
-209.740000, 26.910000, 79.030000
-214.930000, 24.850000, 82.150000
-212.060000, 21.070000, 81.650000
-214.470000, 19.670000, 73.920000
-218.830000, 21.900000, 64.740000
-223.900000, 25.380000, 58.180000
-227.060000, 31.050000, 54.900000
-229.190000, 38.500000, 52.970000
-228.580000, 46.720000, 54.190000
-230.100000, 53.070000, 58.040000
-236.560000, 56.570000, 61.770000
-245.080000, 56.760000, 64.980000
-248.250000, 54.170000, 63.350000
-240.560000, 55.600000, 59.810000
-227.540000, 61.540000, 56.030000
-220.280000, 68.120000, 51.880000
-218.940000, 70.600000, 48.550000
-222.520000, 69.480000, 43.830000
-225.930000, 67.870000, 37.450000
-216.030000, 68.960000, 25.360000
-196.370000, 70.670000, 16.170000
-199.180000, 59.660000, 8.950000
-214.300000, 39.740000, 10.790000
-244.450000, 12.660000, 46.970000
-250.130000,-38.030000, 110.550000
-230.050000,-110.830000, 174.940000
-145.580000,-173.140000, 213.220000
-25.510000,-217.770000, 235.480000
 89.180000,-250.130000, 250.120000
 183.920000,-250.130000, 250.120000
 242.620000,-250.130000, 250.120000
 229.440000,-250.130000, 250.120000
 164.700000,-250.130000, 250.120000
 102.860000,-250.130000, 250.120000
 74.870000,-250.130000, 250.120000
 75.890000,-250.130000, 250.120000
 90.930000,-250.130000, 250.120000
 108.110000,-250.130000, 250.120000
 113.550000,-226.400000, 250.120000
 101.110000,-198.670000, 250.120000
 82.020000,-186.940000, 250.120000
 63.680000,-173.130000, 250.120000
 44.790000,-149.120000, 250.120000
 35.140000,-128.020000, 250.120000
 31.350000,-111.450000, 250.120000
 27.870000,-107.220000, 250.120000
 17.350000,-104.410000, 219.480000
 10.460000,-74.260000, 174.400000
 18.690000,-11.750000, 131.710000
 39.240000, 71.800000, 83.380000
 54.180000, 165.650000, 32.800000
 58.120000, 250.120000,-13.680000
 54.910000, 250.120000,-60.580000
 30.930000, 250.120000,-97.280000
-22.780000, 216.550000,-19.800000
 250.120000,-250.130000, 36.770000
 198.900000, 193.160000,-232.440000
-19.440000, 217.870000,-186.080000
-78.480000, 196.550000,-192.900000
 32.380000, 100.990000,-163.220000
 25.790000, 73.550000,-117.060000
-21.160000, 52.210000,-77.260000
 4.060000, 45.960000,-67.290000
 26.220000, 43.670000,-65.780000
 37.030000, 43.060000,-63.110000
 47.540000, 38.050000,-58.060000
 44.920000, 32.340000,-48.990000
 17.320000, 29.210000,-37.590000
-11.840000, 28.450000,-26.950000
-30.620000, 23.860000,-21.450000
-40.010000, 16.270000,-23.200000
-48.990000, 11.940000,-30.210000
-59.670000, 14.430000,-43.060000
-70.190000, 21.370000,-62.530000
-73.930000, 29.960000,-88.510000
-66.360000, 44.170000,-118.580000
-61.830000, 60.180000,-152.700000
-49.820000, 80.030000,-184.210000
-42.990000, 95.060000,-214.440000
-16.500000, 112.830000,-239.690000
 11.470000, 139.100000,-250.130000
 28.610000, 170.420000,-250.130000
 40.130000, 193.300000,-250.130000
 43.480000, 217.010000,-250.130000
 15.220000, 223.770000,-250.130000
-34.840000, 225.650000,-250.130000
-73.540000, 241.020000,-250.130000
-113.200000, 249.850000,-250.130000
-133.930000, 248.890000,-250.130000
-140.180000, 244.870000,-250.130000
-117.500000, 238.830000,-235.000000
-82.830000, 239.490000,-203.930000
-63.300000, 232.170000,-191.930000
-61.410000, 222.290000,-179.860000
-73.440000, 206.610000,-162.430000
-89.610000, 184.220000,-137.840000
-104.700000, 156.610000,-113.000000
-101.460000, 136.510000,-96.530000
-81.530000, 133.510000,-93.980000
-60.960000, 144.670000,-94.470000
-54.880000, 154.950000,-86.820000
-15.580000, 140.680000,-73.920000
 250.120000, 92.220000,-45.640000
 250.120000, 75.310000,-24.510000
 197.870000, 65.460000, 18.830000
 27.470000, 19.160000, 29.500000
-42.190000,-10.820000, 21.800000
-46.250000, 0.830000,-6.110000
-53.780000, 23.220000,-38.510000
-74.720000, 32.460000,-44.930000
-118.060000, 20.110000,-38.260000
-159.870000, 3.350000,-34.770000
-190.810000,-12.150000,-34.140000
-203.280000,-17.770000,-34.030000
-199.990000,-18.670000,-29.540000
-189.730000,-16.580000,-25.080000
-179.640000,-12.950000,-15.330000
-172.300000,-12.430000,-6.100000
-171.550000,-14.960000, 2.410000
-167.540000,-16.950000, 8.220000
-162.160000,-18.550000, 12.050000
-160.730000,-17.700000, 16.710000
-161.920000,-17.960000, 23.320000
-166.630000,-21.600000, 26.880000
-171.280000,-27.640000, 27.510000
-176.810000,-31.380000, 28.260000
-184.830000,-32.670000, 31.060000
-196.120000,-38.520000, 38.790000
-217.540000,-59.380000, 42.930000
-250.130000,-64.530000, 45.520000
-250.130000,-62.110000, 43.120000
-250.130000,-46.430000, 41.090000
-250.130000,-23.680000, 34.540000
-250.130000, 3.810000, 34.010000
-215.640000, 21.460000, 37.410000
-199.740000, 29.120000, 41.700000
-203.130000, 29.540000, 42.900000
-214.160000, 28.190000, 40.620000
-223.020000, 27.700000, 37.530000
-222.630000, 27.800000, 37.460000
-216.430000, 31.160000, 37.920000
-209.080000, 37.350000, 37.410000
-206.790000, 39.750000, 35.670000
-204.920000, 40.580000, 36.790000
-202.210000, 38.450000, 36.970000
-199.700000, 38.030000, 34.420000
-199.350000, 39.660000, 34.220000
-213.700000, 44.100000, 34.450000
-243.930000, 46.710000, 27.230000
-250.130000, 50.460000, 18.460000
-250.130000, 54.880000, 14.750000
-250.130000, 60.740000, 15.730000
-250.130000, 62.120000, 15.270000
-250.130000, 51.480000, 6.980000
-250.130000, 53.110000,-3.660000
-250.130000, 68.110000, 6.630000
-250.130000, 77.620000, 4.630000
-221.710000, 75.840000, 14.380000
-230.910000, 68.910000, 17.290000
-233.770000, 63.150000, 21.290000
-225.670000, 54.550000, 18.610000
-222.860000, 46.120000, 16.250000
-212.270000, 45.100000, 12.890000
-203.420000, 44.610000, 8.880000
-195.000000, 46.300000, 5.600000
-192.030000, 33.990000, 4.660000
-199.020000, 24.520000, 5.900000
-213.490000, 23.760000, 5.570000
-217.800000, 25.680000, 3.850000
-218.750000, 26.180000,-2.410000
-221.640000, 24.230000,-9.500000
-214.430000, 20.170000,-11.410000
-203.830000, 16.530000,-9.630000
-195.410000, 16.390000,-7.430000
-182.410000, 18.700000,-3.900000
-161.610000, 12.130000, 1.120000
-138.650000, 1.580000, 6.420000
-126.190000,-5.290000, 10.800000
-119.500000,-9.950000, 13.770000
-125.980000,-7.600000, 19.410000
-143.160000,-6.860000, 24.220000
-159.420000,-12.080000, 27.320000
-173.250000,-20.340000, 32.680000
-184.620000,-28.660000, 35.680000
-195.120000,-30.770000, 37.740000
-200.510000,-27.100000, 36.310000
-206.880000,-21.790000, 35.430000
-216.430000,-17.140000, 38.060000
-238.140000,-21.580000, 36.820000
-250.130000,-35.030000, 33.400000
-250.130000,-43.910000, 39.560000
-250.130000,-49.210000, 52.300000
-250.130000,-51.510000, 64.880000
-250.130000,-46.580000, 70.330000
-250.130000,-32.550000, 68.160000
-246.000000,-17.220000, 63.230000
-228.260000,-2.470000, 58.790000
-203.930000, 6.660000, 58.830000
-181.520000, 11.930000, 62.910000
-166.970000, 18.610000, 67.960000
-161.480000, 24.920000, 71.770000
-165.070000, 25.670000, 70.290000
-176.890000, 24.920000, 68.330000
-187.840000, 25.760000, 66.880000
-195.500000, 31.290000, 64.930000
-197.450000, 38.870000, 63.350000
-195.660000, 44.110000, 61.740000
-190.370000, 47.170000, 60.120000
-183.320000, 50.870000, 58.930000
-174.670000, 55.490000, 58.220000
-167.580000, 62.130000, 56.520000
-160.900000, 69.350000, 52.420000
-155.480000, 74.080000, 48.970000
-158.050000, 73.380000, 45.140000
-170.030000, 60.960000, 43.800000
-191.250000, 29.330000, 55.250000
-207.650000,-11.410000, 74.230000
-174.440000,-41.270000, 127.940000
-135.870000,-57.120000, 196.600000
-70.510000,-73.770000, 239.580000
-15.280000,-111.610000, 250.120000
 15.750000,-159.260000, 250.120000
 20.620000,-220.020000, 250.120000
 40.070000,-250.130000, 250.120000
 82.180000,-250.130000, 250.120000
 117.350000,-250.130000, 250.120000
 147.320000,-250.130000, 250.120000
 147.700000,-250.130000, 250.120000
 133.770000,-250.130000, 250.120000
 127.350000,-250.130000, 250.120000
 128.350000,-221.190000, 250.120000
 127.490000,-185.700000, 250.120000
 121.290000,-154.500000, 250.120000
 97.540000,-133.300000, 250.120000
 58.920000,-114.830000, 250.120000
 16.770000,-94.740000, 250.120000
-8.220000,-79.390000, 250.120000
-10.630000,-66.890000, 250.120000
-1.880000,-57.560000, 247.520000
 0.670000,-50.260000, 203.690000
 8.270000,-36.090000, 166.200000
 38.010000, 4.500000, 135.560000
 67.540000, 68.840000, 100.730000
 60.520000, 140.760000, 59.280000
 31.960000, 212.660000, 17.980000
-1.880000, 250.120000,-31.310000
-31.750000, 250.120000,-82.410000
 91.320000, 250.120000,-91.050000
 86.480000,-250.130000, 120.410000
 250.120000, 78.450000,-148.330000
 30.160000, 176.470000,-135.480000
-99.230000, 162.240000,-141.150000
-75.900000, 101.530000,-117.390000
-3.700000, 46.170000,-96.190000
-21.690000, 19.580000,-61.570000
-14.960000, 9.590000,-41.400000
 24.840000, 13.910000,-38.450000
 44.380000, 13.980000,-37.120000
 41.890000, 13.190000,-32.650000
 28.700000, 12.280000,-28.480000
 13.260000, 13.250000,-26.400000
 1.230000, 13.350000,-24.100000
-7.380000, 9.580000,-18.080000
-11.640000, 5.190000,-13.380000
-10.510000, 3.370000,-14.470000
-5.970000, 4.300000,-22.530000
 4.250000, 8.980000,-35.060000
 8.730000, 14.700000,-51.220000
-1.300000, 19.380000,-65.510000
-23.160000, 20.090000,-77.130000
-48.170000, 19.730000,-88.030000
-70.860000, 24.380000,-98.220000
-83.220000, 33.780000,-109.880000
-86.710000, 46.430000,-129.660000
-85.130000, 56.770000,-149.480000
-61.310000, 69.890000,-175.460000
-33.590000, 82.320000,-198.280000
-8.800000, 89.480000,-221.850000
 10.930000, 101.930000,-247.450000
 23.270000, 128.730000,-250.130000
 36.160000, 154.660000,-250.130000
 47.550000, 172.800000,-250.130000
 41.100000, 171.960000,-250.130000
 14.380000, 165.180000,-250.130000
-9.560000, 179.800000,-250.130000
-64.220000, 200.060000,-250.130000
-113.340000, 210.590000,-250.130000
-133.950000, 212.190000,-250.130000
-110.760000, 214.480000,-250.130000
-65.520000, 234.450000,-250.130000
-54.840000, 250.120000,-250.130000
-65.450000, 250.120000,-250.130000
-76.550000, 250.120000,-250.130000
-82.080000, 250.120000,-226.610000
-84.550000, 234.360000,-180.890000
-80.210000, 218.290000,-137.290000
-68.020000, 203.530000,-104.080000
-49.190000, 186.830000,-81.310000
-32.350000, 165.810000,-64.470000
 47.410000, 136.920000,-60.540000
 250.120000, 143.930000,-15.260000
 250.120000, 134.510000,-6.730000
 250.120000, 91.160000, 37.320000
 200.280000, 9.760000, 55.410000
 31.720000,-68.320000, 42.650000
-64.670000,-101.190000, 18.550000
-71.370000,-86.400000, 14.250000
-64.030000,-45.830000, 11.290000
-86.700000,-19.280000, 9.060000
-138.480000,-22.990000, 9.630000
-187.830000,-36.800000, 10.570000
-221.580000,-41.770000, 14.900000
-247.200000,-41.750000, 20.070000
-250.130000,-39.740000, 25.540000
-250.130000,-39.680000, 30.720000
-250.130000,-39.120000, 34.580000
-250.130000,-38.210000, 32.370000
-250.130000,-36.460000, 29.130000
-232.850000,-38.770000, 28.780000
-207.180000,-47.940000, 33.730000
-198.350000,-56.460000, 36.500000
-205.780000,-55.800000, 35.780000
-217.050000,-53.320000, 36.050000
-225.510000,-53.200000, 41.510000
-227.440000,-53.170000, 50.660000
-226.690000,-41.900000, 62.860000
-224.210000,-28.030000, 69.080000
-223.730000,-12.800000, 67.030000
-224.650000, 1.160000, 62.590000
-229.090000, 8.210000, 58.780000
-238.120000, 15.610000, 54.770000
-250.130000, 19.980000, 54.940000
-250.130000, 26.220000, 55.380000
-249.180000, 33.450000, 54.160000
-230.380000, 42.130000, 50.160000
-218.590000, 51.360000, 50.880000
-219.030000, 56.270000, 54.280000
-229.200000, 55.390000, 57.060000
-242.760000, 54.260000, 58.350000
-250.130000, 54.140000, 59.380000
-250.130000, 57.670000, 58.520000
-243.300000, 64.170000, 60.090000
-242.160000, 71.790000, 57.770000
-247.380000, 77.140000, 51.480000
-250.130000, 81.690000, 44.720000
-250.130000, 84.690000, 37.740000
-250.130000, 85.300000, 29.580000
-250.130000, 88.860000, 20.650000
-250.130000, 88.510000, 14.770000
-250.130000, 90.700000, 10.600000
-250.130000, 96.980000, 7.120000
-250.130000, 97.360000, 7.310000
-250.130000, 90.670000, 8.640000
-250.130000, 78.380000, 9.370000
-250.130000, 63.870000, 11.570000
-250.130000, 57.550000, 19.710000
-239.250000, 54.370000, 26.740000
-224.440000, 52.700000, 21.450000
-213.940000, 47.430000, 11.320000
-211.070000, 39.280000, 6.040000
-215.170000, 29.200000, 7.290000
-218.260000, 20.190000, 15.310000
-210.610000, 13.950000, 22.390000
-189.970000, 13.480000, 27.660000
-164.220000, 15.590000, 30.080000
-143.720000, 18.170000, 30.860000
-140.790000, 17.400000, 32.510000
-150.640000, 14.740000, 34.500000
-166.020000, 11.960000, 35.160000
-176.940000, 11.590000, 33.520000
-179.520000, 16.670000, 29.990000
-175.960000, 26.530000, 25.890000
-171.830000, 35.590000, 22.330000
-170.800000, 41.430000, 18.740000
-175.510000, 44.190000, 16.480000
-182.480000, 45.720000, 16.770000
-188.830000, 45.840000, 18.710000
-192.610000, 44.510000, 22.510000
-193.560000, 44.640000, 25.220000
-193.670000, 45.850000, 26.530000
-197.350000, 49.190000, 27.320000
-204.450000, 50.200000, 26.730000
-224.560000, 35.480000, 26.040000
-239.610000, 23.230000, 29.930000
-239.540000, 10.740000, 33.720000
-226.770000, 7.520000, 37.690000
-225.890000, 3.240000, 41.690000
-238.080000,-5.590000, 47.380000
-250.130000,-17.150000, 59.140000
-247.080000,-30.820000, 71.710000
-237.240000,-37.670000, 82.510000
-230.710000,-30.730000, 90.210000
-219.580000,-8.800000, 90.150000
-203.750000, 17.580000, 81.510000
-194.800000, 34.040000, 69.140000
-173.880000, 42.030000, 65.140000
-146.550000, 47.480000, 65.190000
-121.560000, 51.510000, 65.870000
-107.270000, 53.160000, 62.240000
-111.090000, 58.980000, 54.730000
-131.320000, 63.160000, 47.610000
-159.590000, 63.360000, 43.120000
-184.460000, 64.350000, 38.430000
-196.870000, 68.480000, 34.210000
-198.370000, 74.370000, 30.830000
-198.000000, 76.830000, 33.270000
-200.320000, 72.790000, 40.900000
-203.590000, 63.220000, 50.350000
-202.300000, 44.640000, 62.960000
-207.670000, 8.310000, 86.880000
-222.910000,-20.410000, 111.400000
-243.300000,-37.560000, 146.490000
-243.800000,-58.130000, 207.700000
-208.100000,-80.250000, 250.120000
-145.850000,-108.860000, 250.120000
-84.290000,-134.420000, 250.120000
-25.010000,-175.620000, 250.120000
 16.550000,-218.980000, 250.120000
 58.020000,-241.350000, 250.120000
 91.430000,-250.130000, 250.120000
 118.120000,-247.030000, 250.120000
 122.340000,-248.380000, 250.120000
 122.930000,-243.410000, 250.120000
 127.920000,-232.830000, 250.120000
 130.360000,-211.510000, 250.120000
 125.940000,-189.820000, 250.120000
 115.170000,-166.730000, 250.120000
 89.630000,-148.390000, 250.120000
 62.560000,-133.770000, 250.120000
 39.730000,-122.230000, 250.120000
 27.890000,-113.510000, 250.120000
 28.000000,-100.720000, 246.040000
 41.660000,-74.560000, 197.430000
 65.380000,-48.900000, 146.030000
 96.990000,-24.380000, 100.860000
 117.640000,-1.550000, 66.350000
 113.510000, 19.620000, 39.040000
 94.420000, 49.160000, 12.940000
 77.100000, 96.510000,-13.480000
 73.850000, 165.730000,-41.480000
 67.190000, 242.670000,-77.960000
 43.630000, 250.120000,-115.220000
 7.880000, 250.120000,-148.430000
-15.840000, 250.120000,-175.460000
-250.130000,-250.130000, 112.510000
 250.120000,-170.750000,-110.520000
 74.430000, 130.140000,-175.800000
-147.920000, 142.970000,-142.330000
-88.380000, 103.930000,-125.840000
-53.160000, 78.530000,-106.200000
-78.580000, 33.770000,-70.350000
-39.830000, 24.060000,-35.790000
 2.290000, 15.200000,-14.320000
 21.640000, 9.170000,-1.040000
 23.640000, 5.290000, 10.150000
 13.780000, 5.660000, 15.330000
-0.400000, 7.700000, 9.720000
-11.960000, 9.510000, 0.190000
-16.380000, 9.120000,-8.580000
-13.970000, 6.250000,-17.070000
-12.240000, 4.460000,-26.260000
-14.790000, 4.210000,-37.150000
-19.230000, 6.450000,-52.410000
-25.230000, 9.990000,-71.670000
-43.200000, 15.700000,-92.950000
-62.990000, 22.830000,-111.680000
-80.110000, 26.320000,-134.530000
-92.960000, 32.140000,-158.150000
-97.320000, 48.410000,-183.780000
-82.120000, 73.170000,-210.580000
-52.200000, 95.060000,-237.470000
-24.120000, 121.540000,-250.130000
 4.250000, 146.830000,-250.130000
 22.450000, 157.030000,-250.130000
 14.760000, 153.250000,-250.130000
 5.910000, 158.350000,-250.130000
-1.980000, 200.310000,-250.130000
-25.820000, 237.360000,-250.130000
-69.260000, 250.120000,-250.130000
-130.850000, 250.120000,-250.130000
-178.350000, 250.120000,-250.130000
-199.490000, 246.050000,-250.130000
-189.200000, 250.120000,-250.130000
-164.750000, 250.120000,-233.510000
-136.830000, 250.120000,-227.780000
-126.190000, 250.120000,-225.640000
-115.930000, 250.120000,-211.000000
-107.420000, 250.120000,-189.370000
-103.490000, 219.430000,-159.870000
-107.140000, 177.670000,-128.690000
-110.620000, 145.640000,-99.330000
-110.220000, 120.060000,-74.200000
-104.870000, 98.770000,-52.080000
-70.460000, 78.460000,-39.740000
 144.440000, 69.940000,-13.050000
 250.120000, 77.040000, 1.020000
 250.120000, 83.980000, 20.610000
 250.120000, 75.430000, 42.770000
 164.830000, 36.190000, 51.480000
 57.610000,-27.030000, 35.470000
-32.380000,-78.880000, 14.840000
-75.020000,-96.760000, 4.170000
-90.750000,-81.620000, 6.730000
-98.570000,-52.720000, 12.900000
-113.050000,-32.350000, 16.440000
-137.700000,-28.210000, 13.680000
-165.470000,-34.460000, 13.520000
-188.520000,-42.580000, 17.830000
-202.360000,-46.450000, 26.000000
-210.190000,-45.330000, 37.140000
-212.720000,-39.600000, 47.020000
-213.180000,-31.580000, 53.300000
-211.710000,-26.270000, 53.150000
-205.380000,-23.660000, 48.870000
-193.450000,-25.030000, 43.930000
-177.220000,-26.260000, 40.450000
-166.670000,-26.220000, 37.940000
-161.560000,-24.280000, 36.070000
-158.490000,-21.700000, 33.380000
-158.030000,-17.320000, 32.050000
-159.580000,-13.400000, 27.380000
-162.960000,-9.190000, 21.040000
-169.500000,-6.170000, 18.580000
-177.040000,-3.490000, 23.800000
-182.900000,-6.750000, 35.220000
-188.030000,-11.000000, 47.780000
-191.130000,-13.690000, 56.060000
-198.380000,-9.250000, 57.000000
-208.920000, 2.020000, 56.910000
-219.170000, 9.020000, 56.740000
-228.260000, 10.260000, 55.610000
-232.850000, 8.430000, 53.250000
-232.370000, 8.490000, 53.020000
-226.160000, 10.350000, 54.640000
-216.350000, 12.190000, 55.830000
-205.250000, 14.020000, 56.070000
-194.950000, 14.360000, 54.300000
-190.320000, 14.000000, 51.900000
-194.370000, 15.450000, 51.740000
-199.650000, 18.640000, 52.600000
-200.450000, 22.480000, 52.270000
-195.560000, 26.220000, 52.380000
-188.720000, 30.350000, 54.030000
-182.140000, 35.090000, 55.280000
-177.630000, 42.030000, 55.490000
-180.410000, 48.120000, 53.940000
-193.830000, 51.500000, 51.800000
-211.600000, 51.970000, 50.320000
-226.670000, 49.360000, 51.000000
-231.480000, 46.160000, 54.640000
-225.370000, 45.730000, 57.850000
-213.220000, 49.580000, 57.120000
-202.950000, 55.110000, 52.660000
-201.770000, 59.110000, 46.710000
-208.770000, 61.610000, 41.220000
-218.300000, 62.840000, 37.620000
-224.760000, 61.910000, 36.680000
-226.730000, 61.100000, 38.620000
-225.210000, 59.640000, 38.810000
-222.320000, 58.750000, 36.730000
-220.460000, 56.430000, 33.810000
-219.170000, 49.870000, 30.270000
-217.100000, 40.920000, 26.000000
-214.670000, 33.800000, 22.940000
-215.380000, 30.360000, 24.060000
-215.080000, 28.240000, 29.670000
-209.370000, 25.560000, 35.700000
-196.670000, 23.000000, 40.760000
-179.010000, 20.840000, 43.410000
-158.950000, 22.210000, 42.090000
-149.650000, 26.580000, 40.380000
-155.090000, 32.200000, 41.370000
-169.290000, 35.000000, 43.220000
-181.800000, 35.740000, 46.200000
-187.260000, 34.700000, 50.550000
-186.210000, 35.230000, 54.700000
-180.500000, 41.000000, 57.510000
-175.670000, 49.980000, 57.020000
-176.350000, 58.160000, 54.380000
-184.640000, 63.730000, 51.890000
-196.560000, 66.670000, 49.360000
-208.450000, 68.110000, 46.920000
-217.350000, 69.630000, 44.470000
-224.230000, 69.320000, 40.440000
-231.170000, 68.370000, 37.230000
-240.660000, 66.090000, 36.180000
-248.270000, 63.610000, 35.480000
-248.660000, 62.860000, 31.710000
-247.990000, 54.800000, 24.610000
-246.080000, 25.930000, 25.360000
-249.140000,-2.700000, 38.060000
-236.250000,-16.520000, 45.090000
-219.160000,-26.410000, 57.410000
-203.120000,-35.240000, 74.350000
-199.290000,-39.270000, 88.790000
-196.960000,-27.150000, 94.000000
-190.200000,-4.790000, 91.400000
-178.570000, 23.220000, 82.520000
-165.740000, 41.910000, 72.960000
-155.210000, 46.570000, 65.400000
-149.310000, 39.950000, 62.130000
-146.080000, 32.540000, 60.720000
-142.190000, 33.650000, 58.070000
-140.390000, 39.300000, 59.770000
-141.570000, 45.410000, 63.060000
-146.460000, 49.030000, 65.110000
-149.040000, 51.800000, 66.820000
-145.510000, 52.490000, 69.000000
-139.250000, 45.900000, 74.330000
-142.980000, 30.290000, 82.560000
-148.450000, 8.200000, 96.650000
-161.410000,-22.690000, 120.580000
-153.720000,-40.270000, 144.160000
-125.740000,-42.730000, 178.410000
-96.440000,-41.480000, 230.610000
-88.630000,-44.630000, 250.120000
-106.460000,-63.050000, 250.120000
-103.590000,-94.450000, 250.120000
-55.820000,-142.280000, 250.120000
 24.450000,-183.110000, 250.120000
 75.120000,-211.040000, 250.120000
 80.600000,-221.980000, 250.120000
 64.850000,-232.780000, 250.120000
 51.980000,-239.590000, 250.120000
 47.890000,-238.880000, 250.120000
 58.780000,-227.720000, 250.120000
 81.590000,-211.300000, 250.120000
 104.960000,-194.500000, 250.120000
 114.450000,-176.900000, 250.120000
 112.730000,-161.090000, 250.120000
 116.290000,-143.050000, 250.120000
 129.380000,-114.290000, 250.120000
 115.260000,-92.880000, 250.120000
 72.920000,-83.010000, 236.490000
 27.930000,-76.190000, 205.480000
 6.090000,-67.700000, 164.920000
 20.730000,-48.870000, 125.300000
 57.120000,-13.160000, 89.510000
 83.660000, 18.480000, 57.300000
 74.800000, 32.910000, 32.330000
 49.670000, 41.050000, 13.250000
 30.460000, 58.670000,-9.640000
 33.770000, 98.900000,-38.080000
 47.200000, 156.720000,-73.840000
 46.210000, 228.630000,-119.990000
 24.050000, 250.120000,-166.420000
 3.430000, 250.120000,-209.240000
 10.600000, 250.120000,-245.620000
-250.130000,-250.130000, 128.690000
 250.120000, 30.330000,-212.420000
 139.640000, 197.730000,-243.140000
-5.290000, 201.930000,-250.130000
-27.580000, 142.690000,-207.300000
-35.060000, 93.540000,-152.450000
-86.290000, 55.870000,-80.720000
-103.800000, 50.680000,-48.800000
-76.410000, 54.900000,-48.930000
-73.960000, 49.680000,-53.020000
-67.510000, 44.250000,-55.160000
-39.190000, 30.660000,-57.110000
-11.960000, 19.610000,-64.870000
-10.630000, 20.090000,-72.310000
-23.760000, 21.420000,-75.290000
-40.030000, 19.060000,-85.770000
-48.230000, 18.160000,-98.650000
-48.060000, 22.070000,-118.870000
-46.990000, 26.900000,-148.610000
-35.960000, 35.310000,-187.330000
-14.740000, 53.480000,-230.500000
 9.480000, 73.770000,-250.130000
 25.400000, 92.220000,-250.130000
 38.960000, 113.380000,-250.130000
 39.980000, 135.060000,-250.130000
 39.090000, 159.920000,-250.130000
 57.250000, 196.410000,-250.130000
 85.870000, 231.760000,-250.130000
 115.820000, 250.120000,-250.130000
 119.060000, 234.980000,-250.130000
 96.220000, 201.810000,-250.130000
 54.520000, 165.340000,-250.130000
 9.250000, 142.320000,-250.130000
-15.450000, 143.080000,-250.130000
-22.320000, 154.000000,-250.130000
-20.910000, 159.020000,-250.130000
-24.050000, 155.000000,-226.930000
-33.110000, 149.610000,-199.290000
-49.230000, 137.700000,-174.120000
-73.250000, 128.250000,-143.090000
-98.900000, 114.990000,-107.060000
-119.430000, 91.380000,-70.570000
-130.680000, 67.610000,-38.150000
-130.200000, 48.600000,-10.980000
-72.030000, 21.680000,-2.800000
 190.830000, 4.790000, 16.530000
 213.740000, 0.960000, 24.570000
 71.990000, 2.010000, 33.610000
-50.940000,-29.640000, 13.080000
-76.190000,-32.750000, 1.320000
-72.540000,-16.500000,-8.120000
-94.390000,-13.060000,-5.030000
-126.960000,-16.700000, 5.050000
-147.800000,-15.410000, 9.120000
-155.240000,-13.810000, 10.130000
-164.560000,-16.530000, 16.300000
-174.580000,-21.040000, 26.590000
-183.690000,-27.150000, 36.330000
-186.220000,-26.320000, 38.350000
-178.430000,-18.960000, 37.190000
-168.340000,-11.780000, 36.790000
-162.310000,-6.810000, 32.590000
-165.100000,-5.960000, 25.540000
-173.890000,-11.780000, 23.220000
-192.450000,-24.700000, 24.310000
-213.090000,-36.480000, 25.580000
-225.740000,-40.440000, 29.540000
-218.410000,-35.390000, 32.350000
-207.690000,-33.420000, 33.920000
-214.990000,-37.470000, 34.350000
-238.040000,-49.340000, 34.880000
-250.130000,-56.590000, 37.250000
-250.130000,-59.980000, 43.120000
-250.130000,-55.780000, 52.000000
-247.610000,-39.680000, 58.230000
-238.220000,-18.940000, 60.480000
-226.000000, 3.830000, 60.950000
-217.320000, 20.770000, 61.060000
-215.610000, 29.500000, 67.330000
-228.210000, 33.410000, 70.610000
-234.830000, 39.450000, 71.260000
-234.550000, 43.310000, 68.100000
-231.240000, 46.790000, 65.690000
-229.150000, 48.710000, 65.740000
-233.380000, 50.320000, 66.190000
-241.920000, 52.000000, 66.620000
-245.520000, 53.290000, 67.700000
-240.340000, 56.290000, 69.610000
-231.160000, 61.730000, 69.510000
-220.520000, 67.280000, 68.660000
-214.770000, 72.160000, 67.870000
-214.770000, 76.510000, 69.350000
-222.350000, 77.830000, 68.650000
-229.900000, 80.810000, 66.440000
-237.410000, 85.050000, 62.710000
-243.740000, 88.870000, 57.190000
-249.910000, 92.680000, 54.430000
-250.130000, 92.660000, 50.540000
-250.130000, 88.230000, 46.190000
-250.130000, 84.450000, 44.350000
-250.130000, 80.290000, 45.410000
-250.130000, 71.730000, 15.340000
-250.130000, 82.900000, 16.820000
-250.130000, 82.380000, 43.710000
-234.230000, 93.700000, 45.200000
-209.700000, 96.280000, 29.290000
-194.100000, 88.230000, 21.410000
-191.520000, 74.890000, 18.730000
-192.770000, 64.460000, 15.740000
-200.300000, 53.280000, 17.250000
-208.030000, 40.220000, 26.180000
-203.530000, 29.510000, 37.080000
-188.410000, 25.500000, 42.700000
-163.600000, 27.360000, 40.220000
-137.650000, 34.590000, 32.790000
-125.060000, 42.410000, 24.670000
-129.350000, 43.240000, 18.580000
-146.890000, 36.420000, 15.940000
-167.830000, 26.790000, 18.810000
-180.230000, 22.040000, 24.700000
-180.410000, 23.340000, 29.060000
-168.180000, 30.220000, 29.890000
-152.910000, 37.560000, 28.350000
-142.140000, 41.590000, 27.120000
-142.060000, 44.960000, 26.480000
-150.930000, 45.110000, 24.980000
-170.900000, 39.870000, 21.020000
-193.230000, 35.200000, 18.220000
-208.690000, 34.680000, 14.700000
-205.490000, 42.040000, 14.930000
-198.220000, 52.130000, 13.700000
-187.250000, 55.160000, 15.320000
-175.870000, 47.950000, 26.500000
-169.790000, 30.170000, 42.920000
-182.510000, 11.120000, 55.800000
-190.410000, 7.990000, 60.500000
-206.430000, 11.320000, 65.540000
-215.600000, 17.980000, 71.580000
-213.640000, 6.750000, 87.590000
-209.190000,-16.350000, 99.350000
-191.130000,-32.220000, 106.560000
-179.310000,-43.430000, 114.600000
-169.920000,-31.560000, 116.840000
-163.020000, 3.100000, 113.280000
-155.890000, 45.930000, 98.830000
-158.170000, 74.350000, 77.190000
-176.320000, 82.260000, 55.660000
-196.110000, 78.060000, 41.700000
-215.720000, 69.470000, 36.200000
-224.670000, 63.300000, 37.560000
-221.640000, 60.800000, 44.260000
-208.610000, 61.900000, 54.170000
-190.040000, 64.560000, 60.080000
-176.500000, 68.330000, 61.940000
-173.780000, 68.510000, 62.130000
-185.530000, 60.100000, 65.760000
-200.610000, 49.370000, 67.040000
-218.590000, 38.830000, 69.590000
-230.970000, 20.130000, 82.050000
-246.540000,-2.530000, 108.830000
-250.130000,-21.510000, 138.720000
-250.130000,-46.610000, 178.510000
-250.130000,-81.790000, 227.960000
-246.590000,-102.330000, 250.120000
-192.750000,-122.450000, 250.120000
-122.580000,-160.700000, 250.120000
-39.060000,-211.020000, 250.120000
 35.660000,-248.350000, 250.120000
 85.610000,-250.130000, 250.120000
 122.210000,-250.130000, 250.120000
 154.900000,-250.130000, 250.120000
 182.050000,-250.130000, 250.120000
 213.960000,-250.130000, 250.120000
 235.380000,-250.130000, 250.120000
 241.880000,-236.050000, 250.120000
 218.980000,-200.980000, 250.120000
 183.220000,-173.580000, 250.120000
 130.990000,-149.250000, 250.120000
 88.540000,-134.470000, 250.120000
 58.000000,-125.340000, 250.120000
 40.220000,-117.350000, 250.120000
 33.470000,-109.270000, 250.120000
 33.350000,-97.780000, 242.850000
 39.920000,-76.680000, 199.050000
 57.410000,-59.120000, 156.050000
 79.930000,-52.870000, 129.160000
 96.510000,-53.740000, 107.190000
 94.110000,-47.070000, 85.400000
 77.720000,-24.160000, 55.120000
 63.480000, 13.350000, 16.400000
 56.790000, 65.050000,-27.000000
 59.090000, 131.540000,-66.540000
 63.700000, 215.260000,-104.110000
 50.090000, 250.120000,-136.900000
 11.610000, 250.120000,-165.300000
-57.290000, 250.120000,-192.390000
-250.130000,-250.130000, 33.270000
 250.120000,-73.290000,-159.070000
 250.120000, 220.410000,-250.130000
 31.680000, 171.700000,-249.240000
-29.350000, 133.720000,-199.130000
 17.160000, 105.960000,-136.900000
 8.320000, 59.540000,-79.120000
-35.280000, 28.330000,-54.440000
-13.700000, 17.320000,-44.390000
 18.510000, 7.770000,-45.450000
 32.610000, 10.900000,-43.810000
 36.740000, 11.770000,-34.580000
 27.830000, 6.450000,-24.760000
 0.970000, 5.850000,-15.950000
-35.290000, 11.340000,-9.120000
-55.240000, 18.540000,-7.680000
-57.150000, 23.960000,-15.190000
-59.110000, 23.550000,-24.670000
-61.090000, 20.060000,-38.830000
-64.870000, 22.540000,-54.580000
-63.400000, 20.960000,-64.800000
-60.180000, 22.190000,-79.920000
-54.270000, 27.900000,-101.850000
-40.340000, 40.030000,-130.700000
-32.730000, 65.090000,-164.670000
-22.190000, 90.990000,-194.360000
-17.470000, 117.490000,-219.550000
-13.770000, 133.340000,-249.350000
-10.350000, 151.830000,-250.130000
 7.270000, 166.830000,-250.130000
 34.540000, 189.920000,-250.130000
 57.950000, 207.320000,-250.130000
 37.190000, 214.880000,-250.130000
-20.250000, 244.250000,-250.130000
-97.580000, 250.120000,-250.130000
-168.750000, 250.120000,-250.130000
-201.640000, 250.120000,-250.130000
-185.620000, 250.120000,-250.130000
-149.640000, 250.120000,-250.130000
-114.530000, 250.120000,-250.130000
-102.530000, 250.120000,-236.630000
-112.970000, 250.120000,-203.640000
-131.000000, 250.120000,-177.410000
-143.060000, 250.120000,-149.420000
-149.150000, 214.100000,-121.870000
-147.130000, 165.520000,-91.640000
-136.730000, 116.590000,-60.770000
-110.630000, 79.090000,-34.220000
-19.620000, 57.410000,-25.510000
 250.120000, 38.120000,-3.260000
 250.120000, 15.480000,-10.340000
 250.120000,-9.850000,-5.710000
 109.900000,-39.120000,-1.300000
-19.250000,-71.330000, 11.910000
-62.040000,-66.220000, 16.900000
-64.060000,-42.730000, 13.070000
-80.260000,-29.040000, 18.190000
-109.480000,-28.860000, 28.970000
-137.230000,-30.800000, 33.740000
-158.300000,-32.110000, 31.630000
-170.100000,-28.450000, 26.120000
-178.430000,-21.770000, 18.840000
-188.150000,-17.600000, 16.500000
-195.880000,-18.800000, 21.130000
-198.900000,-20.320000, 28.480000
-194.840000,-21.610000, 34.000000
-185.470000,-20.000000, 34.850000
-177.760000,-15.520000, 33.950000
-178.270000,-14.700000, 36.290000
-186.150000,-18.840000, 40.710000
-194.260000,-36.250000, 49.460000
-208.990000,-53.740000, 53.440000
-220.240000,-57.400000, 53.970000
-235.060000,-51.020000, 53.730000
-250.130000,-30.590000, 48.070000
-250.130000,-8.480000, 52.350000
-250.130000, 11.470000, 56.060000
-250.130000, 24.830000, 51.440000
-250.130000, 33.450000, 51.760000
-250.130000, 34.040000, 53.940000
-250.130000, 31.420000, 59.890000
-250.130000, 26.880000, 66.530000
-250.130000, 25.370000, 68.540000
-250.130000, 26.290000, 66.410000
-250.130000, 30.610000, 64.740000
-250.130000, 34.320000, 66.550000
-250.130000, 38.750000, 68.410000
-246.640000, 43.640000, 68.300000
-244.270000, 50.650000, 66.090000
-248.470000, 61.830000, 56.230000
-250.130000, 69.140000, 44.250000
-250.130000, 69.410000, 30.970000
-250.130000, 64.340000, 23.860000
-250.130000, 60.770000, 23.600000
-250.130000, 58.850000, 24.690000
-250.130000, 58.200000, 28.790000
-250.130000, 59.530000, 32.240000
-250.130000, 63.560000, 33.600000
-250.130000, 65.740000, 35.750000
-250.130000, 67.000000, 36.810000
-250.130000, 65.910000, 43.150000
-250.130000, 62.370000, 41.800000
-250.130000, 53.630000, 40.580000
-250.130000, 51.620000, 44.390000
-233.250000, 65.250000, 33.280000
-219.160000, 77.620000, 11.030000
-227.370000, 78.830000,-11.540000
-250.130000, 69.480000,-27.340000
-250.130000, 50.470000,-30.580000
-250.130000, 29.340000,-24.550000
-250.130000, 12.860000,-12.210000
-250.130000, 1.740000, 0.890000
-238.700000,-4.870000, 11.350000
-196.480000,-4.520000, 19.960000
-167.580000, 0.870000, 30.260000
-158.750000, 7.020000, 41.290000
-165.420000, 10.860000, 48.160000
-177.160000, 12.090000, 52.510000
-188.670000, 11.610000, 53.450000
-198.320000, 11.870000, 51.060000
-204.090000, 16.320000, 45.800000
-207.240000, 22.640000, 38.050000
-208.320000, 30.560000, 32.060000
-208.730000, 36.650000, 29.980000
-213.190000, 36.580000, 29.460000
-225.070000, 26.610000, 32.800000
-233.640000, 20.350000, 38.580000
-241.410000, 18.210000, 35.570000
-238.040000, 7.210000, 35.210000
-236.990000,-14.410000, 39.550000
-241.700000,-29.800000, 39.830000
-236.000000,-21.700000, 39.210000
-240.850000,-7.700000, 38.190000
-235.360000, 2.090000, 40.120000
-225.120000,-0.220000, 47.380000
-222.200000,-12.320000, 57.510000
-228.930000,-20.700000, 64.240000
-240.140000,-18.540000, 71.510000
-245.770000,-10.350000, 78.490000
-243.380000,-1.090000, 81.660000
-228.870000, 10.480000, 80.250000
-204.720000, 21.110000, 80.260000
-176.160000, 22.950000, 80.210000
-153.700000, 20.730000, 79.730000
-141.070000, 21.960000, 79.770000
-136.800000, 28.270000, 78.190000
-141.810000, 34.410000, 75.380000
-153.170000, 35.690000, 71.290000
-163.330000, 34.610000, 65.290000
-167.350000, 35.370000, 58.280000
-167.280000, 38.370000, 51.230000
-165.410000, 33.140000, 57.560000
-173.190000, 17.570000, 76.420000
-183.290000,-6.760000, 99.470000
-198.700000,-40.770000, 139.190000
-200.130000,-69.580000, 191.100000
-188.330000,-87.140000, 242.740000
-156.640000,-102.390000, 250.120000
-110.100000,-129.020000, 250.120000
-67.890000,-163.730000, 250.120000
-39.110000,-191.800000, 250.120000
-28.360000,-222.760000, 250.120000
-23.110000,-250.130000, 250.120000
-6.650000,-250.130000, 250.120000
 5.590000,-250.130000, 250.120000
 25.050000,-250.130000, 250.120000
 55.170000,-250.130000, 250.120000
 99.040000,-250.130000, 250.120000
 149.040000,-250.130000, 250.120000
 183.020000,-250.130000, 250.120000
 193.090000,-224.200000, 250.120000
 176.340000,-204.580000, 250.120000
 143.990000,-181.080000, 250.120000
 105.230000,-155.750000, 250.120000
 68.640000,-131.900000, 250.120000
 45.610000,-113.810000, 250.120000
 38.160000,-102.750000, 250.120000
 38.160000,-93.240000, 229.480000
 44.930000,-86.030000, 198.380000
 54.300000,-71.140000, 162.670000
 59.420000,-51.960000, 124.510000
 58.130000,-29.990000, 89.380000
 53.510000,-16.290000, 59.660000
 53.550000,-6.800000, 37.290000
 60.090000, 6.960000, 23.810000
 64.000000, 22.080000, 7.280000
 63.610000, 44.960000,-13.620000
 61.870000, 86.290000,-41.270000
 50.960000, 136.960000,-75.660000
 30.610000, 208.140000,-114.610000
 1.290000, 250.120000,-148.220000
-30.840000, 250.120000,-171.440000
-250.130000,-250.130000,-113.120000
 250.120000,-119.210000,-46.580000
 220.620000, 153.500000,-250.130000
-30.080000, 161.960000,-206.950000
-47.950000, 133.340000,-187.430000
-16.070000, 72.760000,-141.510000
-57.290000, 51.850000,-83.860000
-80.870000, 31.840000,-39.830000
-53.260000, 26.640000,-26.110000
-27.510000, 22.350000,-29.960000
-22.790000, 12.760000,-41.390000
-28.470000, 5.250000,-56.350000
-34.450000, 10.100000,-74.860000
-42.870000, 22.290000,-97.160000
-47.190000, 37.440000,-120.400000
-44.250000, 56.000000,-136.730000
-39.340000, 70.610000,-151.690000
-40.160000, 81.860000,-174.280000
-29.530000, 97.470000,-199.420000
-13.480000, 110.700000,-227.090000
 0.740000, 121.090000,-250.130000
 31.240000, 134.360000,-250.130000
 67.810000, 144.870000,-250.130000
 86.940000, 149.700000,-250.130000
 93.720000, 158.560000,-250.130000
 95.270000, 181.280000,-250.130000
 111.200000, 202.220000,-250.130000
 141.700000, 232.870000,-250.130000
 174.220000, 248.590000,-250.130000
 198.730000, 228.980000,-250.130000
 209.420000, 182.320000,-250.130000
 182.930000, 127.410000,-250.130000
 112.350000, 81.670000,-250.130000
 25.830000, 52.440000,-250.130000
-50.540000, 46.690000,-250.130000
-111.890000, 77.460000,-249.000000
-155.840000, 126.380000,-214.520000
-183.390000, 164.030000,-189.160000
-200.120000, 188.730000,-160.660000
-222.280000, 198.190000,-127.440000
