 75.340000, 80.640000, 22.180000
-15.490000, 13.080000,-250.130000
-60.620000,-2.940000, 36.690000
-177.050000,-5.610000, 57.930000
-133.070000, 58.560000, 44.680000
-158.950000, 1.740000, 48.090000
 65.100000, 149.990000, 28.520000
 5.560000,-4.350000, 87.660000
-108.900000, 26.530000,-59.730000
-180.310000, 19.850000, 72.350000
-201.380000, 74.500000, 24.000000
-189.780000, 45.000000, 42.650000
-10.020000, 115.670000, 172.690000
-10.150000, 16.110000,-57.340000
-121.640000, 4.160000,-111.520000
-90.850000, 3.200000, 36.770000
-175.090000,-7.290000, 44.890000
-159.980000, 39.100000, 22.620000
-125.370000, 15.240000, 60.480000
 23.640000, 131.180000, 150.030000
-50.840000, 28.100000, 11.040000
-155.670000,-46.370000,-121.320000
-156.780000,-18.960000, 43.690000
-165.570000, 29.600000, 40.310000
-99.990000,-11.690000, 22.730000
-130.120000,-18.200000, 67.400000
 2.550000, 43.370000, 117.210000
 10.540000, 250.120000,-96.900000
 42.830000, 30.390000,-244.770000
-114.110000, 4.980000, 72.490000
-180.980000,-8.810000, 34.690000
-180.550000, 55.780000, 25.460000
-120.380000, 9.060000, 17.970000
-54.000000, 23.120000, 87.180000
 11.470000, 96.410000, 131.430000
 11.210000, 17.800000,-24.730000
-125.700000, 96.130000,-164.870000
-119.350000,-1.230000, 38.120000
-125.930000,-10.800000, 70.530000
-117.540000, 26.930000, 27.920000
-98.570000,-5.730000, 24.090000
 77.660000, 63.230000, 159.430000
-171.710000, 10.070000, 83.640000
-78.700000, 62.440000,-167.480000
-110.430000, 15.740000, 47.120000
-92.310000, 11.640000, 54.610000
-86.190000, 3.160000, 15.030000
-151.310000,-24.870000, 50.740000
-183.350000, 63.010000, 4.000000
-69.710000, 0.560000, 56.660000
 40.130000, 135.550000, 130.040000
-161.900000,-19.850000,-250.130000
-140.380000,-35.350000, 70.170000
-137.270000,-0.160000, 39.110000
-140.530000, 48.700000, 9.550000
-162.960000, 7.060000,-7.100000
-75.800000, 22.260000, 74.790000
 22.440000, 21.880000, 132.960000
 213.340000,-46.640000, 58.210000
-84.030000,-21.050000,-228.650000
-103.340000,-14.610000,-8.670000
-170.190000, 57.500000, 13.190000
-65.600000, 4.770000, 8.850000
-54.820000, 5.540000, 81.370000
-122.360000, 41.410000, 20.250000
 25.290000, 118.430000, 175.940000
 76.810000,-47.000000, 58.730000
-106.610000, 80.100000,-236.360000
-6.550000,-2.610000, 70.840000
-74.550000,-7.990000, 23.250000
-109.740000,-22.870000, 64.120000
-136.580000, 41.060000, 50.060000
-18.030000, 47.730000, 187.550000
-15.290000, 176.720000,-2.900000
-47.630000,-8.700000,-250.130000
-56.190000,-16.690000, 19.970000
-123.000000,-3.570000, 62.370000
-141.260000, 31.440000,-4.790000
-134.080000,-14.040000, 18.800000
-84.540000, 52.040000, 93.610000
 38.490000, 88.890000, 190.480000
-37.460000, 38.480000,-8.280000
 67.270000, 64.250000,-116.670000
-74.060000, 11.610000, 95.110000
-164.420000,-19.580000, 64.250000
-138.970000, 36.590000, 37.280000
-134.540000, 3.830000, 15.570000
-54.640000,-6.750000, 141.700000
 47.350000, 229.830000, 20.780000
-121.770000,-63.780000,-235.430000
-159.990000,-26.670000, 33.250000
-161.510000, 57.830000, 25.830000
-145.830000, 7.240000,-21.160000
-114.110000,-3.020000, 56.150000
-68.160000, 16.220000, 31.580000
 40.440000, 113.940000, 203.840000
 53.570000, 7.580000,-43.510000
-146.020000, 72.130000,-104.640000
-141.150000,-53.160000, 57.960000
-137.890000, 33.580000,-9.930000
-131.910000,-5.430000, 7.990000
-135.000000, 7.570000, 54.430000
-105.340000, 42.030000, 81.540000
 53.930000, 105.740000, 153.900000
-57.870000,-87.310000,-250.130000
-95.970000,-20.480000, 60.240000
-138.500000, 21.420000, 14.750000
-84.390000,-6.500000, 51.960000
-115.980000, 12.350000, 15.340000
-112.630000, 25.170000, 144.520000
 92.410000, 144.340000, 71.690000
 41.770000,-29.020000,-250.130000
-66.730000,-7.480000, 36.780000
-163.480000, 20.240000, 12.270000
-195.600000,-0.290000, 12.970000
-127.180000, 24.700000, 62.150000
-83.740000, 46.970000, 155.460000
 128.940000, 84.960000, 55.290000
-78.150000, 11.190000,-250.130000
-158.060000,-6.790000, 65.020000
-182.600000, 37.320000, 9.870000
-137.090000, 41.140000, 13.770000
-126.330000, 9.770000, 12.470000
-80.600000, 57.920000, 159.700000
 41.780000, 77.480000, 42.160000
-94.470000, 59.250000,-250.130000
-118.920000,-0.780000,-17.930000
