 13.630000,-68.690000,-43.090000
 6.560000,-8.770000, 3.410000
 48.670000,-110.190000,-78.700000
 20.060000,-125.200000,-81.320000
 37.250000,-149.060000,-92.960000
 52.420000,-174.850000,-69.100000
 15.310000,-66.230000,-28.190000
-14.970000, 13.120000, 0.020000
 52.730000,-126.250000,-68.780000
-8.750000,-129.180000,-74.700000
 63.030000,-108.480000,-36.170000
 22.360000,-140.760000,-67.940000
 14.020000,-91.760000,-43.410000
 3.290000, 10.050000, 1.210000
 15.510000,-29.350000,-39.740000
 5.870000,-100.490000,-40.960000
 21.740000,-103.980000,-64.930000
 44.040000,-159.640000,-76.910000
 31.900000,-135.290000,-66.380000
-6.180000,-47.800000,-46.510000
 5.700000,-2.160000,-1.250000
 1.080000,-16.150000,-8.260000
 21.400000,-111.780000,-45.580000
 35.900000,-135.310000,-75.810000
 31.720000,-112.960000,-48.590000
 2.610000,-128.560000,-66.250000
 27.320000,-94.960000,-51.710000
 18.060000,-21.700000,-27.060000
-3.560000,-12.350000,-5.870000
 33.450000,-100.260000,-54.480000
-11.370000,-108.010000,-53.550000
 27.370000,-104.510000,-53.960000
 42.740000,-122.610000,-58.620000
 36.520000,-97.040000,-56.980000
-0.700000,-58.830000,-32.130000
-3.690000, 3.630000,-1.120000
 17.110000,-48.940000,-50.540000
 18.930000,-118.220000,-47.710000
-16.120000,-47.920000,-10.770000
 27.670000,-124.970000,-66.800000
 22.510000,-125.350000,-53.530000
 16.920000,-73.340000,-33.310000
 5.270000,-41.930000,-21.570000
 4.160000,-28.320000,-13.140000
 23.220000,-87.840000,-36.820000
 32.050000,-105.360000,-61.540000
 26.490000,-92.740000,-51.780000
-11.370000,-66.290000,-41.110000
 30.910000,-118.770000,-61.960000
 13.410000,-88.740000,-46.340000
-4.790000, 1.960000, 2.770000
 12.190000,-12.350000,-17.170000
-3.590000,-80.710000,-33.350000
 15.430000,-83.150000,-32.430000
 23.930000,-110.480000,-63.540000
 19.800000,-104.290000,-44.870000
 13.780000,-105.910000,-46.140000
 21.590000,-92.210000,-22.510000
-10.170000,-15.320000,-7.450000
 5.310000,-8.670000,-6.950000
 10.650000,-75.400000,-37.190000
 21.650000,-113.070000,-64.170000
 37.320000,-102.810000,-53.850000
 24.360000,-89.180000,-54.500000
 26.600000,-104.670000,-68.000000
 1.750000,-71.550000,-44.110000
-2.240000,-26.840000,-14.670000
 24.540000,-67.790000,-28.060000
 15.070000,-88.350000,-53.930000
 17.540000,-97.220000,-58.930000
 9.420000,-83.420000,-31.740000
 41.750000,-118.950000,-68.710000
 7.870000,-85.230000,-48.410000
 12.380000,-14.450000,-5.840000
 11.190000,-32.220000,-18.580000
 12.120000,-67.380000,-49.400000
-1.640000,-88.050000,-40.860000
 33.620000,-102.160000,-57.360000
 29.530000,-114.700000,-48.140000
 41.980000,-105.890000,-63.240000
 12.900000,-71.440000,-33.520000
-8.030000,-17.080000,-6.010000
 15.780000,-76.170000,-55.110000
 11.500000,-106.920000,-43.490000
 1.470000,-111.160000,-47.180000
 5.260000,-94.590000,-49.470000
 27.820000,-125.980000,-50.040000
 15.870000,-101.200000,-24.980000
-16.770000,-33.330000,-20.290000
 10.910000,-22.160000,-12.500000
 1.350000,-74.770000,-55.140000
 34.130000,-140.640000,-76.150000
 24.560000,-106.120000,-44.320000
 2.670000,-82.180000,-53.380000
 27.590000,-112.060000,-59.970000
 7.930000,-70.800000,-43.300000
-4.620000,-11.390000,-3.180000
 14.500000,-48.110000,-30.430000
 21.410000,-110.820000,-43.780000
 34.010000,-113.670000,-61.830000
 31.520000,-106.890000,-59.150000
 21.870000,-87.340000,-47.470000
 37.200000,-95.300000,-32.670000
-10.970000,-23.380000,-4.990000
 14.870000,-8.560000,-0.540000
 29.580000,-113.700000,-54.690000
 35.440000,-108.820000,-49.260000
 26.570000,-97.240000,-50.970000
 26.240000,-109.800000,-31.070000
 25.670000,-89.500000,-28.970000
 3.450000,-57.230000,-40.000000
 20.640000,-2.880000,-5.420000
 12.230000,-94.670000,-46.610000
 40.180000,-138.370000,-68.450000
 29.910000,-128.910000,-53.090000
 1.190000,-98.350000,-46.600000
-5.780000,-119.000000,-49.540000
 13.090000,-42.630000,-21.000000
-4.170000,-33.020000,-16.400000
 35.700000,-153.870000,-65.610000
 32.480000,-108.060000,-46.620000
 22.740000,-76.730000,-46.620000
 3.030000,-80.670000,-36.640000
 18.260000,-110.020000,-40.640000
 14.450000,-58.310000,-31.880000
 17.270000,-26.360000,-24.100000
 21.890000,-121.190000,-36.630000
