0.009698
0.010381
0.015095
0.014403
0.013796
0.015125
0.014570
0.015026
0.018569
0.011020
0.014990
0.014833
0.016486
0.015326
0.013075
0.016513
0.012696
0.018091
0.019794
0.007192
0.015959
0.014109
0.013855
0.015399
0.015160
0.014014
0.015861
0.020150
0.011166
0.012213
0.017301
0.012959
0.013877
0.017269
0.013330
0.014078
0.014757
0.014708
0.015318
0.014578
0.015009
0.014776
0.016771
0.013605
0.013988
0.015403
0.014266
0.015960
0.015700
0.012807
0.015273
0.014677
0.029097
0.012173
0.003947
0.015234
0.013361
0.014964
0.015859
0.022773
0.006996
0.017626
0.011898
0.014279
0.014719
0.015593
0.015585
0.013404
0.016628
0.013629
0.015495
0.013401
0.015617
0.013949
0.015202
0.014738
0.018168
0.012049
0.014078
0.021162
0.011119
0.012381
0.015913
0.015698
0.021338
0.006109
0.017326
0.012382
0.014915
0.047149
0.006442
0.000234
0.009054
0.011183
0.015469
0.014839
0.015258
0.014192
0.014443
0.014855
0.015165
0.014520
0.018274
0.011824
0.014877
0.016132
0.013103
0.018911
0.010797
0.030649
0.003095
0.011222
0.014761
0.014952
0.017198
0.012942
0.017068
0.012437
0.014505
0.027147
0.023662
0.003733
0.007709
0.016634
0.012667
0.011921
0.048515
0.018329
0.000241
0.007493
0.024742
0.013891
0.006141
0.062503
0.010200
0.000228
0.000109
0.000101
0.018112
0.006132
0.008004
0.020684
0.007907
0.035509
0.005132
0.021682
0.028531
0.024576
0.000240
0.016771
0.000239
0.038644
0.009496
0.000198
0.000089
0.013013
0.017892
0.013616
0.011463
0.014355
0.017822
0.013133
0.015554
0.016265
0.016390
0.011062
0.013753
0.015295
0.014876
0.013795
0.015207
0.015055
0.016340
0.013812
0.411263
0.000234
0.000112
0.000100
0.000098
0.000095
0.000094
0.000094
0.000093
0.000093
0.000094
0.000094
0.000093
0.000093
0.000095
0.011370
0.000231
0.000112
0.000100
0.000101
0.000113
0.000099
0.000096
0.000095
0.000093
0.000094
0.000093
0.000095
0.003857
0.015527
0.014014
0.015493
0.014853
0.014273
0.015200
0.014180
0.015489
0.014590
0.016307
0.013368
0.016409
0.013126
0.014830
0.015410
0.014661
0.014460
0.015074
0.014962
0.014454
0.017776
0.011847
0.058330
0.006957
0.000230
0.000112
0.013064
0.011020
0.014091
0.016731
0.015465
0.012569
0.016201
0.014846
0.013280
0.015438
0.014541
0.015113
0.014604
0.015569
0.013924
0.015193
0.014453
0.015158
0.014398
0.014741
0.014988
0.016322
0.013414
0.014939
0.014747
0.017493
0.013167
0.013676
0.015749
0.013830
0.015481
0.015682
0.014262
0.014492
0.015205
0.014059
0.014902
0.016808
0.012702
0.015404
0.014530
0.014595
0.014954
0.015258
0.037746
0.007514
0.003645
0.010771
0.015245
0.014093
0.014500
0.015153
0.014409
0.015120
0.014661
0.022164
0.010846
0.011487
0.014798
0.014972
0.018350
0.011368
0.015828
0.013602
0.015154
0.014463
0.015264
0.016059
0.013341
0.014635
0.015182
0.014947
0.016607
0.015139
0.019013
0.008560
0.015044
0.014392
0.018581
0.010923
0.016430
0.013924
0.014484
0.017277
0.012405
0.016285
0.014442
0.016140
0.012319
0.015740
0.013725
0.015006
0.017918
0.012883
0.014684
0.016068
0.012723
0.014632
0.015192
0.018593
0.012288
0.015878
0.013624
0.014460
0.017275
0.011425
0.014760
0.015388
0.018376
0.010875
0.014936
0.014990
0.014829
0.014910
0.016539
0.013633
0.016697
0.012575
0.016344
0.012973
0.014983
0.015287
0.015655
0.013442
0.018603
0.013129
0.013105
0.015893
0.013743
0.014504
0.015168
0.015588
0.014626
0.014076
0.017021
0.012564
0.015421
0.014691
0.016036
0.016346
0.012511
0.014125
0.018363
0.012391
0.015444
0.015571
0.012500
0.017641
0.013298
0.015421
0.012616
0.015927
0.018819
0.012363
0.012342
0.016964
0.025432
0.003391
0.013532
0.014951
0.014613
0.016671
0.014048
0.014190
0.014810
0.014670
0.015456
0.014099
0.014716
0.015341
0.017331
0.018057
0.010453
0.013171
0.014610
0.016645
0.013953
0.015171
0.013844
0.014316
0.021505
0.008929
0.015935
0.028822
0.005404
0.011792
0.022822
0.003847
0.019120
0.013995
0.013486
0.015991
0.012948
0.014409
0.016987
0.023940
0.005667
0.012861
0.017865
0.011986
0.013547
0.015256
0.014165
0.014912
0.015375
0.014351
0.020045
0.017343
0.008834
0.013928
0.013634
0.020448
0.010272
0.019239
0.011449
0.013172
0.015883
0.014302
0.016618
0.012704
0.014550
0.014590
0.015094
0.015415
0.027024
0.008689
0.009283
0.014107
0.028268
0.002893
0.013228
0.015076
0.014216
0.022658
0.007525
0.015740
0.013974
0.016275
0.013138
0.019725
0.010915
0.013655
0.016105
0.017632
0.011242
0.015001
0.019749
0.013371
0.012413
0.012768
0.016989
0.012776
0.016654
0.013710
0.018495
0.011158
0.016539
0.017904
0.009721
0.015030
0.014955
0.014626
0.014230
0.015481
0.015428
0.016423
0.012185
0.015701
0.014333
0.035544
0.007908
0.006344
0.011873
0.012712
0.015784
0.017828
0.013216
0.012354
0.014174
0.015190
0.016310
0.013211
0.014614
0.015030
0.014776
0.018699
0.012560
0.013326
0.015053
0.014542
0.014851
0.014750
0.021730
0.009879
0.013644
0.016651
0.021168
0.009349
0.011480
0.016543
0.013474
0.015170
0.018894
0.010395
0.014831
0.017567
0.014759
0.012585
0.018014
0.010952
0.015365
0.014720
0.015377
0.014431
0.018573
0.010607
0.015974
0.014128
0.015134
0.014102
0.014974
0.014934
0.016003
0.013660
0.014960
0.015875
0.018556
0.014499
0.010746
0.015683
0.014833
0.013775
0.015945
0.013108
0.016415
0.014961
0.015930
0.016900
0.010865
0.014573
0.014634
0.020953
0.011190
0.013565
0.016917
0.019687
0.008989
0.014793
0.015709
0.013273
0.013045
0.015788
0.013891
0.014776
0.022082
0.010457
0.012453
0.028276
0.006620
0.009239
0.018498
0.013797
0.016203
0.010830
0.017372
0.012281
0.016442
0.014034
0.016233
0.016540
0.014046
0.012222
0.017369
0.012375
0.014793
0.015791
0.013944
0.014618
0.016577
0.013058
0.015123
0.014433
0.014851
0.014761
0.018492
0.019891
0.010944
0.012488
0.019073
0.008127
0.014841
0.016790
0.013002
0.014848
0.017499
0.014557
0.017764
0.012053
0.026635
0.006629
0.087365
0.021145
0.000197
0.000125
0.000175
0.000103
0.004439
0.016069
0.004229
0.013209
0.016756
0.025176
0.093260
0.008299
0.000238
0.000115
0.000105
0.000102
0.000102
0.016858
0.028787
0.016201
0.000245
0.007869
0.013896
0.024584
0.063968
0.006301
0.000250
0.000135
0.000110
0.000107
0.036835
0.006458
0.007209
0.025009
0.003032
0.019833
0.005732
0.034011
0.004493
0.006840
0.012207
0.016662
0.021031
0.017822
0.024877
0.009792
0.010210
0.004291
0.015180
0.021447
0.012115
0.024439
0.005214
0.011377
0.025131
0.006034
0.026051
0.022015
0.008734
0.010960
0.012006
0.007447
0.092789
0.008910
0.000239
0.000132
0.000111
0.000103
0.006018
0.012533
0.025933
0.004018
0.083529
0.007939
0.000266
0.000119
0.000108
0.000105
0.010581
0.012839
0.019762
0.015686
0.010004
0.014358
0.026933
0.024906
0.005521
0.003562
0.019993
0.008047
0.020241
0.009449
0.014786
0.015690
0.021517
0.007029
0.014963
0.024234
0.006557
0.019170
0.009528
0.015188
0.014913
0.014767
0.015919
0.015491
0.018195
0.010643
0.014479
0.017494
0.011932
0.016068
0.013447
0.014587
0.019474
0.017874
0.007610
0.021161
0.012343
0.011005
0.015156
0.018190
0.011164
0.014787
0.041079
0.009572
0.000242
0.012614
0.010927
0.014352
0.017821
0.012117
0.016246
0.013059
0.060806
0.021282
0.000238
0.000118
0.006574
0.034095
0.015179
0.000256
0.010131
0.004259
0.011194
0.021899
0.010124
0.011045
0.018536
0.016708
0.009442
0.014822
0.015651
0.014203
0.018252
0.011317
0.018401
0.010623
0.016120
0.014829
0.013945
0.017128
0.013094
0.014201
0.014763
0.015213
0.018163
0.015021
0.018768
0.007742
0.015943
0.013425
0.018238
0.011259
0.014929
0.015669
0.026798
0.004627
0.016289
0.011216
0.014513
0.015773
0.013319
0.016687
0.013782
0.018836
0.010094
0.014883
0.014617
0.015505
0.014386
0.014764
0.017105
0.013585
0.016882
0.018725
0.008196
0.015028
0.014489
0.014657
0.016534
0.014608
0.016320
0.016956
0.011361
0.014384
0.016736
0.016430
0.017285
0.008589
0.015897
0.017787
0.016603
0.008917
0.014646
0.017944
0.011547
0.015689
0.017308
0.011136
0.019468
0.014154
0.010433
0.016241
0.013811
0.019010
0.019078
0.007225
0.013754
0.017749
0.011923
0.014800
0.016489
0.014881
0.014975
0.017049
0.011387
0.014775
0.015330
0.014042
0.014417
0.015493
0.015202
0.014517
0.017037
0.014180
0.012649
0.017116
0.012681
0.015674
0.015785
0.015505
0.013176
0.014829
0.013780
0.015474
0.017367
0.012055
0.014972
0.014413
0.015163
0.014550
0.015736
0.014061
0.017319
0.013287
0.014305
0.015303
0.014016
0.015002
0.015429
0.018123
0.010959
0.018106
0.011804
0.016564
0.012418
0.015963
0.015027
0.015502
0.013724
0.013958
0.015217
0.015033
0.014294
0.015769
0.013849
0.015320
0.019341
0.011879
0.013237
0.015976
0.013280
0.017343
0.012479
0.014509
0.015736
0.017853
0.012064
0.020418
0.010035
0.016321
0.013717
0.012686
0.015787
0.013896
0.015802
0.014886
0.016710
0.011929
0.015480
0.014571
0.015309
0.017361
0.011592
0.014510
0.014778
0.016701
0.026196
0.004238
0.013034
0.015507
0.014239
0.015227
0.014634
0.018156
0.016244
0.010557
0.021150
0.014880
0.007317
0.015001
0.014537
0.016118
0.013721
0.014386
0.017828
0.098371
0.007007
0.000239
0.000119
0.000108
0.000105
0.000106
0.014469
0.010372
0.021831
0.009717
0.015454
0.013649
0.013784
0.014921
0.021332
0.019904
0.003146
0.016832
0.014016
0.014009
0.014843
0.015645
0.013833
0.021730
0.007497
0.015071
0.014792
0.017415
0.012732
0.016642
0.013838
0.013592
0.015336
0.014470
0.015093
0.018119
0.012147
0.013874
0.019393
0.010088
0.014985
0.015624
0.018831
0.011177
0.013600
0.015642
0.017465
0.011559
0.015089
0.014747
0.014939
0.015037
0.015247
0.014977
0.014035
0.014408
0.015136
0.015364
0.015504
0.015320
0.019773
0.017816
0.005868
0.024587
0.009944
0.010873
0.036001
0.007561
0.006175
0.009299
0.018930
0.010247
0.014326
0.017742
0.012124
0.014734
0.015467
0.015210
0.015743
0.013714
0.014151
0.015496
0.013855
0.017046
0.014061
0.013736
0.015070
0.015552
0.015085
0.014188
0.014570
0.015190
0.021865
0.009765
0.012662
0.018841
0.011897
0.016368
0.013258
0.013807
0.015886
0.014333
0.016696
0.012105
0.016613
0.022413
0.005519
0.014745
0.014839
0.014939
0.015896
0.018826
0.011829
0.014807
0.015174
0.012602
0.016893
0.013123
0.014117
0.014848
0.019790
0.017976
0.008089
0.013595
0.016823
0.013665
0.014236
0.015793
0.014184
0.015541
0.014363
0.020647
0.009663
0.023038
0.005641
0.070789
0.006924
0.000247
0.000121
0.000113
0.010611
0.017137
0.012774
0.022505
0.012930
0.009292
0.017007
0.013195
0.013692
0.015492
0.014891
0.014355
0.019443
0.011170
0.014133
0.014370
0.014559
0.015647
0.022483
0.014532
0.009740
0.018685
0.008854
0.014482
0.014304
0.015068
0.014593
0.017948
0.013507
0.017821
0.012197
0.013465
0.014125
0.015520
0.014900
0.015846
0.012789
0.015024
0.014846
0.018083
0.011483
0.014872
0.015618
0.014056
0.015131
0.066210
0.006344
0.000240
0.000122
0.006024
0.010328
0.014336
0.016054
0.014852
0.013657
0.016509
0.013723
0.016166
0.012838
0.015823
0.021566
0.014095
0.021918
0.005498
0.010899
0.013854
0.015123
0.014523
0.017875
0.014078
0.016551
0.010699
0.018095
0.014116
0.013831
0.013850
0.015507
0.015955
0.014511
0.012784
0.015038
0.015010
0.017269
0.011937
0.015572
0.015375
0.013845
0.014663
0.018215
0.014651
0.014838
0.014078
0.012484
0.015040
0.015402
0.014196
0.017719
0.011988
0.016068
0.016280
0.012823
0.014354
0.014550
0.015650
0.014455
0.015176
0.018496
0.010081
0.014971
0.016181
0.014246
0.016672
0.012368
0.014876
0.014482
0.015715
0.014405
0.015512
0.015534
0.013407
0.014766
0.015417
0.015881
0.014264
0.013753
0.015106
0.015297
0.013968
0.014881
0.015104
0.014652
0.017011
0.013950
0.014920
0.013888
0.014764
0.014845
0.021368
0.015692
0.007821
0.017914
0.012413
0.015647
0.013314
0.014349
0.014655
0.015766
0.013638
0.016997
0.013666
0.013842
0.014973
0.015912
0.014345
0.015223
0.015318
0.014661
0.013518
0.016140
0.018187
0.013961
0.011873
0.014546
0.014595
0.016987
0.014192
0.012863
0.014931
0.014971
0.014643
0.016301
0.013521
0.017653
0.012255
0.015502
0.014757
0.019975
0.008671
0.014792
0.014992
0.117713
0.006214
0.000251
0.000123
0.000113
0.000109
0.000109
0.000108
0.009940
0.017825
0.012332
0.013050
0.018427
0.011127
0.015156
0.015300
0.017521
0.011900
0.014457
0.017237
0.013418
0.014046
0.014716
0.018316
0.012191
0.024705
0.008957
0.009948
0.015115
0.018026
0.012588
0.016179
0.023715
0.009105
0.010134
0.015253
0.014293
0.016478
0.012387
0.021608
0.009463
0.013899
0.017608
0.016289
0.016884
0.008113
0.014674
0.015730
0.014416
0.014848
0.016399
0.013484
0.014268
0.017674
0.012933
0.015086
0.013803
0.014787
0.014989
0.014788
0.016760
0.013330
0.014930
0.026931
0.005924
0.011566
0.014485
0.014761
0.015196
0.014514
0.014772
0.015203
0.016155
0.015052
0.027877
0.006481
0.008058
0.015660
0.014235
0.014699
0.014745
0.018042
0.012130
0.014633
0.014650
0.016472
0.013133
0.014985
0.014755
0.016434
0.013288
0.018848
0.011072
0.017130
0.012654
0.015248
0.014029
0.015083
0.015457
0.014223
0.014978
0.014601
0.014919
0.014705
0.020290
0.010578
0.014630
0.014139
0.018192
0.012712
0.017212
0.013173
0.022782
0.010802
0.015969
0.007792
0.015367
0.014799
0.013808
0.014746
0.015079
0.016834
0.013348
0.015159
0.014930
0.014640
0.014283
0.020775
0.010858
0.012552
0.016958
0.012763
0.019099
0.013467
0.021040
0.006206
0.014382
0.015507
0.013937
0.015701
0.014630
0.014957
0.014243
0.014782
0.014954
0.014459
0.016401
0.013475
0.016388
0.013167
0.015592
0.015656
0.022480
0.007188
0.016051
0.011868
0.017241
0.012669
0.018929
0.012112
0.013208
0.019583
0.011972
0.021023
0.007863
0.027100
0.004122
0.014058
0.013296
0.014600
0.015708
0.016221
0.020955
0.011128
0.013961
0.015165
0.010904
0.014563
0.018166
0.013889
0.012626
0.015624
0.015164
0.017358
0.011613
0.020166
0.012010
0.012376
0.014297
0.015185
0.015473
0.014432
0.015913
0.019720
0.008218
0.034536
0.003308
0.009259
0.012164
0.019424
0.010978
0.017540
0.014038
0.015971
0.012385
0.018245
0.010140
0.016361
0.013110
0.015122
0.015257
0.014330
0.014476
0.016077
0.014047
0.014468
0.014960
0.015735
0.014393
0.014211
0.016138
0.014687
0.018510
0.010332
0.017117
0.028230
0.003151
0.010914
0.033271
0.005176
0.007047
0.015101
0.013865
0.016386
0.025816
0.009186
0.010613
0.021509
0.023383
0.005597
0.005958
0.014735
0.016246
0.023063
0.005225
0.014884
0.016650
0.019992
0.007248
0.015154
0.021756
0.011580
0.012364
0.013419
0.020214
0.018706
0.007350
0.014013
0.018620
0.010440
0.014606
0.014930
0.014625
0.015588
0.014226
0.017922
0.013800
0.013350
0.017357
0.012769
0.016954
0.015290
0.011159
0.015518
0.015211
0.015330
0.013960
0.014976
0.014488
0.014344
0.017202
0.013678
0.015496
0.013663
0.026533
0.004736
0.015831
0.013205
0.018784
0.011692
0.017613
0.015411
0.009620
0.015445
0.017885
0.011152
0.014369
0.015153
0.015070
0.014484
0.014677
0.014667
0.015043
0.014771
0.016800
0.012984
0.017015
0.019835
0.007633
0.014938
0.019295
0.012322
0.013502
0.014620
0.014652
0.014423
0.018172
0.011671
0.014616
0.015081
0.016418
0.016149
0.013255
0.015150
0.013245
0.020383
0.009145
0.015032
0.015638
0.013704
0.014816
0.014935
0.019325
0.011616
0.013711
0.014974
0.020735
0.011204
0.012843
0.014213
0.016027
0.028884
0.005211
0.014023
0.011273
0.013876
0.019560
0.012379
0.013029
0.014416
0.015081
0.015274
0.014940
0.016494
0.012802
0.014866
0.015885
0.016702
0.013327
0.014757
0.014394
0.013394
0.014924
0.016478
0.015709
0.018196
0.011581
0.012493
0.015276
0.014393
0.014439
0.016046
0.013786
0.016020
0.015216
0.013058
0.017807
0.013806
0.013468
0.015390
0.014445
0.014450
0.014608
0.015057
0.015262
0.014044
0.014913
0.015112
0.015886
0.013507
0.015020
0.015979
0.015275
0.017030
0.010806
0.016412
0.013650
0.014761
0.015380
0.014873
0.018248
0.010696
0.014813
0.016603
0.018223
0.019779
0.004954
0.014874
0.014703
0.014764
0.015967
0.014130
0.020542
0.009656
0.016405
0.012522
0.015026
0.024903
0.005219
0.015079
0.016693
0.012254
0.015392
0.015094
0.013947
0.020397
0.010279
0.014086
0.014665
0.016422
0.016444
0.012675
0.014443
0.013883
0.015530
0.021304
0.011858
0.011823
0.014394
0.014760
0.014160
0.015792
0.014413
0.018223
0.011114
0.020180
0.009713
0.022230
0.009716
0.012401
0.015723
0.014385
0.015048
0.014048
0.015183
0.016498
0.014957
0.023855
0.005404
0.015339
0.012716
0.015576
0.015521
0.013490
0.014828
0.017269
0.012262
0.014931
0.016005
0.014973
0.013953
0.015457
0.014262
0.014848
0.015209
0.018735
0.012051
0.021513
0.006565
0.014746
0.014792
0.015753
0.015371
0.016654
0.013576
0.013163
0.019429
0.010693
0.014487
0.015078
0.015016
0.016153
0.013633
0.013979
0.015212
0.017974
0.012719
0.013690
0.015395
0.014557
0.016597
0.012809
0.015085
0.014637
0.014794
0.016588
0.013798
0.015457
0.013661
0.015560
0.013996
0.021532
0.008557
0.015325
0.014809
0.018576
0.017695
0.012727
0.010756
0.015027
0.013986
0.013948
0.025700
0.005335
0.014834
0.018799
0.010287
0.014374
0.017064
0.018246
0.009181
0.015683
0.014436
0.024155
0.005713
0.015435
0.018281
0.010325
0.015280
0.014340
0.017419
0.012128
0.014559
0.014873
0.014780
0.014925
0.014719
0.020149
0.023273
0.003987
0.012553
0.014267
0.015014
0.015549
0.014180
0.018056
0.012064
0.100602
0.000262
0.000131
0.000120
0.000117
0.000117
0.007358
0.008986
0.110884
0.006721
0.000258
0.000147
0.000123
0.000117
0.000116
0.008330
0.011090
0.012285
0.097174
0.003407
0.000263
0.000132
0.000121
0.000119
0.004489
0.011510
0.014744
0.097451
0.009005
0.000268
0.000132
0.000121
0.000125
0.003217
0.008832
0.014460
0.102830
0.007784
0.000257
0.000136
0.000120
0.000117
0.000118
0.010179
0.012956
0.021593
0.027173
0.094597
0.000266
0.000131
0.000121
0.000116
0.000114
0.000120
0.004840
0.016569
0.011108
0.018101
0.012171
0.017191
0.012813
0.014458
0.018005
0.012526
0.013304
0.015087
0.015117
0.026733
0.003624
0.013497
0.016095
0.016266
0.013926
0.013164
0.017283
0.015727
0.018269
0.007965
0.015012
0.014794
0.015018
0.014603
0.014832
0.017102
0.012738
0.014975
0.015581
0.015134
0.018037
0.010161
0.016696
0.013136
0.019177
0.010478
0.016686
0.012780
0.015866
0.016559
0.012358
0.015628
0.022907
0.005734
0.023431
0.009400
0.012089
0.015800
0.015397
0.012782
0.015826
0.014254
0.026420
0.004783
0.013638
0.017546
0.012087
0.015338
0.014304
0.014339
0.016103
0.013449
0.022397
0.008671
0.013480
0.016174
0.017942
0.013792
0.012298
0.021092
0.040920
0.018838
0.000259
0.011841
0.026586
0.011177
0.000262
0.007057
0.009446
0.015471
0.017099
0.011976
0.042120
0.018571
0.000257
0.004226
0.044367
0.005167
0.000268
0.013963
0.006335
0.017958
0.017539
0.015397
0.007729
0.015955
0.014305
0.037456
0.003739
0.041865
0.010580
0.000274
0.000200
0.012401
0.023477
0.070887
0.047491
0.000255
0.000130
0.000121
0.000119
0.007551
0.000253
0.000134
0.032227
0.004404
0.012065
0.024228
0.011916
0.030303
0.019511
0.000259
0.004377
0.017171
0.019207
0.008109
0.008580
0.011272
0.012935
0.200318
0.033075
0.000259
0.000130
0.000122
0.000118
0.000118
0.000116
0.000116
0.000115
0.000116
0.000115
0.000117
0.035023
0.000258
0.008749
0.000270
0.000137
0.004105
0.012950
0.016995
0.013887
0.025542
0.005509
0.016168
0.012687
0.020402
0.030039
0.031868
0.007523
0.000265
0.065170
0.020216
0.000266
0.000132
0.000124
0.019917
0.000264
0.015775
0.004516
0.004987
0.014458
0.016026
0.013751
0.019895
0.013725
0.014392
0.016036
0.028601
0.005399
0.010618
0.054469
0.013752
0.000214
0.000106
0.009217
0.017350
0.012116
0.013035
0.010922
0.013191
0.014154
0.022720
0.012789
0.010830
0.012871
0.017147
0.015938
0.028510
0.007163
0.006245
0.041460
0.004276
0.000261
0.019228
0.013286
0.012926
0.016786
0.012892
0.012399
0.014179
0.015448
0.017355
0.014459
0.012541
0.018521
0.010701
0.014882
0.015841
0.015079
0.014004
0.017557
0.011802
0.016805
0.014698
0.015006
0.013528
0.014340
0.024974
0.009735
0.012434
0.012528
0.016871
0.012864
0.021472
0.007771
0.015529
0.016787
0.041316
0.013518
0.000262
0.008303
0.008548
0.018717
0.020765
0.020544
0.027807
0.007000
0.000268
0.014687
0.012556
0.010602
0.015025
0.014734
0.019208
0.011287
0.029173
0.004834
0.009737
0.029852
0.037129
0.034557
0.000266
0.011282
0.000258
0.000135
0.018304
0.003082
0.017601
0.010127
0.015479
0.014946
0.018707
0.011170
0.014004
0.015400
0.015141
0.018496
0.010655
0.015020
0.014359
0.017139
0.013452
0.016283
0.024833
0.004729
0.014419
0.014998
0.012789
0.020691
0.009114
0.015135
0.015313
0.016912
0.013531
0.021711
0.008327
0.013397
0.014576
0.015901
0.013713
0.014702
0.014538
0.022127
0.008263
0.021792
0.008935
0.012922
0.014984
0.014882
0.016492
0.016970
0.012279
0.016040
0.013651
0.013991
0.017362
0.016843
0.013515
0.013058
0.013331
0.014811
0.014296
0.015382
0.014618
0.014712
0.017800
0.011713
0.014874
0.015274
0.014881
0.019324
0.011605
0.013871
0.014114
0.015988
0.018147
0.013568
0.012150
0.014143
0.016437
0.013814
0.015396
0.020184
0.011164
0.013452
0.018252
0.016941
0.007632
0.015080
0.015626
0.015182
0.016124
0.013062
0.016521
0.013989
0.017132
0.011499
0.023121
0.006570
0.014778
0.017444
0.016151
0.011223
0.024059
0.010469
0.009379
0.018802
0.011691
0.018428
0.010601
0.016266
0.014422
0.016355
0.012711
0.015808
0.017559
0.021646
0.005634
0.012674
0.014457
0.015679
0.014445
0.015333
0.015653
0.013659
0.015609
0.016228
0.013639
0.016129
0.012759
0.014244
0.015171
0.014549
0.014717
0.034381
0.004947
0.022004
0.003006
0.015458
0.009545
0.014826
0.015157
0.013993
0.015705
0.015391
0.015087
0.013972
0.015619
0.015354
0.012910
0.014827
0.015756
0.017338
0.012618
0.013850
0.015885
0.015070
0.013234
0.016322
0.014410
0.014203
0.015302
0.014046
0.015279
0.014749
0.015385
0.019006
0.011220
0.014415
0.013567
0.017728
0.012704
0.014667
0.015099
0.014070
0.016507
0.016920
0.012979
0.014017
0.013801
0.016154
0.015533
0.014179
0.021821
0.010847
0.010553
0.015238
0.014470
0.015779
0.017129
0.011665
0.015367
0.015459
0.022414
0.007267
0.014140
0.014047
0.019373
0.012398
0.012901
0.014626
0.017233
0.012948
0.019249
0.009967
0.016004
0.015779
0.013916
0.014607
0.014089
0.019077
0.010533
0.014597
0.029937
0.007139
0.023536
0.004889
0.013862
0.010635
0.016725
0.014089
0.018880
0.011041
0.012515
0.014955
0.016437
0.014586
0.023101
0.008378
0.014479
0.012915
0.014754
0.014329
0.015549
0.019994
0.010923
0.012875
0.017630
0.018918
0.010182
0.012857
0.017553
0.013269
0.013546
0.015955
0.015615
0.012795
0.015263
0.015387
0.033937
0.005931
0.003524
0.016492
0.013943
0.014280
0.016839
0.015875
0.014252
0.016499
0.011711
0.013740
0.016964
0.013535
0.020412
0.009840
0.016722
0.011908
0.015437
0.014649
0.014824
0.018842
0.010773
0.014837
0.016117
0.014321
0.014762
0.013586
0.015555
0.014653
0.015564
0.016657
0.012699
0.014064
0.022939
0.021867
0.004055
0.013295
0.020288
0.007322
0.014763
0.023819
0.006637
0.013436
0.025057
0.072271
0.010386
0.000274
0.000136
0.000126
0.010228
0.006979
0.008069
0.016500
0.017361
0.010604
0.015151
0.025433
0.027237
0.003159
0.011379
0.009407
0.013209
0.013783
0.019233
0.010773
0.014375
0.015441
0.014996
0.014926
0.014428
0.020780
0.008883
0.023232
0.006598
0.018509
0.012092
0.027170
0.006348
0.010911
0.014661
0.013774
0.014769
0.015050
0.017389
0.014418
0.012518
0.015100
0.037179
0.003880
0.003731
0.025419
0.004958
0.017973
0.010798
0.014973
0.049575
0.006530
0.000275
0.002684
0.014992
0.014723
0.015793
0.021461
0.009279
0.012768
0.016512
0.013354
0.014505
0.015846
0.019134
0.009663
0.020912
0.013056
0.010581
0.015718
0.014037
0.016320
0.015814
0.014731
0.012617
0.014460
0.014784
0.018492
0.011272
0.016143
0.013477
0.014733
0.019273
0.010548
0.016707
0.013032
0.016944
0.013648
0.019576
0.009794
0.043254
0.003075
0.000282
0.012212
0.015875
0.013412
0.023097
0.006893
0.014781
0.020208
0.017386
0.008110
0.014091
0.015864
0.014299
0.019027
0.014381
0.010408
0.017449
0.011842
0.015288
0.016464
0.015065
0.017344
0.010100
0.017682
0.012952
0.013736
0.015244
0.016131
0.015506
0.013013
0.016643
0.012377
0.016301
0.014704
0.013765
0.014481
0.015110
0.014394
0.014927
0.015350
0.014596
0.018801
0.010698
0.016549
0.017608
0.010796
0.014258
0.021903
0.009548
0.013123
0.014784
0.015021
0.015013
0.014767
0.014425
0.015815
0.015592
0.015247
0.013793
0.014982
0.014473
0.015382
0.015479
0.013199
0.014570
0.014737
0.017369
0.012274
0.016842
0.016019
0.011997
0.017754
0.011758
0.016880
0.013644
0.013807
0.014824
0.014803
0.014797
0.015863
0.027531
0.004501
0.012047
0.014499
0.016274
0.015445
0.012677
0.014822
0.015188
0.014479
0.014921
0.017318
0.016731
0.011134
0.014658
0.014151
0.015840
0.016147
0.018094
0.009687
0.035976
0.005532
0.006501
0.013011
0.013556
0.014805
0.014951
0.014320
0.015418
0.017137
0.017505
0.009032
0.014454
0.015459
0.017165
0.012413
0.014889
0.014808
0.014686
0.015218
0.016922
0.012449
0.019304
0.011537
0.014567
0.013529
0.014714
0.014843
0.015820
0.016925
0.013438
0.018288
0.010813
0.019796
0.011195
0.013724
0.014288
0.016367
0.013218
0.014872
0.014467
0.019393
0.010554
0.014343
0.022521
0.008640
0.014177
0.016247
0.014152
0.043671
0.009448
0.000270
0.006272
0.013164
0.022655
0.007042
0.016288
0.016986
0.016249
0.010648
0.015685
0.017322
0.013060
0.014977
0.012796
0.015380
0.015252
0.013235
0.023143
0.006514
0.015326
0.030992
0.004491
0.013833
0.011396
0.013956
0.017221
0.011127
0.017139
0.018349
0.021444
0.005142
0.013348
0.014558
0.014208
0.016265
0.022884
0.045792
0.013669
0.000275
0.000143
0.008677
0.012794
0.014751
0.017334
0.011246
0.014136
0.014754
0.015958
0.018139
0.013680
0.011932
0.017242
0.016084
0.010674
0.015812
0.017123
0.012846
0.014933
0.020224
0.008516
0.014672
0.015575
0.015523
0.017152
0.011398
0.017900
0.012238
0.015373
0.014405
0.039308
0.003781
0.006451
0.009520
0.015092
0.021313
0.007568
0.015457
0.014853
0.014228
0.015811
0.014522
0.015691
0.014365
0.014502
0.016141
0.013699
0.013804
0.019953
0.009968
0.018304
0.012380
0.014029
0.015153
0.014301
0.017127
0.012297
0.019370
0.010945
0.014489
0.015401
0.017510
0.011863
0.014447
0.014649
0.018502
0.013256
0.013311
0.014443
0.015906
0.014205
0.015508
0.019554
0.016494
0.007646
0.014662
0.015133
0.019644
0.013952
0.013118
0.015339
0.013351
0.013710
0.016077
0.014913
0.016536
0.014398
0.013213
0.015759
0.013372
0.015124
0.015931
0.015211
0.016266
0.012882
0.013891
0.013978
0.017245
0.012986
0.015471
0.014827
0.016985
0.013489
0.017632
0.017824
0.008356
0.013947
0.014358
0.017708
0.012652
0.018972
0.010722
0.030937
0.012882
0.005914
0.009127
0.015586
0.019334
0.010027
0.016034
0.019864
0.023803
0.010665
0.003881
0.014962
0.015247
0.017221
0.024045
0.003510
0.014949
0.015265
0.014973
0.014318
0.015067
0.018716
0.010823
0.014023
0.014553
0.014390
0.015168
0.015251
0.019345
0.012525
0.012436
0.014240
0.015145
0.026266
0.005112
0.013599
0.017097
0.011636
0.015170
0.014770
0.016128
0.022002
0.015184
0.005740
0.015878
0.014720
0.015886
0.013025
0.016980
0.019220
0.014986
0.012309
0.018514
0.008339
0.013262
0.016091
0.013674
0.015812
0.019545
0.011939
0.012031
0.016821
0.012810
0.015206
0.014132
0.016672
0.013119
0.014907
0.024134
0.008203
0.018149
0.009211
0.014992
0.018342
0.012748
0.013628
0.014399
0.015127
0.014346
0.015214
0.014170
0.015853
0.015907
0.012850
0.014820
0.021448
0.008666
0.014844
0.017649
0.012128
0.027356
0.005262
0.014229
0.013965
0.014106
0.013770
0.017795
0.028605
0.003939
0.010681
0.013277
0.018139
0.013875
0.013224
0.014794
0.015496
0.014257
0.013769
0.063243
0.008233
0.000271
0.000143
0.002505
0.014414
0.015082
0.015382
0.014564
0.056695
0.006516
0.000274
0.000142
0.011538
0.025225
0.005594
0.012822
0.015362
0.017268
0.028965
0.002966
0.010572
0.016060
0.026856
0.005115
0.016765
0.007864
0.014476
0.015022
0.015424
0.014791
0.015486
0.017333
0.012116
0.014215
0.014464
0.015763
0.017142
0.011618
0.020265
0.012262
0.012145
0.015125
0.022597
0.015490
0.007902
0.016796
0.012575
0.013076
0.014799
0.014975
0.068787
0.007212
0.000284
0.000147
0.000135
0.012353
0.014592
0.015619
0.014281
0.019214
0.011941
0.013517
0.014976
0.014424
0.016405
0.013313
0.015065
0.018797
0.011438
0.014089
0.015316
0.020607
0.009955
0.016925
0.016264
0.010349
0.016347
0.013026
0.014817
0.015539
0.014983
0.014309
0.024855
0.009146
0.015317
0.009756
0.014713
0.015677
0.013859
0.014667
0.015303
0.018921
0.010863
0.018759
0.012039
0.013241
0.015247
0.015009
0.014839
0.014432
0.014771
0.016017
0.020365
0.010742
0.012335
0.017306
0.014507
0.012947
0.014901
0.014571
0.014839
0.030699
0.024954
0.011160
0.003593
0.005037
0.013465
0.014749
0.030215
0.003142
0.012769
0.014343
0.014521
0.018910
0.010679
0.014068
0.014786
0.015483
0.018430
0.010794
0.017087
0.014586
0.012836
0.027498
0.003361
0.014367
0.014067
0.014825
0.021693
0.019433
0.007236
0.011265
0.017789
0.012659
0.018564
0.010311
0.018652
0.012342
0.015316
0.016755
0.011285
0.019045
0.030472
0.005154
0.006106
0.013460
0.014715
0.014967
0.016514
0.013576
0.014828
0.017975
0.019568
0.009605
0.013130
0.017006
0.011042
0.017592
0.015474
0.014234
0.019595
0.008264
0.013935
0.016350
0.015008
0.016198
0.012864
0.014792
0.020250
0.012517
0.011725
0.013815
0.016961
0.014488
0.014362
0.014429
0.014901
0.014703
0.014739
0.014993
0.016818
0.012236
0.018579
0.013085
0.014088
0.029412
0.003772
0.009906
0.015426
0.015073
0.015942
0.013435
0.025973
0.003878
0.020470
0.009532
0.013684
0.015185
0.020376
0.009920
0.014273
0.019989
0.010101
0.015497
0.014302
0.019555
0.009570
0.015278
0.014576
0.019149
0.011285
0.014479
0.015948
0.014822
0.014095
0.017212
0.011994
0.014626
0.014593
0.017045
0.013022
0.014946
0.016256
0.013232
0.016442
0.013800
0.015713
0.020931
0.007158
0.015765
0.014386
0.014519
0.022488
0.009735
0.013023
0.031718
0.005199
0.008096
0.022706
0.006798
0.016867
0.013953
0.014336
0.020065
0.009007
0.014119
0.014709
0.016794
0.012588
0.015913
0.014263
0.015396
0.014917
0.014068
0.017976
0.011809
0.014815
0.014520
0.015965
0.013714
0.015080
0.014821
0.015689
0.013700
0.014673
0.017143
0.013450
0.013924
0.015623
0.019386
0.009541
0.015040
0.014592
0.015510
0.013907
0.021338
0.010511
0.016424
0.012192
0.014233
0.017355
0.012439
0.014600
0.014516
0.016316
0.021618
0.010751
0.011005
0.015919
0.014032
0.015413
0.015090
0.014730
0.017062
0.011382
0.017320
0.013504
0.014264
0.014080
0.014886
0.014838
0.015542
0.023272
0.015227
0.005121
0.015151
0.014830
0.015626
0.014573
0.021020
0.011873
0.010637
0.015677
0.019593
0.011510
0.015726
0.051599
0.020927
0.000279
0.000148
0.005652
0.010237
0.017510
0.010638
0.013615
0.014898
0.020165
0.011529
0.013314
0.014009
0.015646
0.014488
0.025172
0.004230
0.014739
0.015236
0.014505
0.028616
0.003492
0.013415
0.014052
0.027538
0.011195
0.006389
0.017525
0.012671
0.013937
0.014038
0.018500
0.011338
0.014886
0.018146
0.015235
0.013403
0.014005
0.017448
0.084527
0.005741
0.000284
0.000147
0.000138
0.000135
0.011102
0.013289
0.013688
0.015125
0.023108
0.017650
0.007759
0.012133
0.013303
0.018390
0.014172
0.014275
0.023009
0.009777
0.011919
0.019909
0.007883
0.026516
0.009435
0.011354
0.097100
0.054266
0.000276
0.000146
0.000136
0.000132
0.000133
0.021062
0.000296
0.000154
0.052755
0.000280
0.009251
0.000282
0.000149
0.000140
0.013487
0.026871
0.003877
0.029393
0.004886
0.021459
0.011386
0.010912
0.011417
0.016491
0.035773
0.005895
0.000280
0.014419
0.023838
0.008062
0.081751
0.031874
0.000283
0.000146
0.000138
0.000135
0.041428
0.000316
0.011744
0.000288
0.000151
0.051653
0.018373
0.000285
0.000149
0.004644
0.006638
0.030973
0.004214
0.014559
0.010945
0.090781
0.048172
0.000278
0.000145
0.000137
0.000134
0.006029
0.000302
0.000154
0.013694
0.012941
0.015335
0.062761
0.021374
0.000278
0.000147
0.000137
0.046934
0.007367
0.000280
0.000145
0.000138
0.012811
0.064052
0.017758
0.000288
0.000148
0.005923
0.004717
0.015078
0.011195
0.015002
0.012589
0.015205
0.014164
0.016058
0.013821
0.014870
0.017446
0.012469
0.016100
0.014818
0.013783
0.014381
0.014545
0.014924
0.020225
0.012975
0.013822
0.022763
0.004674
0.015578
0.014152
0.017898
0.015088
0.017047
0.011864
0.013398
0.086178
0.008431
0.000279
0.000147
0.000137
0.000136
0.007480
0.014490
0.014714
0.014891
0.026145
0.004649
0.014320
0.016261
0.013309
0.014767
0.016073
0.014043
0.017936
0.017008
0.010247
0.018904
0.009321
0.017389
0.018566
0.009482
0.016894
0.016063
0.011447
0.013854
0.015404
0.014648
0.017406
0.018905
0.013433
0.011492
0.013495
0.019738
0.009528
0.017691
0.012216
0.014411
0.015044
0.015881
0.035470
0.006011
0.005586
0.011683
0.015011
0.013858
0.026009
0.008266
0.010955
0.017577
0.011836
0.022731
0.008794
0.013343
0.017175
0.011569
0.015935
0.023213
0.015043
0.013610
0.009897
0.011495
0.015142
0.019331
0.015266
0.009564
0.017453
0.017144
0.011540
0.022136
0.015330
0.006032
0.016487
0.013458
0.014885
0.015285
0.016589
0.012907
0.014003
0.015554
0.014893
0.016818
0.011731
0.017068
0.012980
0.020449
0.009885
0.021851
0.007172
0.017026
0.015790
0.017797
0.009305
0.016928
0.013054
0.020879
0.007906
0.022073
0.013723
0.012278
0.024045
0.004091
0.013066
0.014963
0.019525
0.012225
0.013544
0.014229
0.014406
0.015890
0.014597
0.014001
0.014906
0.014873
0.144709
0.012065
0.000290
0.000149
0.000138
0.000137
0.000134
0.000134
0.000135
0.000133
0.005239
0.017923
0.013338
0.013370
0.014613
0.016081
0.013765
0.017250
0.013388
0.013979
0.015560
0.013919
0.015195
0.015412
0.017235
0.020865
0.005912
0.014407
0.014417
0.014905
0.015435
0.014381
0.019431
0.010447
0.014585
0.014484
0.015261
0.015010
0.014854
0.014244
0.015243
0.014597
0.017061
0.016753
0.014174
0.012019
0.014480
0.014595
0.014594
0.015847
0.014965
0.018452
0.013268
0.012231
0.014643
0.014278
0.014951
0.015537
0.015246
0.014539
0.013970
0.014741
0.016729
0.015609
0.013385
0.013729
0.019010
0.025855
0.007496
0.008955
0.013929
0.014234
0.019548
0.009785
0.016133
0.013526
0.017110
0.014147
0.030061
0.003131
0.011270
0.013622
0.014355
0.014997
0.014409
0.015127
0.024550
0.005712
0.014907
0.013767
0.014861
0.014761
0.015137
0.014391
0.016254
0.049348
0.008387
0.000288
0.003261
0.015818
0.011119
0.014670
0.014588
0.028581
0.010991
0.005544
0.016210
0.017491
0.011881
0.013194
0.014733
0.014874
0.014967
0.019093
0.015457
0.010465
0.017402
0.012750
0.013769
0.014438
0.016229
0.016914
0.018849
0.018357
0.005641
0.013361
0.017649
0.013732
0.018923
0.010054
0.015887
0.012488
0.015577
0.014592
0.014471
0.015402
0.015859
0.015291
0.012656
0.015143
0.014455
0.016531
0.013382
0.024781
0.007431
0.018959
0.014510
0.011057
0.022136
0.014731
0.005271
0.015878
0.014874
0.023146
0.006283
0.028103
0.002831
0.012884
0.017582
0.013789
0.016010
0.013378
0.013244
0.015525
0.015523
0.018790
0.009179
0.015037
0.015549
0.013905
0.016662
0.013157
0.015118
0.014533
0.014676
0.015016
0.015745
0.014293
0.016244
0.013201
0.015098
0.014251
0.022260
0.008522
0.016301
0.012677
0.015296
0.016396
0.013014
0.015178
0.013832
0.021156
0.009913
0.013760
0.014525
0.014979
0.018456
0.011345
0.014708
0.016659
0.013426
0.020377
0.010080
0.014288
0.015030
0.016931
0.013369
0.013445
0.015034
0.017673
0.013405
0.014037
0.014403
0.014521
0.014689
0.016128
0.021284
0.008232
0.019516
0.009357
0.014447
0.014831
0.016051
0.017876
0.014719
0.014096
0.011456
0.014704
0.026612
0.003714
0.024054
0.007026
0.016035
0.012811
0.019980
0.013121
0.010265
0.020589
0.041638
0.008386
0.000288
0.008784
0.010134
0.015949
0.016071
0.012521
0.016338
0.017256
0.018569
0.010576
0.011156
0.015538
0.015774
0.013552
0.014168
0.021616
0.007947
0.016095
0.013974
0.015063
0.015551
0.016562
0.011955
0.014794
0.015975
0.015716
0.022907
0.006434
0.018450
0.009895
0.015214
0.014235
0.016446
0.013441
0.015177
0.014527
0.019033
0.024244
0.012135
0.004310
0.016377
0.012840
0.019120
0.012247
0.014835
0.044512
0.006216
0.000287
0.009065
0.014217
0.013067
0.014460
0.015631
0.015192
0.014667
0.014944
0.013927
0.014845
0.018199
0.011506
0.016175
0.014135
0.014314
0.014693
0.017614
0.015253
0.012174
0.016605
0.012959
0.015718
0.025572
0.003068
0.015865
0.013659
0.017096
0.016076
0.419710
0.000304
0.000154
0.000144
0.000138
0.000144
0.000137
0.000135
0.000136
0.000136
0.000134
0.000136
0.000135
0.000134
0.000136
0.005976
0.000287
0.000151
0.000141
0.000138
0.000136
0.000136
0.000135
0.000135
0.000135
0.000135
0.000143
0.000136
0.001981
0.009966
0.015117
0.015061
0.015639
0.014209
0.014275
0.014986
0.014967
0.019004
0.011210
0.014439
0.019093
0.011706
0.022963
0.007303
0.064210
0.008257
0.000286
0.000159
0.000145
0.014643
0.015089
0.014016
0.016571
0.014457
0.016432
0.011501
0.021115
0.009079
0.015783
0.021138
0.015177
0.008725
0.013073
0.017309
0.012826
0.014512
0.022819
0.007134
0.014093
0.019570
0.016229
0.009658
0.015838
0.013999
0.021906
0.006864
0.016159
0.014335
0.015717
0.013073
0.016199
0.020367
0.008482
0.015307
0.017501
0.010898
0.014814
0.017777
0.013788
0.014303
0.013384
0.015476
0.016745
0.012813
0.018149
0.012830
0.014108
0.017893
0.012084
0.038652
0.063625
0.024013
0.000286
0.000153
0.000143
0.000140
0.003668
0.013184
0.003589
0.016062
0.059681
0.034741
0.000297
0.000159
0.004302
0.000307
0.006166
0.022846
0.004609
0.014458
0.039110
0.009234
0.005526
0.007211
0.014388
0.012538
0.015260
0.015435
0.014273
0.015485
0.015361
0.016151
0.012209
0.015079
0.014764
0.014785
0.015416
0.013669
0.015820
0.014150
0.014594
0.017336
0.015225
0.016289
0.011839
0.014486
0.014965
0.015229
0.014803
0.013697
0.015595
0.014248
0.018664
0.012188
0.013593
0.016706
0.012771
0.019558
0.012442
0.012103
0.014932
0.014670
0.021600
0.008078
0.015450
0.016736
0.013064
0.019901
0.009220
0.014578
0.016766
0.015214
0.014626
0.013425
0.018500
0.011289
0.018840
0.012633
0.014580
0.012640
0.015030
0.015026
0.015372
0.021954
0.008327
0.014937
0.013367
0.015667
0.013932
0.024550
0.006170
0.014625
0.017895
0.016624
0.009712
0.015197
0.018061
0.017169
0.011795
0.011440
0.016614
0.014045
0.020430
0.009816
0.013745
0.015071
0.013881
0.015113
0.014991
0.014495
0.016175
0.014793
0.013950
0.015499
0.024773
0.008044
0.012107
0.013224
0.015803
0.014802
0.014673
0.014815
0.021322
0.012163
0.012344
0.021265
0.015447
0.008487
0.012229
0.016425
0.013050
0.020053
0.012414
0.013271
0.018584
0.010887
0.014467
0.016679
0.019585
0.008891
0.016890
0.015209
0.012374
0.016340
0.017122
0.023272
0.006632
0.013272
0.012635
0.024903
0.004148
0.014237
0.020553
0.020703
0.006669
0.011808
0.015184
0.014136
0.014828
0.015831
0.013833
0.020743
0.008996
0.017578
0.017453
0.023801
0.004043
0.012640
0.014797
0.018571
0.009817
0.014986
0.015313
0.015991
0.020442
0.012919
0.010199
0.014169
0.014552
0.015888
0.015489
0.013882
0.022261
0.011879
0.010412
0.016034
0.012653
0.015900
0.015529
0.014969
0.013572
0.014751
0.015289
0.015176
0.019210
0.016533
0.008541
0.017011
0.014350
0.012597
0.015677
0.014378
0.017116
0.012071
0.020302
0.009917
0.014485
0.015075
0.014672
0.014667
0.016939
0.016925
0.010645
0.014864
0.018367
0.011655
0.014527
0.015099
0.014769
0.014887
0.015433
0.019831
0.009088
0.016519
0.014285
0.014207
0.014399
0.014702
0.016438
0.014152
0.016274
0.012645
0.015154
0.020706
0.024898
0.005313
0.009315
0.014245
0.014093
0.014937
0.016694
0.013320
0.014763
0.016553
0.018611
0.010392
0.016466
0.011999
0.015684
0.026826
0.004953
0.012860
0.017674
0.010646
0.015730
0.017491
0.011397
0.025612
0.004942
0.014089
0.017954
0.012209
0.021585
0.008719
0.013441
0.018725
0.011113
0.014757
0.015075
0.019086
0.013023
0.015085
0.019231
0.007430
0.016056
0.013473
0.015353
0.017172
0.015202
0.015531
0.014246
0.012614
0.014528
0.014324
0.016926
0.014064
0.014046
0.014158
0.015041
0.014919
0.017411
0.013994
0.013941
0.014133
0.014808
0.014196
0.015288
0.017286
0.012359
0.015418
0.014236
0.014497
0.014821
0.015284
0.025976
0.005703
0.014903
0.014171
0.017906
0.014008
0.012178
0.013646
0.016199
0.023364
0.019582
0.009226
0.006829
0.015890
0.015523
0.012102
0.014546
0.015055
0.016279
0.015947
0.016421
0.011752
0.014680
0.014842
0.013665
0.016390
0.016253
0.011879
0.019842
0.009805
0.014703
0.016562
0.015303
0.013224
0.014345
0.015128
0.015320
0.014066
0.015358
0.014480
0.017709
0.021230
0.007355
0.013287
0.014778
0.014467
0.017864
0.011558
0.020376
0.010217
0.024505
0.006846
0.012735
0.024028
0.010734
0.017261
0.006840
0.015131
0.016362
0.016855
0.011064
0.018366
0.018391
0.007816
0.017280
0.013351
0.013798
0.014782
0.016426
0.016666
0.013257
0.012899
0.014777
0.016123
0.014171
0.015086
0.016243
0.017672
0.015378
0.009901
0.014458
0.015119
0.014438
0.016708
0.014613
0.019151
0.009486
0.016987
0.014917
0.013589
0.025971
0.014568
0.006394
0.011408
0.014005
0.014707
0.017491
0.013083
0.015447
0.013887
0.014468
0.020993
0.009009
0.017773
0.019148
0.008340
0.015058
0.015238
0.013519
0.015522
0.013930
0.015045
0.016971
0.014785
0.014458
0.016827
0.010900
0.026698
0.004798
0.014601
0.013942
0.014255
0.018349
0.013232
0.012884
0.014713
0.014550
0.015801
0.014212
0.022675
0.007208
0.020388
0.009596
0.014844
0.018874
0.011275
0.013573
0.015903
0.013886
0.021487
0.018030
0.014809
0.005122
0.017768
0.015857
0.011578
0.014199
0.015931
0.015646
0.066964
0.007673
0.000877
0.000539
0.000480
0.011437
0.020407
0.009068
0.014132
0.019692
0.010836
0.023481
0.005888
0.018047
0.011755
0.015259
0.015523
0.015012
0.015613
0.012152
0.015334
0.014485
0.017016
0.021641
0.008223
0.013257
0.015383
0.014448
0.014042
0.016343
0.015353
0.019093
0.012505
0.016397
0.017966
0.009379
0.012065
0.014241
0.015910
0.015332
0.019386
0.008628
0.015764
0.014833
0.018781
0.021767
0.006141
0.012281
0.015205
0.013950
0.018231
0.015904
0.011581
0.018825
0.011881
0.012725
0.017097
0.013505
0.015052
0.013819
0.015838
0.015713
0.014099
0.014864
0.023020
0.011551
0.020835
0.009099
0.008622
0.015030
0.015157
0.016823
0.016396
0.011395
0.019714
0.011306
0.016340
0.014550
0.012721
0.016858
0.011717
0.016160
0.013631
0.016259
0.014360
0.015138
0.017509
0.010807
0.017242
0.017407
0.018197
0.007014
0.016223
0.013195
0.015024
0.020693
0.009133
0.014495
0.015904
0.015165
0.014677
0.014168
0.014926
0.015111
0.014414
0.015009
0.017277
0.012943
0.013653
0.014830
0.016244
0.013372
0.015283
0.018007
0.012933
0.015411
0.015171
0.012770
0.014955
0.014456
0.017218
0.016524
0.011321
0.017032
0.012915
0.014706
0.015392
0.014802
0.014310
0.015101
0.014865
0.014041
0.015220
0.017884
0.017683
0.011135
0.012382
0.014781
0.014873
0.014697
0.016540
0.013617
0.014639
0.015494
0.018172
0.013131
0.016032
0.012050
0.014438
0.016319
0.014560
0.014034
0.014307
0.016796
0.017325
0.012098
0.012703
0.017051
0.012624
0.014905
0.015639
0.014079
0.015969
0.032868
0.004152
0.006828
0.014531
0.014719
0.014476
0.014739
0.015175
0.016743
0.015930
0.012265
0.015717
0.020097
0.008566
0.016280
0.016397
0.011735
0.018935
0.010391
0.014777
0.017807
0.013823
0.012741
0.017185
0.013356
0.015268
0.014800
0.013568
0.015227
0.014815
0.017375
0.012086
0.015808
0.013635
0.027380
0.004555
0.012483
0.014741
0.017297
0.016067
0.022554
0.008516
0.011464
0.014911
0.012960
0.016303
0.014996
0.013604
0.015999
0.017306
0.018319
0.008337
0.017087
0.015003
0.011581
0.014761
0.038817
0.012222
0.012901
0.017494
0.009622
0.086758
0.006359
0.000300
0.000159
0.000149
0.000145
0.000147
0.007646
0.014601
0.014827
0.015747
0.014456
0.014413
0.016148
0.013738
0.014607
0.023404
0.006139
0.016768
0.013620
0.017136
0.012365
0.018434
0.012245
0.015483
0.012994
0.014665
0.016514
0.013189
0.016583
0.020389
0.008524
0.016307
0.013118
0.024820
0.006001
0.012769
0.015576
0.017215
0.015485
0.011250
0.021288
0.009956
0.017079
0.024638
0.016912
0.003031
0.012088
0.015003
0.015911
0.023935
0.003018
0.015452
0.015078
0.016399
0.014206
0.014073
0.018832
0.015013
0.024942
0.012024
0.006999
0.017412
0.010467
0.012299
0.039574
0.025011
0.016422
0.000336
0.003705
0.059283
0.007166
0.000314
0.000162
0.000152
0.012321
0.014609
0.013918
0.024367
0.013627
0.011193
0.009913
0.045116
0.007119
0.000305
0.008220
0.013150
0.018465
0.012008
0.015934
0.014586
0.038855
0.008259
0.010535
0.006825
0.066390
0.015542
0.000419
0.000302
0.000178
0.062576
0.006491
0.000307
0.000163
0.000154
0.013658
0.012354
0.007594
0.015895
0.028176
0.007472
0.011788
0.036306
0.005308
0.008767
0.005265
0.014714
0.015704
0.015929
0.013338
0.016831
0.013815
0.015311
0.013502
0.016694
0.011941
0.015676
0.014517
0.014970
0.014552
0.018444
0.012014
0.015379
0.015632
0.012909
0.014429
0.015111
0.016703
0.020267
0.014307
0.008941
0.014091
0.024799
0.005477
0.014190
0.016211
0.014302
0.075927
0.006427
0.000331
0.000169
0.000157
0.009594
0.011796
0.016052
0.012283
0.014779
0.016684
0.014489
0.017979
0.013912
0.011506
0.014212
0.015558
0.019918
0.012068
0.011866
0.022242
0.007810
0.024487
0.044774
0.006270
0.000327
0.011392
0.024078
0.003764
0.004555
0.016782
0.011399
0.022361
0.009420
0.013045
0.016604
0.013240
0.016680
0.013481
0.014369
0.016308
0.016104
0.016785
0.012327
0.014787
0.013124
0.017975
0.014424
0.012220
0.016200
0.053669
0.006927
0.000307
0.000168
0.011748
0.031260
0.005508
0.007616
0.017055
0.013265
0.017376
0.011742
0.014652
0.014381
0.016327
0.013590
0.022874
0.006629
0.015316
0.015214
0.023343
0.006443
0.019047
0.026888
0.006727
0.009594
0.022123
0.009544
0.011049
0.013197
0.025088
0.005179
0.014869
0.015054
0.014167
0.016414
0.012792
0.015536
0.015272
0.014348
0.014407
0.015965
0.017430
0.011059
0.027220
0.004435
0.015694
0.012193
0.014930
0.014508
0.014729
0.018505
0.011760
0.014526
0.024678
0.006427
0.013973
0.016230
0.012701
0.014798
0.014837
0.014724
0.015970
0.013940
0.018682
0.010832
0.015148
0.016191
0.017510
0.011462
0.014134
0.017413
0.017446
0.012916
0.014711
0.017646
0.010624
0.013944
0.016674
0.012286
0.016029
0.014945
0.017218
0.011795
0.014940
0.014391
0.016273
0.013502
0.016074
0.014420
0.013545
0.015030
0.014280
0.015068
0.016047
0.013658
0.019387
0.015006
0.017235
0.009417
0.013121
0.016425
0.013872
0.020067
0.009225
0.016205
0.022044
0.007548
0.019561
0.009267
0.014893
0.014185
0.014417
0.015117
0.014603
0.015692
0.018709
0.011986
0.012983
0.015041
0.016126
0.013462
0.014948
0.015118
0.015825
0.013931
0.014345
0.014696
0.015782
0.017012
0.012545
0.022785
0.007451
0.013816
0.015733
0.017860
0.012649
0.012976
0.014636
0.017014
0.013071
0.014281
0.015042
0.017610
0.012857
0.014260
0.015498
0.013577
0.015867
0.016887
0.012017
0.015252
0.014313
0.015765
0.015705
0.014027
0.013676
0.014639
0.029118
0.006235
0.009639
0.019348
0.016135
0.019201
0.006445
0.013702
0.016221
0.012189
0.015236
0.015959
0.013238
0.015208
0.015329
0.014731
0.014707
0.015207
0.014322
0.015459
0.014087
0.014884
0.014762
0.014787
0.014504
0.016871
0.014135
0.015225
0.015501
0.013541
0.025350
0.004093
0.014187
0.014881
0.015109
0.014689
0.014607
0.015090
0.018837
0.023427
0.003833
0.013075
0.014755
0.014965
0.015669
0.014025
0.017228
0.012752
0.014965
0.016521
0.013316
0.014717
0.015074
0.016662
0.014190
0.013791
0.014951
0.019343
0.009618
0.015026
0.014399
0.014943
0.014299
0.016700
0.013464
0.015631
0.013471
0.017950
0.012321
0.018840
0.016123
0.010763
0.014968
0.015957
0.012098
0.015792
0.015974
0.013016
0.018283
0.015528
0.013014
0.016578
0.012355
0.016337
0.011958
0.014330
0.015643
0.015468
0.015963
0.015423
0.011329
0.016727
0.013905
0.016812
0.012131
0.016219
0.022117
0.006412
0.021181
0.014384
0.012128
0.012606
0.016354
0.013074
0.015087
0.014420
0.014409
0.020515
0.011529
0.012300
0.015766
0.014709
0.014332
0.015161
0.014248
0.015779
0.013858
0.017682
0.014786
0.012262
0.015169
0.017011
0.013175
0.013471
0.015612
0.014126
0.018989
0.016233
0.010341
0.015551
0.019171
0.010893
0.013239
0.014753
0.016146
0.013195
0.016173
0.026331
0.012270
0.005178
0.016241
0.015662
0.015875
0.014842
0.011056
0.015065
0.014481
0.016974
0.020108
0.008042
0.035786
0.004119
0.011110
0.007894
0.014746
0.014956
0.014977
0.016260
0.016310
0.011624
0.015728
0.018036
0.023931
0.004184
0.013586
0.014372
0.015000
0.013761
0.015841
0.014414
0.020405
0.018489
0.009258
0.013475
0.012114
0.014897
0.014747
0.015658
0.017614
0.012054
0.014493
0.015843
0.014054
0.018203
0.017337
0.012518
0.011702
0.015531
0.013365
0.022084
0.011800
0.013239
0.015853
0.012983
0.013176
0.015761
0.017365
0.015476
0.014695
0.011689
0.015454
0.022317
0.018604
0.002991
0.014007
0.014731
0.015668
0.014216
0.018089
0.012674
0.014836
0.028510
0.003759
0.018720
0.012198
0.012284
0.012206
0.018107
0.011837
0.015334
0.014564
0.014757
0.015215
0.015775
0.013008
0.016424
0.013647
0.037857
0.024245
0.007662
0.000313
0.009977
0.010695
0.013457
0.014312
0.015068
0.017557
0.012259
0.014502
0.015263
0.014326
0.017682
0.012048
0.015090
0.016484
0.012867
0.016309
0.015516
0.015161
0.012666
0.015182
0.020081
0.012991
0.025929
0.005522
0.012122
0.013957
0.013770
0.019100
0.011095
0.016441
0.013547
0.013891
0.014662
0.015095
0.016987
0.012994
0.017558
0.012075
0.015036
0.015123
0.016368
0.014821
0.013852
0.014467
0.013929
0.014150
0.015022
0.014718
0.018262
0.012397
0.015305
0.014225
0.030582
0.002866
0.010251
0.014953
0.015099
0.015558
0.020784
0.017795
0.009502
0.010879
0.030185
0.010566
0.004639
0.018573
0.012225
0.015512
0.011846
0.014984
0.016956
0.012368
0.014889
0.014725
0.015401
0.014199
0.020711
0.008957
0.016130
0.018346
0.012102
0.014158
0.013297
0.023268
0.009049
0.018521
0.012407
0.011873
0.014771
0.013933
0.021321
0.008541
0.015984
0.014415
0.017856
0.013562
0.012758
0.014385
0.016666
0.018627
0.009255
0.020779
0.010135
0.014164
0.016418
0.013197
0.016925
0.012950
0.015529
0.014249
0.016214
0.013087
0.015274
0.013701
0.014959
0.018161
0.013361
0.014390
0.023557
0.006188
0.014072
0.014967
0.015996
0.015189
0.012623
0.014534
0.014740
0.015312
0.014187
0.019828
0.010233
0.019243
0.012419
0.012960
0.015449
0.014247
0.014922
0.017571
0.012596
0.014503
0.016530
0.015320
0.017211
0.013288
0.011167
0.039162
0.011711
0.004031
0.005854
0.013355
0.026193
0.013657
0.004731
0.018788
0.012351
0.014429
0.014275
0.014087
0.020814
0.011921
0.012681
0.014321
0.014463
0.015458
0.014358
0.015674
0.016896
0.012516
0.015305
0.013566
0.016561
0.013183
0.015752
0.015027
0.015698
0.014903
0.012683
0.015804
0.014107
0.024225
0.007215
0.013385
0.015070
0.016947
0.012551
0.015529
0.036967
0.004200
0.003101
0.014084
0.015630
0.013671
0.016071
0.013873
0.014686
0.015802
0.018506
0.040409
0.014596
0.000447
0.004043
0.010302
0.022510
0.007788
0.013793
0.015213
0.014580
0.027958
0.003637
0.020342
0.013395
0.009276
0.017043
0.012541
0.014729
0.018271
0.012311
0.013462
0.015001
0.025126
0.080388
0.008021
0.000327
0.000177
0.000167
0.000165
0.004286
0.016287
0.016668
0.014864
0.016561
0.011228
0.014781
0.013737
0.016738
0.013877
0.015325
0.012972
0.020469
0.009553
0.017001
0.015703
0.012825
0.016230
0.013136
0.020958
0.009777
0.013082
0.020902
0.009125
0.020666
0.010274
0.013168
0.020486
0.009949
0.016502
0.012937
0.016469
0.012119
0.015377
0.014754
0.016036
0.015429
0.019318
0.008508
0.015932
0.013917
0.014318
0.017338
0.014001
0.014013
0.014297
0.015578
0.015525
0.014447
0.013788
0.024269
0.005097
0.016315
0.020065
0.010076
0.014865
0.013686
0.014574
0.014466
0.018077
0.012725
0.014955
0.013581
0.015185
0.018456
0.015561
0.019388
0.006020
0.018270
0.011518
0.015633
0.015469
0.014137
0.013624
0.016741
0.015942
0.011948
0.106094
0.043223
0.000324
0.000175
0.000167
0.000164
0.000163
0.038601
0.000348
0.000182
0.008939
0.000329
0.000177
0.066616
0.033704
0.000331
0.000175
0.000166
0.000164
0.095679
0.012414
0.000326
0.000177
0.000165
0.000161
0.000159
0.000162
0.006161
0.054710
0.020410
0.000328
0.000179
0.038424
0.024295
0.000327
0.000179
0.147561
0.006516
0.000348
0.000181
0.000167
0.000165
0.000162
0.000161
0.000162
0.000161
0.000163
0.002659
0.025882
0.037849
0.030916
0.000332
0.247688
0.000330
0.012160
0.000332
0.000180
0.000170
0.000165
0.000164
0.000162
0.000163
0.000162
0.000161
0.000161
0.000161
0.000162
0.000373
0.000171
0.000162
0.000163
0.007911
0.013527
0.005630
0.016364
0.014401
0.018740
0.015816
0.009393
0.016904
0.018359
0.009947
0.014075
0.017367
0.011851
0.014887
0.019386
0.012328
0.012855
0.014953
0.017302
0.013515
0.014326
0.021900
0.008464
0.013742
0.014835
0.018048
0.013400
0.013355
0.024181
0.005564
0.014323
0.014970
0.015123
0.015034
0.019919
0.009297
0.015219
0.016844
0.012935
0.017926
0.044722
0.003813
0.000325
0.009841
0.011670
0.014777
0.016621
0.013146
0.014792
0.014579
0.015623
0.017636
0.011416
0.014613
0.017814
0.011998
0.015662
0.015702
0.015207
0.013636
0.014077
0.023198
0.015783
0.005602
0.014749
0.014763
0.014989
0.015377
0.016126
0.021468
0.007065
0.014036
0.014608
0.014908
0.016960
0.014795
0.015662
0.013873
0.016343
0.011985
0.015575
0.014862
0.013768
0.014243
0.014919
0.014757
0.016529
0.016317
0.018182
0.009052
0.015928
0.014613
0.013207
0.015074
0.015422
0.014343
0.016218
0.014156
0.019504
0.010111
0.014143
0.016337
0.013931
0.014938
0.014912
0.016646
0.013265
0.013752
0.018801
0.011872
0.016001
0.015642
0.014918
0.012554
0.014280
0.368493
0.000333
0.000193
0.000170
0.000167
0.000164
0.000163
0.000164
0.000163
0.000161
0.000163
0.000161
0.000162
0.000161
0.000164
0.004642
0.000328
0.000182
0.000168
0.000165
0.000163
0.000161
0.000161
0.000162
0.000162
0.008485
0.014223
0.017932
0.013447
0.013121
0.016398
0.012993
0.015294
0.014835
0.015363
0.016588
0.013447
0.015463
0.013159
0.016942
0.012400
0.016461
0.014513
0.015287
0.017197
0.011131
0.014725
0.020823
0.022531
0.004836
0.011428
0.022831
0.007606
0.026824
0.006994
0.009951
0.014372
0.061942
0.006113
0.000331
0.000180
0.005975
0.016703
0.016910
0.028497
0.004888
0.007590
0.015852
0.013296
0.016235
0.013686
0.015074
0.017493
0.011426
0.015254
0.019136
0.024115
0.004635
0.011466
0.014351
0.018473
0.012919
0.013749
0.015559
0.014143
0.016642
0.013492
0.015579
0.013870
0.013897
0.015046
0.014835
0.015097
0.017436
0.012387
0.014314
0.018883
0.011803
0.014287
0.023994
0.005928
0.014096
0.014898
0.014754
0.016777
0.015925
0.017205
0.012637
0.011942
0.015663
0.013755
0.016086
0.014041
0.015324
0.025522
0.008708
0.010593
0.015604
0.012883
0.015945
0.015045
0.014508
0.016354
0.017434
0.011591
0.013750
0.017604
0.011625
0.015175
0.015322
0.013754
0.015746
0.018773
0.015921
0.010833
0.013356
0.015018
0.099065
0.007337
0.000337
0.000179
0.000169
0.000167
0.000167
0.012176
0.013712
0.101239
0.008295
0.000338
0.000257
0.000283
0.000447
0.000290
0.007243
0.015150
0.104303
0.006692
0.000335
0.000184
0.000172
0.000167
0.000168
0.008543
0.013201
0.103836
0.008157
0.000334
0.000183
0.000171
0.000169
0.000169
0.005506
0.015144
0.014335
0.093056
0.006443
0.000333
0.000180
0.000169
0.000168
0.003673
0.015036
0.014322
0.015531
0.027174
0.098515
0.000345
0.000188
0.000172
0.000169
0.000168
0.000167
0.006529
0.019675
0.010904
0.019001
0.016444
0.015114
0.018604
0.007991
0.011198
0.013987
0.015711
0.016816
0.011585
0.019536
0.010990
0.015590
0.014833
0.013543
0.016678
0.013511
0.014707
0.014312
0.021116
0.009404
0.015844
0.015630
0.013523
0.015190
0.013884
0.016158
0.012969
0.014769
0.020893
0.012084
0.012691
0.014416
0.015265
0.019145
0.011250
0.013102
0.015022
0.015233
0.024751
0.006832
0.015827
0.011638
0.018545
0.014034
0.017176
0.009238
0.018397
0.013035
0.013714
0.016390
0.013513
0.014841
0.024620
0.009057
0.016891
0.008875
0.015662
0.013766
0.014561
0.019937
0.009770
0.016044
0.014904
0.014210
0.018471
0.012361
0.027947
0.004288
0.013357
0.012471
0.014262
0.016166
0.016061
0.013117
0.048508
0.006087
0.000333
0.042725
0.017240
0.000359
0.000187
0.007028
0.030732
0.003721
0.149945
0.009773
0.000335
0.000186
0.000172
0.000169
0.000167
0.000167
0.000166
0.000166
0.000183
0.010226
0.012767
0.014654
0.017070
0.011737
0.037908
0.003245
0.007289
0.013933
0.013661
0.013637
0.019202
0.059000
0.009988
0.000354
0.000187
0.003100
0.013453
0.015332
0.031950
0.005621
0.016515
0.011392
0.032688
0.004327
0.013468
0.028302
0.003420
0.000335
0.017927
0.014847
0.011628
0.031604
0.032899
0.008771
0.000342
0.004789
0.009566
0.034903
0.013541
0.020779
0.011772
0.005189
0.028094
0.019053
0.000259
0.002838
0.012052
0.017088
0.012946
0.021387
0.008877
0.046222
0.017877
0.000333
0.003483
0.011653
0.007846
0.021548
0.016522
0.010772
0.015012
0.010025
0.021694
0.065247
0.014598
0.000335
0.000182
0.000172
0.007629
0.030816
0.021547
0.005805
0.000361
0.010105
0.020047
0.010197
0.017911
0.014418
0.010776
0.016143
0.023305
0.005786
0.016057
0.027387
0.003740
0.012681
0.032503
0.004529
0.012384
0.011198
0.013102
0.047546
0.008157
0.000340
0.018726
0.003630
0.032522
0.006813
0.006146
0.009035
0.029391
0.005649
0.010505
0.017381
0.016072
0.017950
0.011614
0.022034
0.005896
0.019460
0.028058
0.013905
0.014580
0.007319
0.014496
0.005231
0.019864
0.009452
0.015148
0.012841
0.017955
0.015093
0.011412
0.016045
0.014010
0.015752
0.012807
0.015132
0.015953
0.014006
0.014890
0.014639
0.017735
0.011951
0.015117
0.020710
0.016777
0.012089
0.011135
0.016507
0.011175
0.015211
0.015106
0.015872
0.013421
0.043079
0.004609
0.000342
0.011321
0.014491
0.015071
0.015943
0.018452
0.011407
0.013495
0.014579
0.018523
0.011694
0.015869
0.017074
0.011308
0.015486
0.014014
0.015050
0.015245
0.017126
0.012028
0.014856
0.015548
0.015832
0.015874
0.017721
0.015248
0.011436
0.016312
0.010720
0.017092
0.013547
0.014681
0.017014
0.011818
0.014756
0.014593
0.016571
0.014250
0.014163
0.015551
0.014713
0.014102
0.014977
0.015062
0.017507
0.011572
0.015697
0.029592
0.008596
0.009040
0.011136
0.015761
0.014878
0.014028
0.015343
0.017642
0.011650
0.015695
0.016258
0.012618
0.018639
0.014903
0.010910
0.014826
0.014767
0.016488
0.014200
0.014207
0.019003
0.010664
0.014906
0.016125
0.017748
0.010414
0.014575
0.016516
0.013173
0.015707
0.021708
0.012960
0.018221
0.006254
0.020831
0.008478
0.014570
0.015418
0.019056
0.011843
0.017722
0.019312
0.013007
0.007927
0.015843
0.014801
0.013590
0.014868
0.015240
0.014738
0.015564
0.017820
0.010522
0.016407
0.015404
0.012834
0.015384
0.014672
0.016755
0.014178
0.014147
0.014557
0.014322
0.018936
0.011063
0.017522
0.012090
0.017536
0.012802
0.018707
0.014131
0.010761
0.017967
0.014791
0.012117
0.014909
0.026197
0.004918
0.016842
0.017154
0.022641
0.004943
0.013163
0.013899
0.017225
0.011537
0.015760
0.014459
0.014111
0.015242
0.014121
0.018010
0.013566
0.018320
0.012280
0.012507
0.014357
0.017004
0.013941
0.016493
0.017941
0.011140
0.012725
0.017957
0.011810
0.014751
0.020966
0.012563
0.010796
0.014759
0.014848
0.014920
0.015009
0.014783
0.019682
0.011812
0.013444
0.014851
0.014282
0.021520
0.014898
0.008559
0.014860
0.014474
0.016268
0.015938
0.015725
0.013435
0.013758
0.020057
0.008975
0.016620
0.014805
0.013438
0.014471
0.015336
0.014002
0.015689
0.021536
0.007332
0.015078
0.021231
0.008536
0.014847
0.015016
0.014514
0.015265
0.015532
0.014749
0.020750
0.008260
0.019206
0.025462
0.008535
0.005878
0.014881
0.014589
0.015492
0.014347
0.014796
0.014731
0.015599
0.014826
0.017828
0.012053
0.014014
0.014900
0.019238
0.010682
0.019422
0.010766
0.015615
0.015395
0.023722
0.003795
0.018918
0.014523
0.012070
0.014183
0.015426
0.014489
0.016521
0.020530
0.007698
0.014504
0.014413
0.014511
0.015081
0.016875
0.014318
0.015450
0.012826
0.065265
0.010053
0.000695
0.000134
0.010745
0.012421
0.005164
0.032789
0.010715
0.003666
0.013691
0.012434
0.027794
0.031976
0.004280
0.000347
0.010601
0.015477
0.017295
0.244817
0.000343
0.000204
0.000178
0.000174
0.000173
0.000171
0.000171
0.000170
0.000169
0.000181
0.000172
0.000171
0.000171
0.000171
0.001262
0.000365
0.014112
0.014876
0.014954
0.019460
0.011141
0.016050
0.012237
0.014813
0.014830
0.025875
0.012998
0.006426
0.015667
0.024672
0.028796
0.004193
0.003588
0.012393
0.016399
0.015787
0.012811
0.014459
0.013906
0.015466
0.024561
0.016625
0.004845
0.012426
0.015212
0.015553
0.018202
0.011188
0.016404
0.012462
0.014782
0.016295
0.013580
0.016101
0.013297
0.022614
0.008167
0.013900
0.015247
0.014700
0.017851
0.023087
0.003901
0.015829
0.013144
0.014586
0.014845
0.014891
0.015009
0.014943
0.030479
0.009175
0.006080
0.014124
0.013890
0.014785
0.015374
0.016772
0.025743
0.005662
0.012297
0.013619
0.014673
0.018187
0.015896
0.010394
0.014545
0.014841
0.027547
0.006918
0.010121
0.017193
0.013677
0.015757
0.012666
0.014975
0.016432
0.021843
0.016326
0.004441
0.017042
0.012956
0.015854
0.015480
0.013516
0.014028
0.015107
0.015083
0.014682
0.016454
0.014962
0.015166
0.012539
0.023351
0.012076
0.017839
0.006697
0.014233
0.015131
0.016118
0.016856
0.011052
0.016584
0.016321
0.013586
0.014424
0.015188
0.018050
0.014003
0.011710
0.013798
0.015671
0.015054
0.015656
0.012789
0.015997
0.014052
0.014526
0.019834
0.013320
0.011961
0.016124
0.012846
0.017074
0.012787
0.019742
0.011844
0.016173
0.013552
0.013518
0.015769
0.014872
0.015684
0.014488
0.012947
0.017011
0.013926
0.013745
0.017058
0.019344
0.030385
0.007605
0.000344
0.014331
0.014771
0.017313
0.013268
0.018355
0.010039
0.015734
0.017775
0.011120
0.014770
0.016825
0.015361
0.012582
0.015229
0.015180
0.015183
0.013535
0.015980
0.020221
0.008407
0.014418
0.018974
0.011229
0.014461
0.052609
0.007299
0.000695
0.002285
0.011399
0.015310
0.015840
0.013260
0.015998
0.017093
0.011844
0.016861
0.013345
0.022393
0.006398
0.015375
0.016430
0.012759
0.014849
0.016695
0.015207
0.066073
0.007446
0.000343
0.000187
0.000179
0.013038
0.014436
0.014562
0.015296
0.015110
0.019735
0.020158
0.006356
0.012473
0.016293
0.014065
0.014116
0.016164
0.020396
0.011067
0.014097
0.012609
0.015509
0.253912
0.000343
0.000189
0.000176
0.000174
0.000172
0.000172
0.000171
0.000170
0.000170
0.000170
0.000171
0.000170
0.000170
0.000171
0.001477
0.000348
0.008591
0.015225
0.014612
0.016036
0.014021
0.019550
0.010696
0.014019
0.016678
0.012559
0.015237
0.014326
0.019411
0.010648
0.016765
0.012236
0.018023
0.011650
0.015498
0.015943
0.013319
0.033776
0.003091
0.007632
0.014788
0.016712
0.017610
0.012904
0.011960
0.015120
0.018565
0.011640
0.017883
0.013475
0.054141
0.006118
0.000344
0.000189
0.012253
0.014827
0.013902
0.016266
0.014301
0.013841
0.015017
0.014693
0.015814
0.014224
0.014080
0.017014
0.015079
0.018938
0.010372
0.015270
0.017535
0.010019
0.018641
0.011490
0.014514
0.014788
0.014643
0.036357
0.005501
0.012367
0.012377
0.008350
0.015406
0.013317
0.015678
0.014189
0.015471
0.018269
0.011881
0.037634
0.056183
0.080358
0.000294
0.000147
0.000139
0.050147
0.000355
0.000190
0.000177
0.000176
0.000175
0.017239
0.000350
0.000187
0.000181
0.013746
0.041895
0.031096
0.000349
0.000191
0.000183
0.089725
0.030624
0.000352
0.000192
0.000182
0.000177
0.000176
0.014049
0.060592
0.016658
0.000356
0.000196
0.000179
0.000177
0.003313
0.020712
0.022832
0.058070
0.013639
0.000346
0.000190
0.000180
0.013376
0.020831
0.006575
0.005597
0.019121
0.010407
0.015485
0.021264
0.007568
0.015618
0.068178
0.029999
0.000351
0.000190
0.000182
0.002380
0.003086
0.101980
0.065696
0.000350
0.000194
0.000181
0.000179
0.000181
0.113725
0.000352
0.000190
0.000183
0.011043
0.000351
0.000192
0.000182
0.000178
0.000176
0.000175
0.000177
0.180370
0.566339
0.000365
0.000197
0.000184
0.000178
0.000176
0.000175
0.000175
0.000174
0.000174
0.000173
0.000176
0.000174
0.000176
0.000173
0.000155
0.000135
0.000135
0.000134
0.000135
0.000134
0.000135
0.000136
0.000134
0.000134
0.000135
0.000134
0.000135
0.000135
0.000147
0.000135
0.000134
0.000133
0.000136
0.021692
0.000344
0.000191
0.000181
0.000177
0.000175
0.000173
0.000174
0.000173
0.000174
0.000172
0.000173
0.000173
0.000173
0.000173
0.000172
0.000173
0.050924
0.773977
0.000349
0.000190
0.000180
0.000180
0.000177
0.000175
0.000175
0.000172
0.000174
0.000173
0.000173
0.000173
0.000172
0.000173
0.000173
0.000173
0.000173
0.000174
0.000173
0.000173
0.000154
0.000134
0.000133
0.000134
0.000133
0.000134
0.000133
0.000132
0.000133
0.000133
0.000134
0.000133
0.000134
0.063762
0.000370
0.000195
0.000181
0.000178
0.000177
0.000175
0.000176
0.000175
0.000183
0.000176
0.000174
0.000175
0.000175
0.000174
0.000174
0.000175
0.000174
0.000173
0.000185
0.000176
0.000165
0.807439
0.000353
0.000194
0.000183
0.000181
0.000179
0.000178
0.000176
0.000176
0.000176
0.000177
0.000176
0.000175
0.000177
0.000175
0.000176
0.000175
0.000176
0.000176
0.000155
0.000135
0.000136
0.000136
0.000135
0.000136
0.000135
0.000135
0.000135
0.000135
0.000136
0.000135
0.000135
0.000135
0.000136
0.000135
0.000136
0.000253
0.000140
0.000137
0.000136
0.000135
0.000135
0.000136
0.000148
0.000120
0.056652
0.000375
0.000228
0.000185
0.000179
0.000178
0.000176
0.000176
0.000177
0.000175
0.000177
0.000175
0.000175
0.000176
0.000176
0.006122
0.000372
0.000196
0.000184
0.020540
0.005484
0.051277
0.085490
0.000351
0.000196
0.326859
0.000351
0.000193
0.000182
0.000181
0.136319
0.000355
0.000194
0.000185
0.000180
0.000178
0.000177
0.000177
0.000178
0.000176
0.000176
0.000176
0.000176
0.000176
0.000192
0.000176
0.000175
0.000177
0.000180
0.000136
0.000136
0.000138
0.005749
0.000354
0.000195
0.000183
0.000181
0.000178
0.000177
0.000177
0.000178
0.006941
0.025160
0.050772
0.044372
0.000358
0.000193
0.000187
0.126820
0.000354
0.000195
0.004825
0.000371
0.000198
0.000183
0.000182
0.000179
0.000179
0.000180
0.007918
0.021273
