-84.800000, 193.480000, 81.480000
-75.880000, 200.410000, 83.770000
-69.230000, 206.740000, 83.050000
-65.570000, 212.500000, 81.350000
-59.360000, 217.600000, 83.820000
-51.910000, 223.540000, 93.210000
-47.930000, 230.250000, 104.180000
-51.420000, 235.310000, 110.240000
-62.580000, 239.440000, 111.660000
-77.420000, 240.440000, 110.910000
-88.300000, 238.250000, 109.820000
-87.450000, 232.490000, 110.350000
-72.990000, 225.900000, 113.250000
-49.400000, 219.150000, 117.960000
-28.770000, 211.960000, 120.920000
-9.670000, 205.900000, 120.540000
 13.970000, 201.360000, 118.220000
 40.080000, 197.020000, 114.960000
 60.660000, 189.300000, 110.350000
 76.030000, 178.040000, 106.000000
 93.890000, 164.670000, 104.000000
 111.140000, 148.700000, 100.980000
 124.430000, 133.320000, 95.930000
 133.040000, 119.070000, 88.680000
 139.250000, 103.830000, 83.180000
 142.780000, 89.890000, 76.970000
 144.500000, 77.120000, 64.470000
 153.740000, 70.880000, 46.740000
 177.740000, 69.470000, 29.970000
 204.130000, 69.000000, 15.050000
 221.700000, 67.620000, 0.210000
 227.290000, 74.040000,-13.510000
 202.610000, 119.810000,-22.970000
 132.350000, 182.640000,-22.920000
 32.640000, 244.480000,-27.760000
-67.060000, 250.120000,-43.160000
-131.770000, 250.120000,-55.510000
-159.800000, 250.120000,-63.080000
-250.130000,-250.130000, 128.160000
-250.130000, 79.190000,-39.480000
-250.130000, 39.910000, 0.250000
 112.320000, 31.670000,-3.890000
 250.120000, 36.460000,-3.000000
 242.560000, 19.340000,-36.450000
 110.590000, 11.750000,-62.640000
 11.220000, 27.350000,-87.770000
-45.960000, 45.330000,-88.160000
-65.870000, 54.700000,-71.460000
-84.510000, 55.700000,-57.410000
-100.060000, 49.750000,-54.530000
-110.800000, 42.500000,-60.270000
-127.960000, 34.870000,-72.840000
-146.540000, 32.160000,-86.580000
-164.610000, 33.030000,-99.520000
-175.410000, 35.160000,-109.380000
-178.930000, 36.660000,-114.000000
-182.410000, 40.990000,-118.350000
-183.030000, 50.580000,-120.350000
-194.870000, 55.610000,-118.280000
-211.050000, 51.920000,-105.940000
-229.890000, 36.860000,-84.690000
-250.130000, 13.610000,-57.580000
-250.130000, 3.660000,-33.700000
-250.130000, 10.180000,-16.430000
-236.360000, 26.660000, 0.000000
-212.030000, 49.120000, 10.480000
-179.360000, 74.090000, 13.340000
-134.620000, 100.810000, 11.460000
-84.360000, 128.320000, 10.970000
-43.540000, 144.380000, 14.930000
-21.710000, 148.900000, 19.690000
-21.050000, 143.630000, 23.420000
-34.980000, 132.410000, 26.100000
-52.780000, 120.300000, 28.060000
-69.530000, 111.730000, 29.740000
-85.080000, 106.220000, 30.370000
-95.180000, 105.300000, 33.000000
-99.140000, 107.370000, 38.150000
-96.870000, 112.270000, 43.670000
-89.810000, 117.580000, 48.380000
-79.870000, 122.940000, 51.130000
-71.610000, 128.090000, 52.150000
-69.870000, 132.230000, 52.780000
-74.350000, 134.620000, 54.840000
-81.910000, 137.190000, 58.250000
-90.510000, 139.870000, 62.880000
-97.650000, 143.480000, 67.880000
-103.740000, 148.330000, 71.640000
-110.950000, 154.330000, 74.660000
-119.450000, 160.220000, 77.620000
-126.740000, 163.670000, 83.150000
-130.250000, 164.350000, 93.280000
-127.670000, 164.520000, 104.670000
-122.380000, 166.200000, 115.100000
-120.190000, 169.320000, 121.940000
-122.700000, 172.890000, 125.270000
-129.350000, 175.320000, 125.770000
-137.690000, 175.410000, 124.030000
-144.800000, 173.160000, 120.910000
-150.260000, 169.440000, 116.940000
-154.650000, 165.050000, 113.060000
-159.140000, 158.840000, 111.100000
-163.840000, 150.880000, 111.610000
-166.720000, 141.120000, 113.210000
-163.120000, 132.020000, 115.190000
-151.710000, 125.160000, 117.030000
-133.020000, 120.640000, 116.970000
-110.570000, 119.720000, 115.820000
-89.860000, 120.390000, 113.270000
-77.480000, 120.840000, 109.430000
-71.790000, 121.510000, 105.190000
-70.590000, 122.850000, 102.640000
-72.290000, 125.610000, 101.530000
-75.460000, 129.710000, 100.360000
-79.450000, 134.990000, 99.230000
-82.840000, 141.100000, 98.640000
-86.270000, 146.840000, 98.060000
-88.810000, 151.410000, 98.450000
-90.020000, 155.190000, 99.120000
-91.420000, 158.060000, 100.520000
-93.500000, 160.990000, 101.830000
-96.540000, 163.540000, 103.510000
-99.740000, 165.070000, 105.870000
-102.330000, 164.480000, 106.220000
-103.690000, 162.380000, 105.620000
-103.440000, 158.960000, 105.810000
-102.610000, 154.410000, 105.880000
-101.040000, 149.760000, 105.780000
-99.810000, 145.560000, 103.320000
-101.230000, 140.800000, 98.380000
-104.280000, 134.450000, 93.610000
-106.410000, 125.400000, 91.440000
-103.030000, 115.220000, 91.360000
-92.170000, 106.980000, 92.160000
-77.290000, 101.940000, 91.870000
-66.160000, 100.000000, 89.660000
-64.670000, 99.280000, 84.540000
-72.670000, 98.090000, 78.900000
-84.000000, 95.050000, 73.650000
-90.070000, 89.830000, 70.600000
-88.030000, 87.870000, 69.170000
-80.900000, 83.820000, 68.480000
-70.440000, 81.960000, 68.200000
-60.610000, 82.080000, 67.750000
-52.770000, 83.150000, 67.450000
-48.300000, 85.960000, 68.060000
-47.220000, 87.830000, 68.380000
-48.290000, 88.690000, 69.060000
-49.960000, 90.010000, 68.700000
-51.000000, 93.380000, 67.810000
-52.400000, 96.050000, 66.310000
-53.840000, 99.070000, 63.830000
-57.460000, 101.670000, 61.000000
-63.140000, 103.560000, 58.450000
-70.860000, 103.500000, 55.790000
-78.410000, 102.480000, 54.570000
-83.190000, 101.030000, 55.410000
-85.160000, 99.220000, 57.740000
-84.170000, 97.370000, 61.380000
-79.040000, 95.780000, 65.860000
-69.300000, 95.640000, 69.750000
-58.310000, 96.330000, 71.670000
-51.150000, 97.470000, 71.990000
-49.610000, 98.120000, 71.140000
-52.830000, 99.350000, 70.190000
-58.190000, 100.340000, 69.600000
-62.030000, 103.160000, 69.370000
-59.670000, 107.830000, 70.930000
-52.640000, 114.160000, 75.410000
-46.900000, 120.300000, 79.090000
-49.770000, 123.250000, 81.310000
-60.860000, 120.130000, 85.510000
-70.380000, 110.870000, 95.540000
-70.270000, 101.100000, 107.120000
-62.570000, 93.180000, 114.860000
-48.290000, 91.580000, 116.390000
-31.960000, 91.420000, 114.450000
-19.960000, 89.030000, 111.430000
-12.700000, 88.410000, 106.770000
-6.870000, 88.540000, 101.040000
-4.400000, 87.340000, 90.060000
-5.250000, 76.170000, 75.170000
-13.380000, 58.040000, 63.470000
-20.900000, 34.900000, 60.240000
-19.840000, 14.700000, 62.950000
 1.380000, 2.630000, 67.540000
 39.220000,-1.550000, 72.770000
 88.170000, 0.020000, 78.140000
 136.450000, 3.110000, 83.900000
 174.670000, 6.730000, 88.470000
 199.460000, 10.060000, 92.030000
 212.990000, 13.210000, 94.480000
 222.540000, 18.040000, 94.980000
 221.740000, 24.130000, 94.190000
 210.620000, 31.280000, 90.500000
 180.640000, 38.990000, 87.190000
 136.350000, 46.340000, 84.570000
 102.350000, 55.870000, 82.610000
 82.610000, 62.710000, 82.140000
 77.080000, 67.740000, 82.580000
 72.720000, 70.780000, 82.080000
 65.010000, 74.790000, 79.580000
 53.700000, 79.160000, 76.320000
 39.320000, 81.320000, 71.770000
 27.070000, 81.780000, 67.450000
 20.980000, 81.220000, 64.230000
 19.260000, 79.290000, 61.820000
 18.080000, 75.880000, 57.150000
 17.670000, 70.160000, 50.310000
 20.800000, 62.620000, 42.440000
 27.700000, 54.670000, 34.480000
 39.930000, 48.000000, 25.930000
 49.670000, 40.160000, 17.890000
 54.770000, 30.370000, 7.830000
 62.280000, 18.310000,-5.380000
 81.420000, 1.720000,-18.900000
 93.230000,-2.110000,-29.060000
 60.920000, 34.100000,-36.330000
-3.220000, 113.280000,-40.960000
-56.290000, 213.650000,-49.560000
-73.060000, 250.120000,-69.540000
-48.550000, 250.120000,-89.070000
-9.610000, 250.120000,-97.760000
 9.540000, 250.120000,-103.830000
-11.860000, 125.860000,-136.170000
-214.330000, 144.130000,-35.960000
-64.520000,-23.070000,-67.200000
 99.800000,-106.260000,-46.480000
 159.160000,-73.560000,-58.140000
 106.190000,-24.260000,-67.670000
-27.430000, 15.790000,-87.540000
-56.140000, 54.670000,-113.800000
-24.200000, 70.180000,-106.190000
-2.830000, 66.630000,-86.180000
-8.460000, 55.640000,-76.770000
-27.180000, 52.470000,-83.160000
-44.760000, 58.450000,-93.270000
-66.610000, 67.160000,-96.120000
-92.980000, 76.120000,-94.260000
-117.160000, 80.340000,-96.100000
-128.510000, 82.160000,-100.380000
-135.930000, 81.480000,-104.000000
-146.190000, 76.280000,-108.000000
-164.570000, 67.530000,-113.290000
-185.740000, 59.090000,-115.520000
-226.650000, 50.200000,-114.890000
-250.130000, 43.120000,-114.480000
-250.130000, 45.340000,-116.450000
-250.130000, 62.000000,-129.360000
-250.130000, 88.000000,-112.230000
-250.130000, 105.480000,-108.580000
-250.130000, 129.260000,-101.650000
-250.130000, 151.050000,-89.880000
-250.130000, 169.110000,-72.930000
-217.000000, 179.040000,-52.320000
-190.850000, 180.490000,-28.700000
-170.000000, 175.850000,-4.570000
-149.960000, 167.200000, 18.630000
-128.260000, 157.610000, 40.090000
-107.200000, 147.520000, 56.030000
-87.320000, 138.700000, 66.450000
-74.120000, 131.750000, 74.380000
-68.990000, 127.850000, 79.350000
-70.260000, 126.870000, 83.860000
-78.470000, 126.120000, 87.480000
-90.000000, 125.780000, 90.680000
-102.430000, 126.160000, 92.320000
-115.070000, 127.120000, 91.290000
-127.510000, 127.830000, 89.120000
-137.800000, 128.980000, 88.090000
-142.640000, 128.020000, 89.350000
-140.470000, 125.930000, 92.170000
-132.700000, 122.010000, 95.140000
-122.470000, 117.890000, 96.330000
-114.070000, 115.320000, 96.380000
-110.320000, 113.660000, 95.230000
-110.880000, 113.060000, 92.780000
-114.770000, 113.060000, 89.670000
-121.490000, 112.680000, 86.060000
-128.740000, 110.520000, 82.950000
-134.450000, 107.290000, 80.860000
-139.170000, 103.080000, 79.770000
-140.320000, 97.670000, 79.720000
-135.480000, 92.380000, 80.450000
-125.000000, 87.510000, 80.830000
-111.040000, 86.490000, 79.640000
-96.770000, 83.480000, 76.770000
-85.680000, 82.270000, 72.340000
-78.290000, 81.970000, 67.590000
-73.210000, 82.120000, 62.760000
-69.490000, 84.290000, 59.450000
-68.330000, 88.270000, 56.240000
-69.030000, 89.830000, 53.500000
-71.350000, 96.160000, 51.450000
-75.780000, 101.770000, 49.540000
-81.620000, 107.190000, 48.010000
-88.390000, 110.840000, 47.340000
-92.870000, 112.980000, 48.190000
-94.180000, 114.400000, 48.510000
-92.700000, 116.380000, 48.110000
-89.320000, 119.180000, 46.530000
-85.590000, 122.770000, 44.350000
-81.490000, 126.300000, 41.900000
-79.460000, 128.360000, 38.330000
-78.740000, 127.900000, 34.670000
-80.980000, 125.250000, 29.920000
-91.380000, 121.730000, 22.630000
-109.570000, 117.030000, 16.700000
-128.770000, 112.980000, 16.460000
-141.660000, 110.830000, 22.790000
-144.770000, 110.000000, 33.090000
-140.060000, 109.450000, 44.780000
-131.540000, 108.270000, 55.070000
-124.610000, 105.590000, 61.610000
-120.540000, 101.820000, 64.050000
-117.100000, 95.470000, 63.820000
-112.750000, 87.220000, 63.320000
-107.550000, 82.230000, 64.410000
-102.460000, 78.270000, 67.380000
-100.060000, 77.870000, 70.140000
-101.270000, 79.820000, 71.080000
-105.760000, 82.320000, 70.660000
-112.590000, 84.740000, 69.190000
-120.340000, 88.570000, 66.670000
-127.500000, 88.570000, 63.980000
-133.560000, 92.450000, 60.680000
-138.640000, 94.620000, 57.660000
-143.870000, 97.380000, 56.060000
-150.310000, 99.370000, 54.960000
-158.700000, 100.340000, 54.710000
-165.870000, 99.200000, 55.800000
-168.730000, 96.560000, 59.430000
-165.370000, 92.100000, 64.760000
-155.990000, 88.220000, 71.220000
-142.800000, 84.660000, 78.250000
-130.290000, 83.910000, 83.790000
-120.870000, 84.200000, 87.370000
-109.740000, 88.010000, 89.080000
-97.990000, 88.790000, 89.390000
-87.000000, 92.150000, 88.740000
-79.090000, 93.510000, 87.580000
-75.510000, 93.000000, 86.160000
-77.210000, 91.740000, 85.580000
-82.180000, 92.730000, 85.190000
-89.510000, 94.210000, 85.050000
-95.040000, 98.060000, 84.690000
-94.390000, 104.180000, 83.350000
-87.200000, 110.740000, 82.170000
-74.860000, 116.070000, 80.530000
-60.650000, 118.180000, 78.540000
-47.930000, 120.160000, 76.490000
-34.780000, 120.670000, 75.020000
-26.270000, 121.530000, 77.510000
-18.610000, 122.860000, 83.780000
-10.930000, 125.560000, 92.580000
-0.850000, 129.250000, 101.440000
 6.730000, 132.630000, 106.470000
 11.250000, 136.450000, 109.260000
 12.500000, 138.350000, 109.610000
 14.310000, 139.210000, 108.280000
 17.380000, 137.730000, 108.920000
 21.070000, 135.310000, 106.760000
 18.850000, 132.360000, 105.740000
 10.350000, 128.540000, 103.610000
 3.220000, 127.010000, 97.060000
 8.850000, 129.170000, 89.590000
 38.110000, 134.240000, 83.570000
 84.610000, 140.640000, 81.770000
 130.880000, 143.510000, 81.240000
 155.380000, 142.670000, 75.750000
 160.290000, 143.250000, 66.300000
 145.740000, 144.410000, 55.580000
 118.550000, 146.340000, 48.250000
 87.300000, 145.140000, 44.730000
 56.780000, 142.050000, 43.400000
 34.740000, 137.180000, 44.250000
 25.390000, 133.350000, 45.160000
 28.770000, 132.790000, 44.160000
 33.580000, 129.360000, 41.470000
 27.060000, 120.640000, 38.700000
 20.990000, 116.140000, 34.640000
 25.960000, 110.340000, 37.320000
 37.780000, 97.330000, 41.880000
 63.250000, 93.730000, 43.140000
 82.850000, 115.160000, 40.220000
 61.350000, 179.820000, 24.290000
-0.140000, 250.120000,-3.700000
-75.190000, 250.120000,-28.610000
-125.520000, 250.120000,-39.890000
-137.130000, 250.120000,-36.740000
-250.130000,-250.130000,-89.820000
-250.130000, 70.680000,-34.420000
-233.440000, 132.070000, 55.160000
 57.580000, 70.350000,-17.080000
 207.260000, 21.320000,-49.460000
 157.340000,-6.830000,-67.530000
 82.490000,-3.800000,-88.110000
 40.220000, 12.250000,-86.510000
 8.480000, 29.670000,-56.110000
-41.710000, 34.290000,-10.670000
-70.520000, 33.050000, 17.590000
-81.060000, 30.250000, 24.120000
-85.510000, 36.500000, 19.980000
-84.200000, 44.770000, 15.280000
-77.090000, 49.270000, 8.560000
-77.350000, 51.120000,-2.740000
-70.830000, 57.470000,-14.960000
-75.220000, 61.870000,-30.890000
-78.450000, 62.700000,-49.830000
-84.590000, 62.310000,-72.540000
-97.930000, 62.450000,-98.830000
-119.420000, 61.870000,-121.380000
-151.050000, 63.870000,-141.460000
-176.800000, 71.170000,-163.220000
-184.300000, 81.940000,-178.740000
-169.350000, 91.190000,-190.310000
-148.570000, 87.770000,-194.730000
-116.780000, 68.930000,-192.590000
-75.760000, 53.100000,-178.090000
-41.430000, 45.250000,-152.740000
-26.260000, 47.630000,-127.770000
-44.030000, 50.250000,-103.770000
-83.130000, 54.740000,-80.360000
-115.640000, 57.220000,-56.800000
-131.230000, 58.510000,-36.470000
-128.800000, 58.190000,-22.180000
-110.110000, 60.500000,-12.100000
-83.670000, 65.290000,-7.900000
-58.650000, 71.510000,-7.740000
-40.370000, 75.490000,-9.230000
-34.090000, 78.290000,-8.940000
-41.300000, 76.320000,-9.350000
-59.900000, 72.030000,-9.120000
-82.930000, 66.700000,-8.900000
-105.120000, 63.120000,-7.680000
-123.190000, 61.380000,-4.120000
-137.690000, 61.890000, 2.770000
-146.830000, 64.740000, 11.870000
-150.540000, 68.580000, 22.070000
-148.470000, 73.120000, 30.870000
-141.510000, 78.350000, 37.160000
-132.010000, 84.220000, 40.800000
-120.270000, 89.030000, 42.420000
-109.590000, 97.350000, 43.060000
-104.000000, 102.760000, 44.210000
-102.400000, 104.630000, 46.090000
-106.640000, 104.750000, 47.080000
-115.290000, 103.450000, 47.700000
-125.770000, 104.160000, 48.320000
-136.890000, 106.190000, 49.470000
-146.250000, 109.150000, 52.700000
-149.980000, 110.810000, 60.430000
-146.060000, 110.390000, 72.250000
-137.810000, 108.660000, 84.250000
-130.010000, 105.340000, 94.000000
-124.600000, 102.980000, 100.780000
-122.600000, 101.690000, 103.740000
-122.950000, 100.540000, 103.580000
-124.700000, 98.380000, 99.250000
-126.590000, 94.810000, 93.340000
-127.620000, 90.410000, 87.420000
-128.740000, 85.180000, 82.270000
-130.140000, 78.400000, 78.550000
-132.110000, 71.960000, 75.870000
-134.840000, 65.480000, 74.650000
-134.870000, 60.410000, 75.390000
-129.900000, 56.380000, 77.370000
-118.930000, 54.210000, 80.560000
-103.640000, 54.030000, 83.380000
-86.850000, 56.090000, 85.080000
-70.830000, 60.140000, 85.010000
-58.140000, 64.590000, 84.340000
-50.110000, 68.150000, 83.240000
-46.120000, 70.780000, 81.540000
-45.800000, 72.090000, 78.170000
-47.400000, 72.210000, 74.810000
-49.820000, 72.090000, 70.750000
-51.760000, 73.100000, 66.010000
-50.540000, 74.950000, 62.430000
-48.630000, 75.260000, 62.280000
-44.900000, 75.840000, 62.870000
-40.310000, 78.310000, 61.750000
-34.620000, 82.800000, 59.190000
-29.250000, 89.250000, 55.580000
-25.920000, 94.720000, 51.660000
-24.870000, 98.450000, 48.930000
-25.820000, 99.470000, 48.870000
-26.460000, 99.040000, 50.120000
-26.260000, 98.510000, 51.590000
-23.750000, 98.410000, 54.010000
-18.220000, 97.740000, 57.100000
-8.350000, 98.040000, 59.430000
 2.850000, 98.900000, 58.830000
 12.060000, 102.370000, 54.290000
 15.900000, 107.800000, 46.300000
 13.710000, 114.480000, 36.050000
 6.510000, 121.030000, 25.000000
-3.820000, 127.670000, 14.640000
-19.100000, 132.390000, 5.950000
-41.400000, 132.910000,-0.160000
-66.190000, 128.670000,-2.080000
-88.480000, 121.810000, 0.070000
-102.120000, 115.450000, 6.580000
-103.960000, 112.510000, 15.670000
-95.790000, 113.290000, 26.720000
-84.290000, 116.140000, 37.380000
-70.110000, 120.250000, 45.400000
-57.190000, 122.830000, 49.300000
-47.990000, 123.030000, 47.980000
-44.870000, 120.300000, 42.610000
-48.610000, 115.010000, 33.660000
-58.030000, 106.960000, 24.060000
-70.430000, 97.190000, 16.240000
-83.720000, 87.000000, 11.000000
-94.700000, 75.180000, 7.410000
-100.260000, 67.830000, 5.150000
-100.510000, 65.680000, 5.080000
-98.430000, 67.720000, 7.860000
-97.930000, 72.400000, 12.250000
-99.890000, 79.900000, 18.300000
-103.060000, 88.410000, 26.320000
-104.790000, 95.460000, 34.450000
-106.450000, 100.880000, 39.190000
-108.870000, 103.610000, 40.620000
-113.320000, 104.640000, 41.200000
-120.100000, 103.720000, 42.040000
-126.890000, 101.620000, 43.830000
-131.580000, 99.130000, 46.030000
-133.160000, 97.560000, 48.800000
-132.280000, 97.550000, 52.520000
-130.740000, 99.510000, 56.640000
-129.070000, 101.850000, 61.270000
-126.310000, 102.870000, 67.540000
-121.140000, 102.400000, 74.220000
-113.480000, 101.790000, 80.740000
-105.470000, 100.630000, 86.330000
-96.880000, 100.210000, 89.170000
-89.650000, 99.380000, 90.190000
-82.950000, 97.080000, 90.660000
-75.740000, 94.220000, 90.660000
-65.330000, 91.030000, 90.260000
-52.360000, 88.680000, 88.930000
-38.610000, 87.990000, 85.640000
-25.020000, 88.380000, 81.270000
-10.300000, 88.150000, 79.070000
 5.440000, 86.060000, 83.870000
 21.470000, 87.950000, 93.730000
 33.310000, 88.850000, 105.120000
 40.800000, 97.120000, 112.560000
 40.800000, 104.960000, 117.260000
 36.820000, 112.250000, 117.510000
 31.130000, 117.850000, 114.960000
 29.800000, 120.290000, 111.610000
 35.710000, 120.970000, 106.640000
 45.240000, 120.290000, 101.300000
 60.440000, 120.850000, 94.700000
 70.790000, 120.120000, 89.520000
 75.330000, 121.130000, 84.430000
 69.880000, 124.060000, 78.910000
 55.020000, 125.610000, 73.660000
 37.580000, 126.660000, 69.900000
 23.290000, 130.370000, 67.410000
 15.960000, 135.830000, 64.690000
 18.090000, 142.410000, 61.370000
 21.840000, 147.200000, 58.590000
 23.290000, 149.410000, 55.270000
 24.290000, 151.160000, 51.070000
 24.230000, 153.950000, 46.000000
 29.020000, 158.440000, 39.900000
 44.480000, 164.280000, 33.000000
 64.230000, 168.360000, 26.250000
 84.880000, 171.200000, 22.870000
 102.150000, 172.350000, 25.200000
 116.750000, 171.700000, 29.750000
 120.050000, 166.130000, 33.180000
 108.270000, 158.570000, 34.740000
 85.070000, 147.350000, 35.180000
 60.730000, 131.890000, 35.950000
 44.380000, 116.900000, 36.640000
 40.930000, 102.320000, 35.220000
 49.020000, 87.990000, 31.980000
 60.980000, 71.050000, 27.990000
 65.740000, 52.350000, 24.790000
 56.540000, 30.070000, 22.460000
 38.510000, 8.020000, 20.560000
 22.630000,-9.740000, 18.830000
 20.780000,-15.660000, 15.900000
 35.510000,-8.010000, 10.110000
 49.030000, 3.700000, 3.480000
 49.190000, 18.190000,-9.760000
 52.830000, 43.060000,-29.960000
 56.090000, 95.220000,-45.120000
 35.580000, 174.120000,-52.580000
-21.730000, 250.120000,-64.560000
-89.240000, 250.120000,-89.420000
-112.290000, 250.120000,-115.850000
-85.670000, 250.120000,-127.080000
 84.580000, 76.820000,-123.010000
-150.640000, 102.230000, 32.650000
-219.920000, 10.500000, 12.160000
 146.780000, 21.410000, 14.350000
 250.120000, 46.750000,-37.600000
 158.680000, 69.750000,-90.140000
 88.870000, 94.980000,-110.070000
 15.360000, 86.400000,-83.100000
-53.200000, 61.890000,-51.920000
-75.060000, 55.760000,-31.390000
-59.920000, 58.780000,-25.630000
-35.030000, 63.990000,-27.030000
-21.150000, 63.570000,-28.640000
-16.890000, 59.900000,-33.010000
-14.090000, 57.540000,-40.150000
 3.630000, 61.590000,-50.720000
 5.890000, 65.840000,-64.810000
 0.510000, 70.180000,-79.250000
-5.290000, 70.700000,-93.470000
-10.950000, 64.570000,-105.500000
-16.670000, 52.600000,-113.870000
-28.170000, 43.200000,-121.120000
-55.650000, 30.490000,-129.920000
-85.540000, 13.530000,-133.950000
-101.760000,-0.570000,-131.980000
-104.280000,-9.290000,-131.220000
-104.530000,-4.400000,-139.750000
-78.140000, 3.490000,-114.160000
-128.030000, 28.070000,-122.100000
-116.090000, 33.220000,-117.030000
-128.020000, 29.170000,-113.350000
-112.380000, 46.030000,-112.210000
-98.380000, 66.810000,-105.710000
-90.510000, 82.120000,-96.160000
-94.550000, 89.030000,-87.480000
-104.410000, 96.440000,-77.480000
-121.000000, 101.080000,-63.260000
-143.430000, 102.280000,-47.410000
-169.420000, 103.450000,-32.190000
-191.610000, 104.770000,-19.470000
-209.790000, 105.870000,-12.030000
-220.580000, 107.320000,-10.680000
-226.570000, 109.410000,-11.500000
-227.040000, 112.510000,-13.680000
-223.020000, 116.340000,-15.790000
-211.600000, 120.270000,-14.860000
-194.180000, 124.590000,-9.350000
-174.440000, 127.220000,-0.640000
-155.090000, 127.620000, 10.420000
-135.830000, 126.190000, 23.410000
-116.710000, 124.400000, 36.190000
-100.580000, 121.780000, 47.410000
-90.020000, 119.940000, 54.700000
-88.480000, 119.220000, 58.190000
-96.930000, 119.320000, 59.740000
-109.940000, 119.000000, 63.170000
-121.510000, 117.990000, 70.290000
-128.060000, 115.530000, 80.220000
-128.930000, 113.010000, 91.110000
-125.470000, 111.620000, 100.170000
-122.010000, 111.890000, 107.770000
-119.030000, 113.660000, 111.070000
-116.260000, 116.670000, 111.780000
-114.600000, 119.310000, 109.730000
-116.220000, 120.000000, 104.170000
-120.660000, 117.000000, 94.130000
-125.270000, 112.670000, 82.520000
-130.490000, 106.480000, 72.060000
-134.690000, 97.990000, 66.150000
-135.150000, 88.960000, 66.720000
-130.230000, 83.540000, 72.950000
-116.380000, 79.310000, 81.300000
-96.730000, 79.220000, 87.610000
-73.640000, 82.450000, 90.740000
-52.120000, 87.770000, 92.190000
-35.220000, 89.290000, 92.960000
-21.080000, 94.540000, 93.100000
-10.200000, 98.580000, 91.800000
-3.980000, 103.410000, 89.090000
-3.290000, 107.380000, 84.410000
-8.460000, 111.210000, 77.560000
-18.770000, 114.730000, 69.900000
-32.840000, 117.890000, 63.080000
-49.090000, 121.240000, 57.210000
-65.150000, 125.330000, 53.490000
-78.120000, 130.500000, 52.020000
-89.690000, 133.870000, 54.970000
-97.250000, 135.160000, 62.510000
-96.530000, 135.090000, 72.480000
-85.960000, 135.590000, 79.980000
-66.030000, 137.540000, 82.850000
-42.390000, 142.410000, 81.030000
-23.410000, 146.940000, 75.620000
-14.460000, 150.260000, 67.040000
-17.480000, 152.320000, 59.320000
-30.390000, 152.700000, 52.700000
-47.700000, 151.090000, 49.940000
-63.500000, 148.380000, 50.740000
-72.800000, 145.060000, 53.570000
-73.170000, 141.810000, 57.090000
-63.740000, 137.950000, 60.280000
-47.270000, 134.240000, 60.660000
-32.010000, 130.870000, 56.090000
-24.700000, 126.400000, 46.520000
-26.410000, 121.630000, 36.320000
-29.000000, 116.470000, 31.820000
-27.920000, 113.440000, 33.750000
-20.740000, 114.860000, 39.390000
-13.850000, 119.900000, 43.710000
-11.510000, 129.480000, 46.580000
-18.480000, 138.930000, 47.490000
-35.540000, 144.800000, 45.930000
-58.510000, 144.260000, 42.210000
-78.480000, 138.290000, 39.530000
-89.600000, 130.410000, 38.960000
-88.760000, 123.850000, 39.930000
-77.630000, 121.530000, 41.020000
-61.030000, 123.670000, 39.900000
-41.900000, 128.910000, 36.190000
-25.060000, 135.120000, 30.290000
-14.850000, 140.110000, 23.460000
-13.360000, 142.670000, 15.840000
-17.770000, 143.760000, 8.640000
-26.740000, 145.030000, 3.770000
-40.670000, 145.680000, 0.350000
-59.300000, 146.470000,-0.980000
-81.540000, 147.540000, 0.600000
-104.230000, 150.440000, 7.520000
-123.830000, 154.730000, 19.080000
-136.830000, 159.670000, 31.570000
-141.050000, 164.250000, 41.410000
-139.220000, 167.290000, 49.110000
-136.120000, 167.280000, 54.220000
-131.160000, 165.470000, 58.340000
-124.740000, 163.030000, 61.740000
-117.050000, 160.520000, 63.480000
-111.350000, 158.520000, 64.000000
-108.560000, 156.930000, 62.520000
-106.810000, 157.800000, 59.450000
-103.700000, 159.940000, 56.780000
-94.640000, 163.220000, 53.450000
-77.710000, 167.800000, 51.390000
-54.500000, 171.990000, 54.900000
-30.100000, 173.370000, 64.950000
-9.710000, 172.380000, 75.210000
 0.660000, 168.010000, 78.450000
 3.620000, 161.900000, 74.860000
 1.220000, 153.290000, 69.240000
-2.900000, 143.100000, 64.210000
-10.370000, 130.850000, 61.570000
-17.970000, 117.420000, 62.580000
-23.510000, 105.830000, 65.850000
-25.540000, 98.350000, 69.700000
-21.940000, 94.250000, 74.240000
-14.360000, 90.760000, 78.880000
-1.500000, 87.830000, 82.640000
 13.090000, 81.190000, 86.110000
 32.380000, 75.070000, 89.510000
 60.360000, 71.940000, 93.900000
 99.500000, 75.300000, 101.400000
 154.240000, 85.860000, 113.960000
 203.640000, 96.700000, 129.840000
 224.080000, 106.380000, 138.860000
 223.110000, 111.610000, 137.710000
 194.820000, 111.410000, 128.290000
 152.950000, 109.190000, 116.780000
 110.370000, 110.070000, 102.310000
 72.340000, 111.190000, 90.130000
 47.900000, 119.290000, 79.690000
 35.500000, 128.160000, 75.440000
 26.810000, 129.740000, 74.040000
 12.850000, 123.070000, 70.870000
-1.260000, 114.800000, 66.820000
-15.740000, 109.340000, 62.400000
-32.090000, 103.930000, 58.340000
-40.440000, 102.060000, 54.480000
-16.270000, 115.310000, 46.560000
 43.480000, 139.680000, 30.220000
 85.310000, 150.330000, 13.250000
 41.960000, 161.240000,-12.570000
-49.700000, 219.460000,-54.030000
-119.140000, 250.120000,-88.690000
-161.410000, 250.120000,-121.690000
-250.130000,-250.130000,-250.130000
 100.980000, 250.120000,-98.130000
 78.980000, 143.010000, 34.650000
 104.890000, 4.650000,-30.790000
 98.880000,-46.250000,-1.600000
 154.230000,-75.960000,-21.320000
 94.650000,-59.700000,-33.430000
 54.470000, 17.440000,-66.300000
 19.830000, 68.410000,-79.270000
-10.880000, 66.640000,-63.930000
-37.030000, 31.490000,-44.180000
-36.720000, 7.060000,-37.940000
-20.910000, 9.090000,-41.440000
-17.030000, 22.610000,-44.550000
-27.520000, 37.770000,-47.770000
-46.910000, 49.150000,-54.810000
-78.580000, 53.870000,-65.020000
-119.080000, 50.890000,-76.140000
-153.820000, 46.560000,-90.720000
-175.230000, 49.220000,-107.360000
-172.960000, 48.170000,-124.280000
-143.230000, 51.680000,-145.480000
-101.650000, 67.880000,-171.350000
-75.980000, 96.850000,-199.850000
-61.550000, 124.030000,-218.800000
-62.250000, 137.420000,-229.580000
-73.870000, 134.800000,-228.360000
-108.700000, 119.790000,-218.190000
-133.480000, 109.380000,-195.050000
-133.340000, 103.960000,-165.210000
-113.540000, 105.060000,-138.280000
-82.930000, 109.900000,-119.150000
-45.430000, 120.150000,-106.160000
-15.290000, 132.670000,-93.410000
 2.180000, 142.920000,-76.590000
 8.900000, 148.190000,-58.380000
 3.690000, 148.380000,-41.770000
-7.160000, 142.720000,-28.580000
-19.250000, 132.700000,-21.240000
-28.390000, 120.180000,-17.490000
-33.020000, 108.770000,-12.940000
-34.720000, 101.830000,-7.430000
-39.240000, 98.260000,-1.250000
-48.570000, 97.000000, 4.420000
-61.830000, 98.160000, 9.800000
-77.930000, 100.690000, 14.830000
-95.330000, 101.960000, 20.500000
-111.920000, 100.890000, 26.340000
-126.960000, 97.690000, 31.670000
-138.600000, 94.670000, 37.030000
-146.830000, 90.670000, 41.240000
-152.070000, 88.280000, 45.000000
-155.260000, 85.910000, 48.350000
-154.220000, 85.730000, 51.210000
-149.410000, 84.670000, 51.700000
-142.770000, 85.090000, 48.980000
-136.950000, 85.130000, 43.800000
-134.700000, 88.090000, 40.190000
-136.900000, 88.710000, 41.640000
-135.990000, 93.020000, 48.780000
-129.360000, 100.800000, 58.830000
-118.060000, 109.080000, 67.220000
-105.640000, 117.190000, 71.990000
-97.880000, 126.480000, 72.600000
-96.830000, 134.640000, 68.470000
-103.200000, 140.410000, 61.250000
-114.120000, 145.180000, 53.860000
-127.010000, 147.520000, 48.110000
-137.770000, 145.770000, 47.610000
-142.880000, 141.430000, 50.790000
-142.750000, 138.100000, 55.180000
-138.710000, 135.260000, 58.550000
-133.130000, 132.020000, 61.010000
-127.270000, 129.060000, 62.540000
-121.290000, 126.760000, 64.430000
-114.400000, 124.760000, 65.880000
-106.380000, 123.370000, 66.770000
-96.830000, 121.960000, 66.420000
-87.450000, 121.870000, 64.590000
-80.700000, 121.300000, 61.460000
-77.930000, 120.350000, 57.060000
-77.800000, 120.000000, 52.190000
-79.270000, 118.970000, 48.510000
-79.370000, 117.790000, 46.440000
-79.170000, 116.680000, 45.780000
-79.700000, 116.230000, 45.990000
-81.120000, 117.180000, 46.390000
-81.830000, 118.920000, 46.540000
-81.100000, 121.750000, 46.870000
-79.160000, 124.310000, 47.830000
-76.020000, 126.840000, 49.430000
-72.400000, 129.570000, 51.330000
-69.890000, 132.510000, 52.770000
-68.700000, 135.510000, 53.610000
-69.610000, 137.520000, 53.790000
-71.520000, 138.240000, 54.060000
-72.700000, 138.580000, 54.030000
-71.380000, 138.190000, 52.410000
-68.040000, 137.180000, 50.050000
-64.480000, 135.450000, 44.290000
-65.940000, 133.340000, 34.960000
-75.990000, 130.900000, 25.100000
-88.610000, 127.240000, 21.420000
-94.540000, 124.160000, 24.880000
-87.100000, 122.510000, 31.980000
-68.450000, 123.610000, 37.990000
-47.210000, 128.290000, 39.000000
-33.480000, 134.060000, 35.930000
-31.520000, 138.420000, 29.900000
-42.260000, 137.880000, 21.810000
-62.670000, 131.320000, 13.430000
-88.540000, 119.770000, 8.380000
-110.190000, 106.770000, 8.000000
-117.550000, 97.410000, 11.900000
-112.400000, 91.470000, 16.960000
-100.560000, 91.050000, 20.210000
-93.660000, 94.440000, 21.000000
-95.010000, 98.120000, 20.030000
-102.400000, 102.220000, 19.300000
-111.010000, 106.740000, 20.180000
-118.920000, 111.120000, 23.030000
-124.870000, 115.380000, 27.320000
-127.320000, 119.830000, 31.770000
-128.290000, 124.630000, 35.330000
-128.390000, 128.900000, 39.410000
-129.510000, 131.510000, 43.920000
-130.290000, 132.540000, 48.910000
-130.220000, 131.830000, 53.940000
-129.590000, 130.300000, 59.310000
-126.680000, 128.930000, 63.040000
-124.180000, 127.370000, 65.670000
-122.580000, 126.160000, 67.210000
-122.790000, 124.450000, 67.300000
-124.450000, 122.340000, 66.330000
-127.200000, 119.710000, 65.770000
-129.110000, 116.450000, 65.610000
-127.840000, 112.820000, 66.800000
-124.250000, 108.900000, 69.410000
-118.730000, 104.850000, 73.030000
-110.960000, 101.460000, 76.550000
-102.030000, 99.610000, 80.320000
-94.180000, 98.880000, 82.340000
-88.170000, 100.730000, 83.590000
-82.880000, 103.980000, 85.100000
-76.820000, 107.900000, 86.410000
-69.210000, 114.320000, 84.470000
-61.750000, 121.340000, 77.380000
-64.610000, 125.590000, 64.090000
-78.360000, 122.110000, 55.880000
-95.210000, 110.580000, 61.820000
-103.630000, 96.170000, 78.650000
-100.030000, 81.340000, 95.220000
-87.570000, 68.590000, 104.980000
-73.550000, 61.350000, 108.030000
-60.350000, 59.710000, 107.790000
-50.770000, 61.080000, 105.590000
-42.290000, 63.910000, 103.380000
-38.570000, 64.580000, 101.030000
-39.830000, 61.830000, 100.000000
-44.090000, 56.150000, 97.870000
-49.050000, 49.980000, 95.070000
-55.870000, 42.740000, 90.540000
-61.250000, 36.530000, 86.410000
-64.230000, 31.480000, 84.290000
-62.340000, 28.830000, 84.480000
-54.180000, 29.640000, 86.760000
-42.060000, 32.170000, 89.530000
-28.250000, 36.450000, 90.980000
-16.680000, 40.910000, 89.230000
-7.690000, 45.350000, 86.130000
 3.170000, 49.890000, 83.150000
 14.410000, 53.300000, 80.820000
 26.990000, 57.120000, 78.000000
 41.310000, 61.550000, 74.430000
 58.110000, 66.360000, 71.260000
 73.300000, 70.760000, 68.030000
 83.340000, 74.540000, 64.250000
 87.380000, 77.870000, 60.610000
 87.800000, 80.340000, 57.500000
 85.910000, 81.320000, 55.020000
 83.880000, 80.250000, 52.220000
 85.230000, 79.000000, 50.430000
 85.760000, 76.700000, 49.860000
 82.900000, 74.450000, 50.460000
 75.450000, 71.630000, 52.830000
 66.510000, 66.200000, 57.120000
 59.000000, 54.060000, 62.990000
 57.180000, 36.740000, 68.670000
 57.980000, 14.960000, 72.630000
 56.260000,-0.730000, 72.880000
 60.640000,-7.520000, 72.540000
 74.480000,-4.230000, 71.970000
 94.200000, 1.440000, 73.200000
 117.490000, 7.030000, 74.420000
 136.900000, 12.190000, 72.740000
 149.160000, 15.720000, 67.900000
 165.020000, 22.360000, 59.220000
 180.130000, 26.500000, 47.050000
 174.800000, 38.410000, 34.080000
 163.090000, 86.560000, 20.590000
 136.760000, 167.240000, 3.630000
 88.900000, 250.120000,-12.270000
 24.560000, 250.120000,-31.500000
-20.300000, 250.120000,-50.580000
-35.870000, 250.120000,-63.410000
-30.280000, 250.120000,-69.920000
-250.130000,-250.130000,-250.130000
 78.730000, 161.750000,-99.900000
-180.670000, 202.330000,-23.690000
-162.640000, 88.980000,-27.320000
 103.040000, 71.480000, 8.660000
 225.380000, 58.020000,-36.610000
 221.830000, 49.920000,-85.480000
 180.510000, 67.380000,-134.150000
 126.370000, 91.590000,-149.060000
 68.210000, 100.800000,-133.190000
-1.130000, 97.070000,-106.480000
-60.890000, 87.580000,-87.450000
-109.920000, 82.860000,-80.120000
-141.530000, 89.380000,-83.230000
-150.660000, 98.500000,-93.380000
-143.660000, 114.590000,-106.370000
-140.140000, 124.480000,-114.150000
-148.380000, 130.340000,-121.450000
-170.710000, 134.050000,-125.380000
-197.800000, 134.670000,-125.360000
-234.280000, 132.680000,-118.830000
-250.130000, 129.900000,-106.880000
-250.130000, 120.410000,-91.520000
-250.130000, 110.110000,-72.790000
-250.130000, 99.880000,-54.240000
-250.130000, 89.460000,-40.210000
-250.130000, 87.860000,-29.850000
-250.130000, 97.230000,-18.730000
-250.130000, 124.070000,-4.240000
-250.130000, 155.130000, 14.480000
-194.480000, 185.160000, 30.290000
-107.230000, 209.300000, 41.450000
-43.900000, 219.990000, 49.130000
-8.320000, 218.430000, 55.740000
 1.090000, 200.560000, 63.380000
-6.970000, 171.700000, 71.410000
-26.090000, 137.470000, 81.830000
-43.860000, 104.450000, 89.890000
-59.190000, 80.420000, 94.370000
-71.000000, 65.230000, 95.360000
-75.780000, 58.550000, 94.530000
-75.330000, 60.050000, 93.060000
-75.220000, 67.130000, 90.770000
-75.000000, 77.380000, 86.370000
-78.820000, 87.220000, 80.920000
-87.290000, 89.270000, 75.350000
-96.180000, 87.990000, 71.030000
-106.010000, 79.180000, 68.780000
-113.640000, 66.640000, 68.830000
-114.460000, 53.550000, 71.800000
-106.740000, 43.850000, 77.820000
-91.190000, 38.280000, 85.300000
-70.700000, 36.680000, 92.030000
-49.670000, 36.990000, 97.150000
-30.540000, 40.550000, 99.090000
-16.820000, 45.260000, 98.440000
-10.450000, 50.080000, 95.700000
-9.680000, 55.610000, 90.670000
-14.390000, 60.040000, 85.570000
-21.880000, 65.130000, 80.920000
-28.640000, 69.570000, 76.670000
-33.090000, 73.280000, 73.130000
-34.570000, 76.880000, 69.180000
-33.160000, 81.260000, 65.960000
-31.390000, 88.130000, 63.510000
-31.180000, 93.420000, 61.530000
-34.110000, 100.060000, 58.280000
-40.000000, 107.180000, 53.970000
-48.970000, 112.990000, 49.140000
-61.420000, 117.130000, 45.560000
-76.050000, 118.320000, 42.750000
-88.090000, 117.290000, 41.380000
-93.520000, 116.020000, 42.150000
-93.530000, 112.900000, 45.560000
-87.400000, 108.500000, 50.670000
-75.060000, 104.690000, 56.220000
-59.580000, 101.990000, 61.680000
-44.290000, 100.670000, 66.750000
-29.600000, 101.480000, 69.450000
-20.670000, 103.820000, 68.540000
-22.100000, 106.390000, 63.120000
-35.750000, 107.890000, 55.800000
-57.930000, 106.800000, 50.120000
-80.320000, 103.930000, 49.000000
-93.840000, 100.150000, 52.310000
-97.200000, 96.860000, 58.820000
-93.090000, 94.830000, 65.590000
-87.480000, 95.100000, 70.050000
-82.180000, 97.130000, 72.490000
-77.320000, 99.610000, 73.030000
-73.700000, 100.340000, 72.090000
-71.530000, 97.470000, 69.410000
-71.060000, 92.920000, 65.710000
-71.960000, 87.200000, 61.790000
-73.220000, 80.300000, 59.800000
-73.240000, 75.940000, 59.060000
-72.250000, 74.410000, 58.900000
-71.250000, 75.120000, 59.710000
-71.780000, 77.320000, 60.060000
-74.000000, 80.450000, 59.670000
-78.470000, 83.710000, 58.000000
-85.260000, 86.410000, 57.120000
-92.610000, 88.580000, 57.460000
-97.540000, 88.620000, 60.350000
-96.610000, 91.160000, 63.890000
-90.400000, 93.740000, 67.120000
-82.300000, 97.910000, 69.480000
-75.400000, 102.150000, 70.430000
-71.880000, 105.940000, 70.630000
-72.220000, 108.900000, 71.080000
-75.220000, 110.990000, 71.380000
-80.340000, 112.220000, 71.580000
-86.260000, 113.320000, 72.600000
-92.760000, 114.720000, 73.690000
-99.670000, 115.870000, 74.790000
-107.740000, 117.220000, 75.680000
-116.180000, 117.580000, 76.220000
-123.430000, 116.550000, 77.100000
-128.280000, 114.290000, 78.220000
-129.090000, 111.050000, 79.810000
-126.610000, 106.890000, 81.290000
-122.430000, 101.260000, 82.730000
-115.170000, 95.740000, 83.970000
-104.810000, 90.540000, 85.470000
-93.750000, 88.290000, 85.970000
-84.490000, 88.460000, 86.030000
-74.410000, 88.670000, 85.160000
-62.160000, 92.080000, 83.770000
-45.390000, 97.160000, 82.520000
-25.660000, 102.990000, 81.380000
-3.930000, 108.960000, 79.920000
 20.920000, 114.480000, 79.530000
 52.250000, 116.900000, 84.660000
 94.580000, 117.970000, 97.450000
 147.920000, 119.840000, 112.520000
 204.080000, 123.490000, 124.450000
 247.980000, 128.210000, 129.650000
 250.120000, 132.700000, 127.850000
 250.120000, 131.630000, 120.580000
 231.390000, 124.000000, 109.720000
 181.610000, 110.370000, 96.870000
 120.500000, 93.550000, 85.050000
 56.360000, 82.310000, 73.660000
-1.450000, 73.410000, 62.980000
-41.610000, 70.240000, 56.060000
-59.730000, 73.590000, 53.070000
-58.860000, 80.910000, 53.780000
-49.120000, 87.350000, 57.240000
-36.060000, 94.400000, 61.860000
-25.250000, 97.200000, 66.290000
-18.150000, 94.980000, 70.830000
-18.450000, 87.730000, 76.480000
-23.240000, 80.160000, 81.380000
-22.920000, 76.110000, 83.380000
-14.600000, 73.350000, 82.610000
-2.170000, 71.750000, 80.190000
 7.930000, 72.470000, 77.030000
 15.540000, 76.030000, 74.580000
 19.500000, 82.530000, 73.730000
 15.930000, 92.520000, 72.730000
 2.640000, 108.800000, 69.590000
-14.960000, 135.810000, 64.580000
-36.000000, 163.770000, 60.190000
-46.500000, 179.190000, 56.250000
-47.550000, 182.250000, 55.060000
-41.010000, 175.650000, 55.760000
-33.510000, 162.590000, 55.130000
-27.670000, 147.320000, 53.020000
-19.700000, 138.080000, 50.630000
-9.500000, 134.480000, 49.810000
 2.760000, 132.430000, 49.900000
 13.250000, 126.000000, 52.370000
 20.560000, 109.750000, 58.130000
 32.320000, 85.640000, 64.150000
 63.890000, 54.300000, 65.160000
 115.800000, 18.790000, 57.770000
 188.840000, 9.700000, 42.600000
 250.120000, 41.410000, 27.060000
 250.120000, 111.670000, 7.530000
 216.930000, 171.790000,-27.150000
 142.520000, 225.320000,-73.580000
 59.090000, 250.120000,-107.160000
-15.870000, 250.120000,-123.000000
-63.120000, 250.120000,-122.970000
-250.130000,-49.770000,-11.930000
-250.130000, 139.320000, 14.910000
-250.130000, 53.780000,-106.860000
-63.960000,-65.780000,-71.570000
 177.580000,-29.930000,-29.580000
 178.800000, 9.370000,-17.160000
 76.970000, 38.930000,-44.750000
 34.040000, 60.200000,-69.730000
-2.940000, 63.230000,-66.320000
-49.720000, 52.190000,-41.250000
-67.250000, 43.350000,-24.030000
-44.940000, 45.870000,-19.210000
-20.840000, 58.950000,-21.720000
-10.140000, 66.080000,-26.270000
-14.870000, 66.990000,-31.410000
-27.250000, 65.390000,-39.540000
-37.740000, 65.790000,-53.800000
-50.130000, 67.060000,-70.970000
-51.480000, 69.500000,-87.770000
-42.780000, 73.830000,-106.350000
-40.060000, 83.150000,-122.800000
-57.120000, 86.780000,-144.330000
-58.670000, 89.160000,-164.400000
-57.020000, 96.800000,-178.610000
-63.140000, 106.010000,-191.670000
-79.120000, 113.240000,-197.720000
-99.380000, 116.210000,-199.350000
-115.110000, 111.960000,-181.290000
-126.010000, 111.060000,-156.490000
-129.690000, 115.340000,-133.140000
-124.410000, 123.380000,-115.330000
-111.610000, 136.170000,-99.140000
-94.610000, 149.480000,-83.180000
-78.380000, 159.670000,-68.280000
-65.090000, 165.450000,-54.950000
-56.750000, 166.340000,-43.330000
-54.570000, 162.790000,-34.190000
-57.360000, 156.370000,-26.990000
-63.600000, 147.770000,-21.730000
-71.220000, 138.860000,-18.500000
-77.310000, 131.940000,-16.870000
-80.220000, 127.640000,-16.280000
-79.640000, 125.230000,-17.220000
-77.250000, 124.470000,-19.170000
-75.860000, 125.290000,-21.530000
-81.410000, 126.210000,-23.140000
-95.690000, 126.680000,-20.640000
-113.670000, 126.090000,-8.870000
-126.390000, 125.560000, 11.090000
-128.940000, 125.480000, 30.490000
-120.830000, 126.120000, 43.400000
-107.790000, 127.880000, 49.380000
-94.290000, 129.920000, 49.820000
-83.710000, 131.240000, 47.360000
-79.700000, 131.510000, 42.120000
-82.380000, 130.370000, 35.060000
-91.090000, 128.900000, 26.740000
-103.030000, 127.930000, 20.190000
-114.580000, 126.020000, 17.260000
-127.820000, 121.350000, 19.710000
-137.280000, 116.060000, 28.230000
-139.290000, 113.640000, 39.870000
-132.740000, 114.960000, 50.240000
-119.300000, 119.600000, 56.760000
-102.030000, 127.030000, 59.070000
-85.610000, 134.110000, 58.640000
-72.360000, 139.010000, 56.120000
-65.440000, 140.440000, 52.260000
-63.890000, 138.480000, 47.390000
-66.190000, 134.290000, 40.800000
-69.810000, 129.770000, 33.510000
-72.190000, 126.200000, 25.410000
-72.810000, 125.060000, 17.810000
-71.170000, 126.160000, 12.150000
-67.870000, 128.120000, 7.790000
-64.140000, 130.290000, 4.590000
-59.340000, 132.060000, 3.510000
-54.410000, 133.490000, 2.920000
-49.450000, 134.120000, 2.610000
-47.090000, 135.260000, 1.240000
-47.410000, 136.190000, 0.040000
-48.290000, 138.290000,-0.290000
-47.600000, 139.620000,-1.530000
-45.150000, 139.050000,-3.950000
-41.510000, 135.530000,-5.380000
-37.600000, 130.790000,-5.630000
-32.160000, 127.320000,-5.390000
-27.020000, 126.640000,-5.510000
-23.220000, 128.290000,-5.130000
-21.900000, 133.930000,-3.360000
-24.660000, 140.800000,-0.580000
-30.940000, 145.830000, 1.430000
-41.960000, 146.230000, 1.760000
-57.490000, 142.170000, 0.000000
-76.870000, 133.410000,-3.290000
-97.320000, 120.770000,-6.250000
-114.650000, 106.770000,-7.380000
-120.710000, 95.110000,-5.080000
-114.290000, 87.960000,-0.160000
-100.220000, 87.550000, 5.130000
-83.490000, 88.150000, 8.860000
-70.780000, 89.450000, 10.350000
-66.310000, 93.480000, 8.290000
-69.180000, 95.080000, 3.930000
-76.540000, 96.930000,-1.110000
-85.030000, 98.350000,-6.280000
-93.870000, 99.700000,-9.760000
-100.830000, 101.470000,-11.450000
-105.770000, 103.210000,-11.700000
-108.450000, 105.060000,-9.960000
-110.330000, 107.540000,-7.150000
-111.350000, 109.410000,-2.740000
-111.320000, 112.130000, 3.770000
-109.930000, 115.060000, 10.700000
-107.480000, 117.250000, 17.290000
-104.360000, 118.500000, 22.550000
-101.060000, 118.680000, 26.820000
-97.290000, 119.380000, 29.590000
-93.800000, 119.700000, 30.850000
-92.030000, 120.160000, 30.050000
-91.380000, 120.550000, 28.110000
-91.150000, 120.550000, 25.700000
-91.420000, 120.010000, 23.440000
-91.850000, 118.920000, 21.120000
-93.190000, 118.290000, 18.890000
-95.960000, 117.960000, 16.090000
-98.690000, 118.390000, 13.740000
-98.770000, 119.030000, 12.190000
-97.770000, 119.490000, 10.980000
-97.830000, 119.800000, 8.980000
-100.170000, 121.400000, 10.850000
-98.130000, 125.080000, 23.510000
-87.480000, 131.450000, 44.640000
-72.820000, 138.230000, 65.210000
-61.910000, 145.130000, 76.100000
-61.510000, 148.960000, 79.570000
-72.010000, 148.190000, 78.540000
-86.320000, 142.940000, 77.570000
-97.210000, 134.550000, 78.400000
-101.450000, 125.930000, 81.450000
-104.290000, 116.580000, 88.350000
-105.840000, 109.250000, 96.980000
-106.030000, 102.270000, 104.370000
-100.020000, 94.670000, 108.790000
-86.510000, 88.140000, 110.710000
-66.880000, 88.670000, 111.480000
-42.940000, 88.730000, 111.350000
-18.640000, 92.120000, 110.850000
 1.450000, 93.780000, 109.350000
 13.970000, 94.310000, 105.660000
 19.540000, 91.990000, 99.330000
 21.410000, 88.250000, 92.000000
 21.190000, 85.310000, 84.320000
 23.610000, 84.220000, 76.330000
 34.000000, 86.630000, 65.830000
 51.410000, 90.480000, 53.820000
 71.580000, 97.940000, 42.890000
 87.560000, 102.420000, 35.590000
 96.290000, 103.780000, 32.580000
 101.350000, 101.900000, 34.840000
 101.790000, 97.360000, 40.950000
 96.510000, 92.290000, 47.350000
 90.290000, 88.320000, 50.700000
 85.410000, 88.720000, 50.870000
 82.270000, 92.190000, 48.010000
 84.380000, 95.640000, 45.270000
 88.250000, 92.930000, 44.770000
 88.200000, 86.580000, 44.180000
 76.580000, 76.310000, 42.230000
 61.480000, 68.830000, 41.800000
 47.320000, 57.690000, 45.900000
 43.190000, 42.870000, 54.000000
 52.760000, 28.700000, 59.250000
 71.500000, 38.640000, 56.510000
 78.720000, 97.930000, 46.480000
 69.710000, 193.830000, 21.960000
 42.640000, 250.120000,-28.930000
 1.870000, 250.120000,-79.320000
-25.540000, 250.120000,-111.830000
-19.390000, 250.120000,-121.490000
-17.200000, 250.120000,-116.500000
 250.120000, 213.540000,-82.700000
-250.130000, 95.680000,-51.930000
-120.330000,-15.600000,-88.380000
-32.970000,-115.580000,-27.230000
 142.290000,-24.650000, 12.540000
 208.670000, 6.600000,-14.880000
 166.000000, 52.960000,-85.740000
 45.120000, 72.730000,-104.090000
-50.730000, 75.000000,-75.500000
-93.370000, 53.870000,-45.840000
-86.460000, 45.800000,-32.320000
-56.430000, 60.660000,-36.070000
-30.510000, 75.540000,-39.400000
-9.050000, 79.580000,-39.410000
 3.860000, 77.840000,-44.000000
 12.230000, 82.650000,-55.640000
 0.120000, 88.960000,-70.600000
-24.190000, 94.030000,-84.840000
-55.510000, 94.130000,-96.320000
-98.060000, 88.870000,-108.580000
-122.910000, 89.130000,-127.030000
-150.890000, 89.830000,-142.960000
-167.190000, 97.690000,-159.770000
-189.960000, 106.670000,-177.960000
-224.070000, 114.500000,-190.290000
-250.130000, 114.870000,-194.110000
-250.130000, 99.110000,-191.780000
-250.130000, 85.940000,-170.640000
-250.130000, 74.000000,-142.980000
-250.130000, 73.960000,-116.390000
-250.130000, 96.230000,-80.770000
-250.130000, 123.980000,-20.100000
-250.130000, 140.220000,-6.510000
-189.930000, 155.120000,-6.300000
-105.740000, 170.660000,-0.270000
-34.610000, 181.870000, 10.620000
 3.730000, 180.320000, 27.150000
 12.450000, 167.380000, 43.730000
 3.020000, 150.400000, 55.400000
-14.980000, 135.380000, 59.930000
-37.610000, 123.830000, 60.210000
-61.820000, 116.670000, 59.480000
-86.850000, 112.630000, 59.720000
-106.190000, 109.930000, 60.810000
-116.580000, 109.160000, 63.360000
-116.840000, 108.990000, 65.730000
-110.160000, 109.160000, 65.740000
-103.070000, 111.150000, 62.790000
-104.220000, 112.590000, 58.200000
-112.780000, 110.340000, 56.220000
-118.450000, 104.800000, 61.210000
-113.220000, 97.420000, 71.300000
-96.220000, 92.410000, 80.630000
-74.040000, 90.400000, 85.120000
-55.130000, 93.950000, 84.410000
-43.590000, 99.280000, 81.600000
-34.100000, 108.120000, 76.920000
-34.350000, 115.310000, 69.960000
-50.090000, 119.830000, 60.800000
-76.990000, 123.830000, 51.570000
-112.720000, 126.160000, 44.980000
-151.660000, 123.000000, 42.100000
-182.330000, 117.070000, 45.870000
-195.180000, 109.550000, 54.380000
-188.260000, 102.250000, 63.820000
-167.530000, 97.320000, 70.440000
-138.930000, 97.570000, 74.110000
-108.960000, 102.550000, 76.120000
-85.170000, 107.780000, 76.700000
-71.120000, 107.930000, 75.470000
-64.450000, 103.160000, 73.120000
-60.800000, 96.510000, 69.040000
-57.570000, 90.540000, 63.440000
-56.250000, 88.110000, 56.780000
-54.020000, 88.680000, 50.110000
-51.260000, 89.170000, 43.800000
-49.440000, 93.150000, 39.450000
-49.230000, 96.650000, 36.710000
-50.410000, 99.270000, 35.510000
-52.900000, 101.720000, 35.810000
-54.040000, 103.990000, 37.830000
-54.630000, 107.610000, 40.370000
-56.480000, 111.380000, 42.840000
-55.410000, 115.760000, 46.140000
-52.430000, 119.940000, 51.090000
-47.240000, 123.610000, 55.030000
-41.510000, 125.930000, 58.020000
-44.920000, 127.110000, 59.940000
-48.700000, 126.760000, 60.800000
-49.780000, 126.480000, 61.270000
-48.810000, 125.120000, 60.970000
-42.980000, 122.740000, 59.740000
-38.380000, 120.810000, 57.430000
-39.000000, 118.570000, 52.900000
-44.530000, 115.140000, 46.340000
-57.030000, 110.460000, 39.320000
-70.470000, 104.930000, 34.670000
-78.980000, 100.200000, 35.030000
-78.700000, 96.670000, 40.830000
-71.410000, 93.510000, 47.160000
-58.700000, 91.090000, 50.460000
-45.380000, 91.160000, 48.480000
-37.090000, 88.710000, 40.990000
-36.560000, 88.190000, 29.870000
-45.070000, 83.910000, 17.390000
-61.860000, 77.280000, 5.860000
-81.500000, 67.760000, 0.280000
-94.900000, 59.720000, 1.610000
-97.080000, 56.130000, 9.670000
-88.480000, 59.040000, 19.700000
-75.550000, 66.640000, 27.350000
-65.360000, 76.530000, 31.620000
-59.230000, 88.970000, 32.740000
-55.470000, 98.740000, 32.210000
-54.580000, 107.860000, 30.070000
-55.210000, 114.080000, 27.580000
-56.510000, 118.060000, 24.800000
-59.290000, 120.790000, 22.220000
-64.450000, 122.670000, 19.730000
-71.090000, 124.720000, 15.990000
-79.010000, 127.380000, 12.030000
-87.920000, 129.880000, 9.110000
-99.090000, 131.390000, 9.180000
-111.030000, 131.620000, 12.380000
-121.290000, 131.610000, 18.830000
-127.880000, 131.850000, 27.740000
-129.780000, 131.900000, 37.700000
-127.050000, 131.610000, 46.250000
-121.040000, 131.640000, 52.470000
-114.830000, 131.530000, 56.220000
-109.580000, 130.660000, 58.930000
-106.160000, 128.240000, 61.040000
-103.210000, 125.730000, 61.740000
-102.450000, 124.310000, 57.210000
-102.700000, 126.410000, 48.470000
-100.980000, 128.200000, 40.590000
-92.250000, 128.160000, 42.320000
-71.710000, 126.410000, 55.220000
-43.670000, 125.510000, 72.070000
-16.860000, 125.850000, 84.320000
 7.340000, 128.780000, 88.940000
 27.070000, 133.220000, 88.220000
 36.620000, 135.360000, 87.170000
 35.110000, 133.950000, 85.420000
 24.290000, 129.570000, 82.980000
 16.360000, 122.650000, 79.700000
 9.370000, 113.820000, 78.120000
 4.190000, 104.120000, 77.580000
 3.220000, 93.550000, 78.590000
 8.390000, 86.900000, 79.740000
 16.000000, 79.770000, 83.030000
 20.320000, 76.140000, 87.120000
 21.280000, 76.550000, 93.540000
 16.430000, 78.670000, 98.870000
 13.770000, 84.320000, 102.710000
 14.670000, 93.100000, 106.100000
 13.650000, 100.350000, 110.410000
 11.640000, 105.240000, 113.900000
 7.850000, 107.760000, 116.550000
 2.060000, 107.540000, 116.960000
 3.280000, 106.350000, 114.580000
 14.240000, 105.100000, 109.800000
 32.420000, 104.630000, 101.680000
 59.480000, 103.970000, 90.250000
 102.660000, 105.700000, 73.970000
 153.270000, 101.290000, 55.540000
 193.150000, 91.790000, 36.830000
 214.020000, 88.700000, 15.960000
 207.610000, 107.420000, 1.910000
 159.480000, 169.380000,-13.470000
 79.100000, 246.810000,-28.700000
-21.200000, 250.120000,-47.120000
-103.490000, 250.120000,-65.730000
 250.120000,-250.130000,-250.130000
 250.120000, 250.120000,-8.730000
-95.020000, 173.140000,-89.060000
-86.800000, 16.940000,-21.700000
 53.830000,-21.930000, 10.500000
 62.360000,-4.960000,-8.460000
-1.230000, 16.730000,-26.340000
-55.050000, 58.220000,-78.340000
-39.060000, 89.940000,-106.980000
-8.130000, 83.360000,-102.600000
-6.220000, 63.120000,-83.930000
-8.990000, 54.140000,-74.320000
 13.900000, 60.120000,-76.290000
 35.950000, 63.830000,-82.870000
 32.480000, 58.860000,-83.060000
 6.360000, 53.100000,-76.540000
-18.140000, 54.890000,-67.930000
-34.330000, 63.960000,-58.870000
-45.730000, 71.340000,-48.580000
-52.010000, 74.410000,-39.360000
-46.750000, 74.670000,-36.180000
-56.260000, 67.290000,-34.990000
-70.610000, 57.160000,-35.280000
-81.020000, 48.000000,-36.690000
-89.290000, 41.750000,-43.120000
-94.680000, 39.240000,-52.620000
-95.200000, 40.180000,-66.640000
-89.400000, 44.350000,-81.730000
-83.340000, 37.410000,-89.020000
-80.140000, 22.640000,-86.300000
-83.710000,-0.640000,-74.640000
-101.030000,-24.250000,-58.110000
-126.960000,-36.030000,-37.260000
-143.970000,-30.220000,-22.590000
-113.230000,-0.070000,-21.950000
-65.120000, 27.120000,-33.840000
-23.870000, 60.810000,-29.510000
-8.840000, 90.740000,-37.750000
-11.770000, 102.410000,-32.640000
-33.450000, 96.170000,-20.680000
-76.310000, 102.540000,-9.040000
-102.230000, 113.880000,-2.220000
-122.240000, 128.000000, 2.630000
-132.790000, 142.720000, 4.770000
-137.320000, 152.740000, 5.170000
-135.520000, 155.580000, 4.230000
-125.710000, 154.620000, 0.880000
-102.930000, 153.410000,-6.220000
-66.970000, 145.420000,-11.220000
-22.020000, 132.710000,-11.120000
 14.230000, 115.350000,-6.830000
 35.610000, 102.610000,-3.790000
 37.330000, 94.800000,-0.270000
 22.410000, 91.990000, 3.510000
 0.670000, 95.610000, 8.030000
-23.740000, 102.030000, 13.250000
-45.950000, 110.310000, 16.550000
-60.740000, 117.990000, 15.610000
-67.190000, 122.450000, 13.510000
-67.570000, 123.530000, 11.490000
-64.920000, 123.740000, 9.760000
-61.860000, 122.620000, 9.740000
-61.100000, 121.380000, 9.640000
-62.380000, 120.700000, 7.910000
-63.330000, 121.920000, 5.830000
-61.150000, 125.540000, 5.250000
-57.450000, 130.600000, 7.200000
-57.420000, 136.930000, 10.790000
-62.770000, 143.410000, 14.380000
-69.880000, 149.020000, 17.860000
-75.770000, 154.060000, 22.110000
-78.610000, 157.620000, 25.010000
-79.670000, 159.930000, 25.640000
-80.910000, 161.060000, 24.090000
-84.090000, 160.490000, 21.140000
-87.290000, 158.740000, 17.620000
-90.870000, 156.470000, 13.620000
-91.030000, 154.700000, 10.230000
-87.290000, 153.990000, 8.260000
-81.010000, 154.790000, 8.690000
-74.900000, 157.060000, 9.160000
-70.060000, 159.430000, 9.150000
-68.320000, 162.080000, 8.390000
-69.590000, 163.570000, 6.640000
-73.490000, 163.650000, 4.350000
-77.920000, 161.970000, 1.990000
-81.190000, 159.180000,-0.650000
-81.200000, 154.380000,-2.790000
-77.890000, 149.470000,-5.540000
-69.120000, 145.520000,-8.000000
-58.210000, 142.910000,-10.540000
-49.550000, 140.580000,-13.650000
-46.240000, 138.720000,-15.930000
-49.590000, 135.700000,-16.740000
-56.640000, 133.730000,-16.720000
-65.040000, 132.880000,-16.570000
-74.320000, 133.200000,-15.530000
-82.450000, 133.810000,-13.010000
-88.030000, 134.790000,-9.180000
-92.020000, 135.160000,-3.520000
-92.690000, 136.160000, 3.100000
-89.710000, 137.590000, 9.190000
-84.800000, 138.070000, 15.790000
-79.200000, 138.380000, 22.700000
-73.070000, 138.580000, 28.430000
-68.020000, 138.900000, 30.400000
-66.240000, 138.570000, 26.990000
-70.870000, 136.810000, 18.960000
-80.480000, 133.160000, 10.460000
-89.610000, 128.760000, 6.070000
-93.810000, 124.750000, 7.180000
-91.800000, 121.770000, 12.280000
-86.770000, 120.730000, 17.830000
-83.180000, 121.170000, 21.480000
-84.990000, 121.740000, 22.460000
-93.460000, 120.810000, 22.710000
-103.630000, 117.670000, 23.310000
-109.120000, 111.590000, 23.160000
-106.990000, 104.880000, 23.120000
-96.840000, 98.960000, 23.370000
-82.900000, 95.540000, 23.530000
-69.160000, 95.100000, 23.120000
-59.970000, 97.470000, 22.070000
-58.430000, 99.900000, 20.680000
-63.770000, 101.770000, 20.150000
-73.300000, 102.680000, 20.250000
-82.660000, 103.680000, 20.380000
-89.680000, 105.800000, 20.090000
-93.890000, 109.760000, 20.550000
-96.710000, 114.320000, 20.960000
-98.310000, 118.420000, 21.840000
-99.460000, 121.500000, 23.310000
-99.190000, 123.080000, 27.240000
-96.710000, 123.650000, 33.320000
-92.670000, 125.630000, 41.070000
-88.420000, 129.830000, 47.740000
-86.080000, 134.460000, 51.860000
-87.800000, 137.930000, 54.350000
-91.900000, 139.030000, 56.270000
-96.430000, 137.460000, 57.940000
-98.300000, 135.350000, 58.580000
-97.390000, 133.700000, 58.340000
-94.140000, 132.110000, 58.210000
-90.250000, 129.680000, 58.150000
-86.600000, 126.500000, 57.810000
-84.020000, 122.650000, 56.770000
-82.060000, 118.190000, 55.830000
-78.960000, 113.870000, 55.810000
-73.880000, 109.640000, 55.220000
-67.750000, 106.700000, 53.870000
-62.600000, 105.640000, 51.150000
-59.050000, 106.960000, 47.440000
-56.650000, 108.980000, 44.350000
-54.010000, 110.350000, 44.790000
-50.490000, 111.230000, 49.670000
-46.790000, 113.500000, 56.970000
-43.810000, 118.230000, 63.090000
-44.300000, 125.380000, 66.060000
-48.350000, 134.620000, 66.850000
-54.990000, 142.500000, 64.380000
-58.800000, 147.260000, 60.760000
-56.740000, 149.290000, 56.380000
-49.220000, 149.690000, 53.610000
-38.450000, 148.700000, 53.840000
-29.560000, 146.400000, 59.330000
-21.340000, 147.610000, 69.580000
-5.490000, 155.470000, 82.350000
 32.450000, 173.310000, 91.660000
 99.410000, 200.190000, 93.900000
 164.950000, 222.530000, 91.840000
 188.930000, 222.270000, 83.960000
 175.670000, 204.710000, 73.400000
 136.650000, 173.600000, 68.160000
 89.760000, 137.320000, 69.030000
 45.530000, 102.410000, 72.480000
 16.900000, 77.110000, 75.500000
 3.690000, 59.670000, 76.260000
 6.500000, 47.910000, 74.510000
 21.130000, 39.250000, 72.390000
 39.250000, 33.670000, 69.630000
 52.150000, 31.690000, 67.440000
 61.830000, 38.630000, 66.650000
 71.130000, 54.450000, 67.640000
 81.820000, 79.070000, 67.740000
 92.500000, 112.970000, 67.690000
 100.770000, 150.270000, 62.550000
 103.360000, 176.800000, 49.420000
 100.610000, 191.010000, 27.890000
 81.330000, 185.700000, 5.210000
 58.000000, 173.850000,-11.400000
 51.550000, 163.490000,-21.000000
 57.370000, 159.060000,-23.410000
 69.230000, 168.220000,-22.280000
 74.120000, 187.670000,-31.280000
 70.290000, 231.570000,-57.320000
 55.060000, 250.120000,-90.730000
 27.830000, 250.120000,-120.420000
-20.650000, 250.120000,-141.640000
-65.270000, 250.120000,-147.620000
 203.980000, 237.390000, 141.710000
-250.130000, 162.010000,-174.060000
-250.130000, 11.970000,-89.810000
-1.740000,-30.800000,-31.060000
 78.610000,-33.600000,-2.180000
 103.660000, 30.330000,-19.060000
 101.420000, 91.670000,-55.990000
 15.260000, 93.090000,-41.930000
-59.600000, 80.960000,-13.170000
-79.590000, 74.410000,-2.840000
-74.680000, 76.060000,-1.110000
-69.510000, 78.290000,-2.350000
-60.380000, 79.470000,-3.750000
-43.790000, 80.100000,-6.370000
-22.760000, 81.430000,-14.690000
-8.990000, 85.640000,-28.480000
-7.380000, 94.900000,-42.230000
-13.030000, 98.540000,-53.990000
-15.420000, 99.030000,-64.020000
-20.940000, 94.670000,-79.060000
-31.860000, 89.590000,-92.320000
-39.410000, 81.570000,-104.960000
-42.890000, 78.570000,-118.190000
-41.700000, 80.580000,-134.270000
-41.350000, 83.770000,-152.790000
-48.470000, 84.730000,-174.830000
-78.580000, 80.340000,-204.290000
-136.030000, 70.960000,-233.230000
-196.510000, 66.040000,-249.530000
-244.910000, 65.270000,-250.130000
-250.130000, 69.950000,-250.130000
-250.130000, 89.510000,-238.440000
-215.280000, 116.220000,-205.120000
-146.750000, 147.260000,-165.700000
-85.540000, 174.690000,-124.290000
-41.620000, 198.250000,-85.950000
-24.150000, 212.750000,-57.150000
-33.470000, 216.520000,-40.870000
-61.830000, 210.960000,-33.750000
-97.090000, 200.650000,-30.870000
-132.120000, 187.700000,-27.600000
-161.080000, 174.410000,-21.800000
-181.270000, 163.300000,-11.900000
-193.850000, 153.340000, 0.990000
-196.960000, 145.220000, 14.290000
-191.830000, 139.220000, 26.290000
-178.870000, 133.770000, 36.040000
-159.100000, 128.670000, 41.580000
-135.030000, 123.910000, 42.650000
-110.800000, 119.260000, 39.820000
-93.320000, 115.850000, 32.740000
-88.350000, 113.020000, 22.780000
-100.780000, 109.600000, 14.870000
-126.890000, 103.150000, 12.320000
-157.020000, 95.310000, 17.000000
-183.190000, 87.280000, 27.320000
-197.710000, 78.290000, 40.680000
-196.590000, 73.030000, 54.130000
-179.610000, 73.450000, 65.560000
-150.540000, 80.390000, 75.040000
-114.860000, 89.720000, 80.800000
-79.480000, 102.960000, 83.340000
-52.540000, 112.610000, 81.590000
-33.660000, 120.540000, 75.730000
-26.190000, 125.390000, 66.670000
-29.020000, 126.480000, 56.500000
-40.070000, 123.650000, 45.930000
-54.910000, 118.040000, 36.160000
-70.040000, 111.670000, 26.870000
-81.520000, 107.000000, 18.250000
-88.400000, 106.130000, 11.310000
-90.080000, 109.770000, 7.000000
-88.190000, 116.470000, 4.120000
-84.900000, 121.990000, 3.390000
-80.020000, 124.490000, 3.900000
-76.050000, 122.820000, 5.670000
-72.900000, 118.850000, 6.120000
-70.450000, 115.270000, 5.670000
-68.400000, 112.640000, 4.080000
-68.880000, 109.960000, 1.090000
-72.460000, 106.410000,-3.760000
-79.950000, 101.630000,-7.850000
-86.670000, 95.630000,-6.380000
-86.730000, 89.060000, 1.930000
-78.670000, 88.120000, 13.480000
-65.160000, 88.710000, 23.010000
-49.570000, 92.060000, 27.450000
-38.340000, 98.740000, 27.700000
-33.570000, 105.510000, 25.660000
-37.460000, 109.190000, 21.770000
-47.940000, 107.350000, 17.660000
-61.740000, 100.370000, 14.480000
-73.500000, 90.910000, 14.310000
-79.970000, 82.220000, 16.410000
-79.670000, 76.900000, 17.830000
-74.020000, 75.960000, 17.030000
-66.710000, 79.340000, 14.930000
-62.510000, 84.870000, 12.230000
-63.460000, 88.850000, 10.160000
-68.630000, 92.770000, 10.230000
-74.530000, 95.300000, 13.000000
-80.050000, 98.470000, 17.340000
-84.750000, 102.860000, 21.080000
-90.720000, 107.760000, 23.530000
-101.610000, 111.890000, 24.140000
-116.440000, 114.740000, 23.640000
-132.100000, 116.020000, 22.900000
-142.840000, 116.960000, 24.070000
-147.110000, 117.190000, 26.770000
-144.380000, 116.630000, 30.640000
-135.920000, 116.480000, 34.050000
-123.860000, 117.640000, 35.830000
-112.260000, 120.030000, 34.670000
-105.850000, 122.410000, 32.040000
-104.950000, 123.740000, 28.380000
-108.730000, 124.000000, 25.900000
-114.450000, 124.260000, 24.670000
-120.110000, 125.490000, 25.070000
-124.570000, 127.810000, 27.000000
-127.880000, 131.850000, 29.900000
-130.940000, 136.930000, 33.020000
-136.160000, 142.710000, 35.850000
-144.680000, 147.360000, 38.510000
-156.340000, 150.880000, 41.640000
-171.350000, 153.830000, 43.780000
-189.880000, 158.480000, 44.760000
-210.500000, 164.880000, 48.310000
-223.800000, 169.630000, 60.860000
-222.030000, 169.470000, 81.670000
-204.710000, 164.330000, 102.880000
-177.300000, 158.200000, 114.990000
-148.220000, 153.730000, 117.650000
-125.540000, 150.530000, 113.220000
-109.560000, 147.290000, 106.500000
-96.830000, 142.850000, 103.220000
-89.330000, 134.470000, 102.350000
-87.090000, 123.280000, 106.220000
-88.790000, 111.960000, 108.000000
-94.550000, 101.210000, 109.560000
-102.000000, 91.750000, 106.480000
-108.810000, 82.350000, 102.530000
-108.900000, 71.370000, 94.230000
-100.850000, 62.410000, 88.610000
-82.540000, 55.490000, 91.380000
-52.770000, 53.450000, 101.980000
-19.670000, 58.120000, 114.710000
 8.640000, 64.780000, 123.980000
 27.610000, 72.370000, 127.910000
 38.330000, 77.890000, 128.550000
 40.210000, 80.290000, 127.730000
 34.470000, 80.280000, 124.650000
 25.320000, 80.180000, 121.450000
 20.830000, 82.630000, 117.840000
 25.140000, 86.390000, 115.740000
 27.000000, 88.790000, 115.130000
 10.300000, 95.270000, 114.700000
-20.050000, 102.030000, 113.000000
-45.470000, 107.900000, 108.640000
-42.420000, 109.950000, 102.770000
-5.570000, 106.560000, 98.290000
 45.470000, 101.510000, 95.120000
 96.110000, 97.860000, 92.100000
 128.380000, 87.470000, 87.870000
 159.410000, 79.660000, 81.190000
 204.630000, 70.520000, 74.510000
 250.120000, 62.960000, 71.120000
 250.120000, 70.430000, 68.590000
 250.120000, 98.070000, 56.660000
 217.390000, 146.310000, 36.250000
 153.910000, 226.640000, 12.940000
 72.670000, 250.120000,-18.370000
-8.350000, 250.120000,-58.630000
-60.040000, 250.120000,-92.870000
-195.790000,-250.130000,-250.130000
 153.040000, 250.120000,-99.890000
-250.130000, 114.870000,-52.580000
 91.540000, 24.230000,-65.870000
 240.770000, 19.330000,-59.060000
 173.150000, 58.540000,-61.600000
 102.890000, 89.090000,-83.000000
 62.510000, 83.110000,-79.670000
 17.960000, 81.120000,-61.980000
-33.240000, 84.450000,-36.500000
-49.480000, 82.200000,-12.900000
-44.330000, 82.770000,-4.760000
-41.670000, 89.850000,-5.840000
-42.960000, 102.320000,-6.800000
-43.570000, 110.500000,-9.530000
-48.820000, 114.450000,-15.400000
-60.740000, 118.000000,-23.030000
-74.290000, 119.830000,-28.290000
-88.090000, 119.510000,-37.410000
-100.790000, 115.720000,-43.740000
-106.570000, 110.410000,-48.060000
-117.590000, 102.590000,-52.340000
-142.660000, 95.580000,-60.220000
-146.100000, 94.140000,-69.810000
-136.020000, 94.990000,-81.900000
-133.090000, 99.190000,-97.170000
-139.350000, 103.340000,-109.830000
-155.240000, 109.460000,-119.280000
-181.260000, 115.440000,-125.180000
-220.770000, 120.870000,-130.280000
-241.700000, 122.400000,-125.610000
-246.420000, 122.420000,-109.150000
-234.030000, 127.250000,-84.160000
-201.710000, 132.140000,-59.800000
-159.540000, 139.610000,-49.060000
-118.520000, 152.910000,-43.630000
-84.120000, 168.040000,-36.160000
-60.980000, 181.250000,-23.660000
-51.570000, 188.750000,-8.590000
-60.320000, 190.700000, 6.950000
-83.760000, 188.530000, 21.450000
-109.900000, 183.050000, 35.320000
-126.030000, 177.830000, 49.610000
-125.580000, 174.700000, 63.610000
-110.170000, 173.810000, 71.940000
-86.380000, 170.990000, 72.450000
-65.960000, 167.130000, 69.000000
-54.810000, 162.920000, 62.530000
-52.840000, 156.070000, 53.580000
-58.870000, 147.270000, 42.880000
-71.230000, 139.120000, 30.750000
-89.110000, 131.830000, 17.580000
-109.150000, 124.880000, 7.890000
-128.000000, 117.110000, 7.080000
-140.020000, 107.740000, 15.140000
-138.940000, 97.440000, 28.480000
-124.190000, 88.940000, 42.090000
-100.250000, 80.740000, 51.410000
-75.970000, 78.650000, 55.320000
-59.280000, 79.270000, 55.440000
-52.920000, 80.950000, 54.080000
-54.640000, 81.970000, 51.840000
-60.160000, 81.680000, 48.220000
-67.650000, 79.970000, 43.970000
-72.770000, 78.220000, 39.160000
-73.380000, 79.330000, 34.000000
-72.510000, 83.740000, 28.680000
-73.290000, 89.020000, 24.740000
-74.510000, 94.540000, 23.190000
-75.670000, 98.670000, 25.550000
-76.490000, 100.160000, 31.590000
-75.630000, 99.800000, 39.010000
-72.050000, 100.030000, 45.000000
-68.640000, 101.520000, 48.480000
-68.830000, 103.410000, 50.020000
-71.580000, 104.440000, 50.690000
-74.480000, 104.510000, 51.280000
-74.760000, 102.790000, 52.640000
-71.380000, 100.260000, 54.380000
-66.350000, 98.380000, 55.980000
-61.500000, 96.700000, 57.660000
-55.460000, 96.120000, 58.860000
-48.530000, 96.460000, 56.840000
-42.520000, 97.790000, 49.290000
-45.030000, 98.420000, 37.580000
-57.380000, 96.220000, 27.770000
-68.320000, 91.540000, 24.900000
-71.300000, 87.350000, 26.050000
-64.640000, 80.000000, 27.350000
-52.580000, 74.960000, 27.250000
-38.410000, 70.680000, 25.930000
-25.260000, 68.550000, 24.670000
-15.580000, 67.080000, 23.960000
-7.500000, 66.930000, 24.340000
-0.040000, 67.320000, 25.030000
 6.770000, 70.030000, 24.450000
 8.560000, 72.540000, 22.190000
 7.320000, 76.650000, 18.290000
-0.660000, 81.650000, 12.980000
-17.090000, 85.940000, 6.870000
-39.720000, 95.380000, 0.760000
-65.570000, 105.410000,-4.320000
-90.980000, 116.410000,-8.510000
-112.490000, 125.550000,-9.090000
-128.870000, 130.040000,-5.620000
-138.560000, 129.870000,-0.410000
-139.880000, 127.590000, 3.240000
-135.350000, 124.020000, 4.310000
-129.610000, 119.870000, 4.340000
-124.630000, 114.700000, 2.860000
-121.290000, 110.190000, 2.810000
-118.940000, 106.030000, 3.920000
-116.250000, 103.480000, 6.780000
-113.760000, 101.960000, 9.310000
-112.610000, 101.040000, 11.540000
-111.210000, 101.350000, 14.320000
-110.670000, 102.010000, 17.370000
-110.680000, 104.180000, 21.620000
-110.200000, 106.940000, 26.600000
-109.070000, 111.300000, 33.140000
-109.140000, 115.520000, 39.900000
-109.920000, 118.410000, 45.400000
-111.610000, 119.600000, 47.460000
-116.470000, 120.400000, 46.540000
-129.000000, 120.510000, 43.000000
-149.870000, 118.380000, 39.830000
-170.210000, 114.300000, 45.450000
-181.630000, 107.410000, 62.340000
-176.930000, 99.320000, 82.670000
-157.580000, 92.320000, 97.880000
-131.450000, 87.950000, 103.800000
-107.250000, 84.830000, 104.510000
-93.960000, 85.210000, 101.360000
-90.610000, 83.770000, 97.280000
-90.280000, 80.030000, 96.450000
-90.480000, 75.510000, 100.120000
-90.110000, 71.800000, 104.810000
-86.930000, 69.540000, 110.170000
-82.670000, 68.450000, 113.000000
-79.410000, 70.380000, 114.290000
-78.720000, 75.580000, 112.770000
-81.440000, 80.540000, 109.620000
-87.130000, 84.060000, 109.660000
-92.320000, 84.530000, 112.940000
-93.010000, 82.180000, 119.030000
-86.460000, 79.480000, 124.950000
-73.630000, 78.730000, 129.510000
-56.000000, 79.700000, 132.410000
-34.970000, 81.600000, 134.160000
-12.750000, 84.230000, 136.620000
 6.030000, 86.470000, 137.510000
 21.510000, 88.990000, 136.410000
 34.380000, 96.080000, 134.420000
 46.140000, 102.700000, 133.030000
 52.220000, 108.820000, 131.920000
 53.550000, 113.800000, 131.050000
 49.270000, 117.380000, 130.100000
 41.610000, 119.880000, 128.470000
 31.900000, 122.640000, 126.750000
 21.060000, 124.590000, 124.520000
 13.830000, 126.480000, 122.460000
 3.350000, 126.700000, 122.960000
-7.110000, 124.170000, 125.790000
-12.620000, 116.670000, 129.040000
-8.090000, 107.410000, 129.760000
 6.170000, 97.940000, 126.110000
 31.600000, 91.610000, 118.680000
 64.590000, 87.580000, 110.860000
 103.220000, 80.660000, 103.330000
 144.480000, 74.930000, 93.800000
 187.320000, 67.370000, 82.960000
 222.640000, 55.760000, 70.310000
 249.050000, 40.960000, 57.610000
 250.120000, 24.150000, 43.900000
 250.120000, 20.610000, 33.410000
 243.900000, 53.980000, 19.470000
 166.540000, 131.260000, 6.410000
 80.910000, 222.500000,-19.350000
 20.760000, 250.120000,-64.980000
 7.240000, 250.120000,-107.710000
 19.160000, 250.120000,-130.100000
 12.950000, 250.120000,-123.950000
 250.120000, 250.120000, 115.970000
-216.700000, 192.830000,-141.750000
-71.700000,-2.280000,-105.540000
 34.870000,-84.660000, 5.170000
 82.590000,-54.460000, 5.090000
 78.280000, 15.370000, 6.700000
 25.450000, 26.830000,-55.350000
 12.890000, 67.700000,-82.600000
-24.280000, 80.930000,-75.240000
-69.990000, 65.870000,-47.100000
-73.640000, 53.880000,-25.470000
-55.330000, 53.000000,-22.290000
-51.850000, 59.160000,-24.900000
-34.790000, 64.220000,-29.290000
-25.190000, 60.820000,-39.620000
-19.020000, 56.680000,-51.740000
-24.680000, 54.250000,-63.930000
-39.670000, 49.510000,-73.900000
-55.480000, 46.380000,-80.960000
-77.100000, 43.940000,-89.320000
-105.850000, 45.620000,-97.330000
-125.510000, 47.930000,-109.200000
-123.090000, 46.250000,-124.770000
-117.510000, 38.250000,-142.960000
-127.010000, 29.500000,-163.110000
-156.820000, 26.700000,-179.130000
-195.840000, 25.940000,-191.970000
-215.770000, 25.910000,-194.160000
-193.100000, 37.100000,-205.500000
-126.800000, 63.840000,-209.180000
-53.020000, 85.460000,-203.060000
-21.370000, 99.630000,-196.370000
-21.920000, 113.140000,-178.880000
-49.930000, 127.330000,-157.800000
-96.980000, 139.750000,-134.960000
-153.310000, 147.830000,-113.880000
-204.590000, 152.930000,-99.090000
-242.990000, 153.280000,-90.150000
-250.130000, 151.580000,-85.410000
-250.130000, 146.680000,-83.830000
-250.130000, 138.920000,-85.020000
-250.130000, 132.220000,-87.770000
-222.530000, 128.540000,-89.990000
-192.740000, 130.040000,-94.560000
-164.790000, 135.380000,-99.020000
-131.160000, 140.200000,-97.830000
-96.420000, 137.230000,-94.200000
-58.820000, 129.750000,-89.800000
-24.720000, 117.990000,-86.900000
 2.200000, 104.130000,-87.930000
 19.550000, 87.590000,-92.900000
 30.340000, 76.190000,-103.800000
 33.500000, 68.120000,-121.350000
 29.450000, 63.000000,-142.230000
 18.210000, 57.540000,-157.000000
 4.620000, 52.030000,-158.880000
-8.770000, 45.160000,-150.550000
-19.350000, 38.080000,-142.360000
-40.290000, 26.640000,-136.090000
-74.200000, 12.310000,-129.020000
-117.350000,-0.900000,-116.730000
-162.610000,-10.720000,-95.850000
-200.110000,-16.990000,-70.060000
-223.470000,-22.220000,-44.480000
-234.460000,-27.790000,-24.510000
-237.300000,-32.190000,-10.870000
-236.710000,-32.610000,-2.640000
-234.440000,-29.580000, 4.030000
-229.410000,-22.470000, 11.890000
-219.710000,-13.660000, 22.780000
-207.030000,-6.360000, 36.190000
-191.790000,-3.340000, 49.480000
-176.980000,-5.510000, 60.250000
-163.610000,-12.610000, 66.000000
-153.250000,-22.450000, 67.280000
-145.510000,-33.250000, 63.480000
-136.950000,-42.330000, 55.540000
-126.290000,-47.390000, 45.030000
-113.940000,-48.930000, 32.870000
-101.410000,-46.640000, 22.160000
-90.370000,-41.870000, 14.780000
-84.390000,-34.610000, 13.070000
-85.260000,-25.810000, 18.960000
-91.750000,-15.810000, 31.000000
-102.130000,-6.480000, 46.540000
-114.420000,-0.030000, 61.150000
-127.570000, 1.610000, 70.640000
-139.110000,-0.580000, 73.690000
-148.680000,-3.700000, 70.620000
-154.970000,-5.240000, 63.350000
-157.740000,-4.030000, 52.820000
-155.460000, 0.670000, 42.600000
-149.640000, 7.930000, 34.740000
-141.830000, 16.490000, 29.690000
-134.800000, 24.930000, 25.580000
-131.090000, 31.840000, 22.380000
-131.310000, 35.010000, 19.060000
-136.860000, 34.770000, 13.640000
-150.980000, 30.810000, 5.360000
-174.390000, 24.170000,-3.600000
-200.140000, 17.880000,-8.770000
-218.840000, 12.220000,-8.740000
-222.500000, 6.470000,-4.810000
-211.380000, 0.410000, 1.320000
-189.770000,-4.270000, 9.030000
-164.850000,-5.670000, 15.510000
-143.550000,-4.490000, 17.130000
-131.850000,-2.730000, 12.660000
-128.870000,-1.350000, 4.130000
-132.520000,-1.480000,-4.370000
-140.670000,-4.160000,-10.510000
-151.540000,-8.820000,-13.400000
-162.780000,-13.770000,-13.630000
-173.330000,-16.720000,-10.930000
-181.490000,-16.380000,-5.000000
-188.180000,-14.290000, 3.690000
-190.570000,-11.790000, 14.820000
-187.700000,-11.800000, 26.270000
-179.100000,-14.300000, 36.090000
-167.280000,-17.340000, 42.610000
-156.460000,-18.950000, 46.080000
-149.090000,-17.690000, 48.030000
-146.390000,-14.770000, 49.060000
-146.560000,-11.400000, 50.050000
-149.790000,-9.080000, 51.010000
-155.370000,-8.140000, 52.200000
-161.930000,-7.810000, 53.690000
-168.280000,-7.620000, 55.320000
-172.750000,-7.080000, 56.680000
-172.830000,-6.380000, 57.480000
-166.820000,-7.100000, 56.500000
-157.030000,-7.750000, 53.940000
-147.700000,-7.410000, 51.070000
-142.420000,-4.830000, 51.410000
-140.530000, 0.450000, 56.240000
-140.230000, 6.450000, 64.380000
-139.810000, 11.830000, 74.730000
-139.560000, 14.530000, 84.030000
-140.760000, 14.860000, 90.550000
-144.490000, 13.150000, 93.130000
-151.480000, 10.800000, 92.580000
-159.450000, 9.610000, 89.870000
-165.000000, 8.760000, 87.070000
-166.980000, 8.070000, 87.090000
-163.680000, 8.930000, 88.510000
-157.290000, 11.550000, 90.200000
-150.880000, 15.480000, 90.380000
-147.090000, 19.100000, 88.190000
-144.320000, 21.720000, 86.480000
-139.830000, 23.220000, 89.160000
-130.160000, 24.540000, 96.830000
-112.880000, 27.440000, 108.300000
-91.250000, 31.900000, 120.650000
-70.780000, 37.840000, 129.710000
-55.830000, 45.550000, 133.120000
-48.300000, 52.630000, 134.540000
-45.740000, 57.830000, 137.610000
-46.450000, 62.960000, 143.000000
-51.730000, 65.410000, 150.580000
-58.000000, 67.520000, 157.520000
-65.440000, 74.390000, 161.370000
-75.610000, 82.750000, 161.650000
-82.250000, 89.350000, 159.290000
-82.080000, 96.260000, 158.470000
-72.830000, 99.720000, 161.120000
-57.980000, 102.630000, 165.680000
-41.250000, 106.700000, 169.590000
