 25.040000,-243.540000,-39.960000
 16.270000,-240.850000,-48.740000
 11.180000,-230.360000,-55.400000
 16.320000,-218.830000,-56.710000
 18.700000,-209.360000,-49.000000
 15.180000,-200.800000,-36.780000
 2.220000,-191.490000,-23.080000
-18.030000,-181.800000,-12.670000
-31.300000,-170.700000,-13.250000
-32.480000,-156.890000,-21.000000
-16.870000,-144.320000,-27.790000
 7.010000,-138.440000,-29.810000
 26.160000,-140.690000,-29.320000
 36.490000,-148.460000,-28.510000
 39.030000,-154.830000,-28.540000
 33.000000,-157.950000,-28.440000
 20.360000,-156.830000,-28.060000
 8.790000,-150.680000,-27.340000
-1.100000,-139.710000,-26.250000
-6.590000,-127.210000,-22.410000
-7.150000,-113.330000,-16.580000
-3.100000,-99.120000,-11.990000
 1.800000,-86.400000,-10.350000
 4.220000,-76.800000,-11.490000
 5.840000,-70.120000,-13.950000
 6.400000,-65.890000,-16.320000
 5.030000,-62.980000,-17.580000
 0.990000,-61.660000,-18.450000
-3.860000,-60.640000,-18.810000
-8.340000,-59.570000,-18.870000
-11.150000,-59.390000,-20.290000
-9.900000,-59.980000,-20.900000
-6.610000,-59.800000,-19.440000
 3.320000,-56.400000,-14.690000
 9.800000,-52.670000,-10.770000
 13.030000,-47.260000,-9.360000
 13.740000,-39.890000,-9.540000
 9.450000,-34.000000,-9.250000
 2.300000,-31.030000,-4.560000
-4.440000,-29.700000, 5.210000
-3.120000,-26.130000, 15.670000
-0.600000,-22.270000, 24.330000
 1.700000,-18.050000, 27.760000
 3.590000,-14.420000, 23.530000
 1.960000,-15.310000, 13.980000
-0.530000,-20.320000, 4.600000
-1.500000,-27.990000,-1.000000
 1.140000,-36.110000,-3.800000
 6.110000,-40.890000,-4.390000
 9.830000,-42.970000,-4.890000
 11.760000,-45.130000,-6.510000
 11.480000,-45.890000,-8.900000
 7.120000,-46.970000,-13.560000
 0.660000,-49.020000,-19.090000
-3.950000,-53.050000,-21.320000
-5.090000,-60.700000,-20.320000
 2.500000,-68.310000,-18.700000
 16.350000,-72.830000,-20.610000
 27.740000,-76.930000,-26.920000
 31.740000,-83.620000,-32.220000
 29.640000,-91.510000,-35.210000
 25.300000,-99.300000,-36.120000
 20.370000,-105.450000,-34.660000
 17.390000,-109.810000,-32.010000
 18.460000,-113.030000,-27.880000
 21.110000,-115.870000,-23.770000
 22.270000,-119.350000,-21.250000
 22.770000,-122.300000,-21.100000
 22.730000,-124.640000,-21.940000
 21.510000,-128.890000,-23.340000
 20.110000,-134.160000,-25.250000
 19.160000,-140.410000,-27.120000
 18.860000,-145.540000,-28.840000
 18.810000,-150.320000,-30.350000
 18.450000,-154.350000,-31.160000
 18.010000,-157.780000,-30.670000
 18.560000,-160.540000,-29.150000
 20.110000,-163.340000,-28.080000
 22.020000,-167.030000,-27.350000
 23.670000,-171.760000,-27.180000
 25.090000,-178.280000,-27.290000
 26.390000,-187.760000,-28.350000
 27.610000,-198.960000,-29.110000
 28.800000,-210.400000,-30.800000
 28.230000,-219.280000,-32.850000
 22.830000,-223.460000,-32.820000
 12.330000,-223.290000,-36.240000
 0.160000,-220.640000,-45.610000
-6.670000,-214.590000,-55.580000
-1.720000,-205.960000,-59.780000
 14.720000,-195.760000,-54.160000
 31.400000,-184.820000,-41.970000
 36.320000,-179.160000,-30.530000
 30.480000,-180.140000,-20.380000
 17.480000,-183.930000,-11.940000
 6.910000,-186.610000,-9.410000
-0.510000,-187.320000,-13.510000
-4.440000,-188.600000,-20.420000
-4.350000,-190.480000,-27.250000
-3.450000,-193.740000,-33.740000
 0.250000,-197.730000,-37.830000
 4.960000,-200.350000,-40.770000
 9.530000,-202.030000,-42.870000
 13.400000,-203.260000,-44.740000
 17.570000,-204.630000,-46.150000
 22.900000,-205.960000,-46.190000
 29.930000,-207.370000,-44.400000
 36.450000,-208.900000,-42.560000
 39.330000,-211.460000,-41.120000
 37.930000,-213.360000,-40.170000
 33.360000,-214.110000,-41.140000
 28.050000,-212.570000,-43.570000
 24.420000,-209.380000,-45.300000
 24.030000,-206.490000,-45.440000
 25.270000,-203.610000,-44.460000
 27.130000,-201.480000,-42.960000
 28.830000,-201.250000,-41.960000
 29.800000,-201.410000,-40.280000
 30.540000,-201.960000,-38.190000
 32.090000,-202.230000,-34.800000
 33.410000,-202.700000,-31.410000
 32.120000,-202.950000,-28.350000
 26.060000,-203.030000,-26.490000
 16.220000,-201.130000,-26.060000
 6.380000,-196.060000,-27.830000
 0.750000,-188.400000,-31.880000
 2.570000,-178.450000,-33.610000
 9.100000,-168.580000,-32.170000
 15.740000,-162.070000,-31.600000
 21.350000,-157.230000,-29.050000
 27.410000,-152.380000,-23.030000
 28.330000,-147.600000,-14.470000
 25.150000,-142.970000,-8.370000
 20.960000,-139.510000,-8.290000
 15.780000,-137.870000,-14.290000
 9.820000,-139.180000,-23.700000
 0.420000,-143.640000,-33.520000
-5.640000,-146.840000,-43.290000
-6.760000,-149.920000,-48.990000
-6.840000,-152.790000,-50.260000
-1.850000,-149.920000,-50.860000
 5.380000,-144.270000,-52.290000
 11.000000,-138.310000,-51.990000
 11.530000,-133.250000,-49.530000
 11.420000,-129.540000,-44.420000
 14.610000,-126.770000,-38.140000
 22.670000,-124.480000,-31.290000
 30.620000,-122.360000,-25.460000
 34.530000,-122.490000,-22.940000
 34.840000,-123.510000,-23.260000
 34.110000,-124.320000,-24.720000
 32.200000,-125.290000,-26.970000
 29.100000,-126.770000,-27.900000
 26.630000,-128.450000,-26.880000
 24.180000,-129.870000,-23.950000
 21.840000,-129.950000,-20.560000
 21.980000,-129.910000,-17.580000
 24.130000,-129.950000,-15.030000
 27.590000,-131.030000,-13.820000
 30.030000,-133.900000,-13.160000
 32.190000,-136.840000,-12.500000
 32.270000,-140.860000,-11.900000
 31.300000,-143.510000,-10.760000
 27.030000,-142.940000,-9.870000
 21.250000,-140.320000,-9.320000
 15.630000,-135.090000,-8.790000
 11.350000,-127.810000,-5.270000
 8.730000,-118.540000,-3.430000
 1.240000,-107.570000,-12.340000
-3.150000,-93.700000,-24.890000
 9.640000,-81.450000,-30.240000
 23.560000,-74.910000,-26.640000
 33.190000,-76.730000,-21.500000
 34.740000,-81.750000,-17.360000
 24.390000,-90.320000,-13.240000
 9.320000,-102.520000,-11.420000
-4.540000,-114.680000,-11.340000
-9.890000,-125.100000,-12.920000
-7.590000,-132.560000,-15.600000
 0.450000,-138.560000,-18.470000
 5.930000,-143.220000,-20.040000
 8.220000,-145.030000,-20.870000
 8.060000,-145.900000,-22.540000
 8.080000,-144.470000,-23.620000
 7.600000,-140.980000,-22.420000
 6.930000,-135.930000,-20.680000
 7.510000,-129.710000,-18.930000
 8.000000,-123.320000,-17.950000
 7.770000,-116.950000,-17.400000
 7.440000,-111.190000,-16.960000
 6.630000,-105.160000,-17.160000
 5.310000,-99.400000,-18.120000
 3.190000,-95.050000,-19.410000
 2.170000,-91.320000,-20.170000
 1.960000,-87.830000,-20.700000
 2.200000,-83.320000,-21.200000
 1.470000,-80.510000,-22.410000
-0.580000,-80.050000,-23.120000
-3.020000,-78.680000,-22.160000
-3.050000,-76.050000,-19.890000
-1.550000,-72.320000,-17.770000
-0.040000,-69.560000,-15.800000
 1.580000,-66.510000,-14.640000
 3.530000,-63.240000,-14.480000
 4.630000,-60.780000,-15.510000
 4.960000,-58.650000,-17.120000
 2.630000,-58.780000,-17.940000
-0.740000,-58.710000,-14.280000
-2.290000,-56.940000,-7.510000
-3.000000,-54.120000,-1.260000
-2.400000,-51.480000, 3.970000
-1.620000,-48.610000, 7.800000
-0.660000,-47.030000, 8.890000
 0.580000,-47.410000, 7.740000
 2.260000,-47.990000, 6.910000
 5.650000,-48.410000, 5.430000
 7.120000,-47.840000, 4.630000
 7.090000,-45.510000, 2.900000
 6.600000,-41.140000,-0.320000
 5.170000,-37.030000,-4.590000
 2.330000,-34.490000,-7.750000
-0.750000,-33.640000,-10.170000
-3.570000,-33.810000,-13.520000
-2.890000,-34.650000,-15.970000
 1.050000,-37.000000,-16.120000
 5.450000,-39.110000,-15.020000
 8.490000,-42.010000,-13.770000
 10.670000,-44.440000,-13.350000
 11.070000,-44.850000,-15.570000
 9.900000,-44.730000,-19.450000
 8.250000,-46.640000,-22.500000
 6.260000,-48.920000,-24.080000
 4.530000,-52.520000,-25.870000
 5.590000,-59.310000,-29.030000
 7.750000,-68.670000,-29.920000
 10.160000,-79.820000,-28.640000
 12.120000,-90.220000,-27.700000
 12.630000,-99.760000,-26.950000
 12.880000,-106.810000,-26.620000
 14.440000,-110.870000,-26.430000
 17.400000,-114.140000,-26.590000
 21.780000,-116.710000,-25.830000
 27.420000,-118.190000,-25.000000
 32.320000,-120.020000,-25.280000
 33.550000,-122.900000,-26.000000
 31.450000,-127.000000,-26.350000
 27.010000,-132.350000,-26.130000
 22.870000,-139.160000,-25.260000
 19.540000,-146.030000,-24.140000
 16.900000,-152.480000,-23.410000
 15.310000,-157.250000,-22.540000
 15.640000,-160.580000,-22.920000
 17.270000,-163.450000,-24.410000
 20.410000,-165.760000,-26.000000
 24.300000,-167.970000,-26.990000
 30.050000,-169.800000,-27.540000
 34.870000,-171.840000,-27.220000
 37.480000,-173.480000,-27.030000
 37.000000,-174.540000,-27.310000
 33.060000,-175.540000,-27.450000
 28.270000,-175.690000,-26.480000
 25.160000,-175.410000,-25.980000
 23.900000,-173.730000,-25.320000
 20.250000,-168.040000,-25.000000
 14.640000,-163.450000,-27.770000
 10.450000,-161.460000,-30.780000
 5.060000,-157.580000,-35.940000
 0.680000,-150.220000,-41.410000
 4.720000,-143.320000,-42.900000
 13.160000,-138.350000,-38.760000
 19.010000,-134.250000,-32.800000
 20.560000,-132.440000,-27.690000
 16.550000,-134.120000,-22.600000
 12.750000,-137.760000,-16.860000
 11.450000,-141.530000,-12.130000
 9.990000,-145.560000,-9.220000
 8.850000,-148.930000,-8.550000
 6.510000,-150.720000,-10.410000
 4.010000,-150.460000,-14.770000
 1.410000,-150.260000,-20.380000
-1.100000,-150.850000,-25.610000
-2.450000,-151.010000,-29.930000
-2.340000,-151.640000,-34.230000
 1.750000,-151.640000,-37.480000
 8.810000,-152.740000,-39.260000
 19.730000,-155.490000,-39.610000
 33.070000,-157.670000,-38.510000
 45.700000,-159.930000,-37.510000
 53.700000,-162.900000,-36.800000
 57.300000,-166.040000,-36.060000
 55.400000,-168.660000,-33.590000
 49.670000,-170.640000,-30.780000
 41.880000,-172.260000,-28.900000
 34.650000,-174.940000,-27.960000
 30.430000,-177.440000,-27.370000
 30.120000,-180.220000,-26.700000
 33.300000,-183.000000,-23.880000
 37.880000,-186.010000,-21.760000
 38.520000,-189.790000,-21.200000
 34.030000,-193.190000,-22.410000
 27.050000,-196.130000,-28.420000
 22.480000,-199.260000,-36.910000
 25.570000,-201.320000,-42.600000
 38.380000,-196.830000,-43.920000
 37.540000,-191.050000,-45.290000
 27.700000,-191.170000,-45.540000
 24.800000,-182.870000,-27.160000
 35.030000,-167.280000,-5.000000
 38.410000,-152.320000, 3.510000
 34.810000,-138.280000, 3.590000
 29.540000,-130.580000,-2.760000
 18.550000,-132.220000,-15.000000
 2.230000,-139.440000,-29.190000
-8.030000,-147.390000,-40.760000
-5.120000,-154.290000,-45.310000
 2.540000,-160.730000,-44.160000
 8.730000,-165.630000,-41.160000
 12.430000,-167.290000,-38.430000
 17.000000,-165.870000,-35.470000
 19.680000,-162.510000,-33.870000
 16.320000,-161.770000,-31.740000
 13.060000,-162.030000,-27.450000
 15.820000,-162.720000,-21.050000
 22.290000,-162.420000,-15.160000
 26.640000,-162.430000,-12.100000
 24.480000,-163.700000,-12.990000
 18.500000,-165.410000,-16.770000
 12.120000,-165.830000,-22.320000
 8.700000,-163.530000,-28.290000
 9.610000,-158.520000,-31.920000
 13.790000,-152.870000,-31.700000
 19.040000,-147.910000,-28.500000
 22.980000,-145.190000,-24.570000
 23.760000,-144.770000,-23.170000
 22.250000,-145.190000,-23.120000
 21.460000,-144.560000,-23.030000
 22.480000,-142.950000,-22.970000
 23.960000,-141.820000,-22.370000
 24.920000,-141.180000,-20.870000
 24.840000,-140.380000,-18.950000
 23.720000,-138.350000,-16.870000
 22.210000,-135.250000,-14.580000
 21.190000,-131.250000,-11.510000
 21.100000,-127.070000,-8.380000
 20.090000,-122.860000,-5.660000
 22.530000,-119.600000,-4.230000
 22.450000,-117.190000,-2.830000
 21.770000,-115.630000,-1.580000
 17.510000,-114.640000,-2.350000
 6.510000,-113.670000,-5.910000
-4.120000,-111.410000,-13.820000
-10.330000,-109.190000,-20.180000
-8.680000,-106.080000,-20.280000
-2.610000,-100.060000,-16.550000
 6.030000,-90.290000,-12.770000
 11.830000,-80.540000,-10.120000
 10.260000,-72.460000,-8.020000
 4.760000,-68.300000,-6.920000
-0.060000,-70.580000,-5.040000
-1.870000,-77.090000,-1.320000
 0.270000,-85.080000, 0.360000
 7.110000,-91.740000,-0.790000
 12.180000,-100.820000,-3.040000
 9.900000,-111.520000,-6.730000
 1.620000,-122.810000,-12.690000
-9.820000,-132.540000,-20.010000
-19.960000,-139.540000,-26.890000
-24.240000,-142.290000,-32.070000
-22.720000,-142.510000,-34.220000
-14.640000,-139.710000,-34.610000
 0.510000,-133.500000,-34.100000
 18.340000,-125.950000,-31.530000
 29.690000,-120.940000,-27.420000
 35.160000,-116.280000,-23.740000
 33.960000,-111.680000,-20.120000
 27.500000,-107.400000,-18.360000
 16.970000,-104.690000,-19.090000
 6.250000,-102.360000,-21.290000
-1.240000,-100.220000,-23.660000
-4.140000,-97.700000,-25.410000
-2.390000,-94.410000,-25.650000
 0.910000,-91.790000,-25.330000
 3.780000,-90.610000,-24.830000
 5.600000,-91.580000,-24.170000
 5.540000,-93.780000,-23.730000
 4.380000,-98.040000,-23.110000
 2.700000,-103.190000,-22.210000
 1.930000,-107.540000,-21.330000
 1.380000,-107.870000,-20.800000
 0.710000,-108.180000,-22.220000
-2.980000,-106.070000,-22.870000
-3.930000,-101.780000,-21.480000
-1.850000,-94.200000,-20.340000
 0.120000,-86.240000,-18.130000
-2.210000,-78.450000,-12.510000
-0.800000,-69.670000,-2.140000
 6.290000,-60.250000, 6.410000
 15.550000,-51.670000, 9.960000
 22.480000,-46.090000, 11.090000
 25.320000,-42.480000, 6.870000
 20.000000,-42.370000,-1.370000
 6.220000,-45.210000,-8.120000
-6.670000,-47.510000,-10.140000
-12.150000,-45.580000,-11.630000
-8.510000,-42.160000,-14.960000
-1.940000,-38.170000,-17.610000
 0.790000,-35.540000,-19.410000
-0.640000,-34.470000,-20.960000
-4.180000,-34.310000,-22.910000
-7.830000,-36.170000,-24.580000
-7.080000,-39.800000,-24.580000
-2.800000,-44.190000,-24.220000
 1.610000,-51.580000,-24.270000
 7.220000,-60.190000,-24.700000
 12.610000,-67.480000,-26.790000
 17.530000,-72.840000,-29.720000
 18.960000,-78.900000,-30.980000
 19.110000,-85.830000,-29.480000
 19.600000,-92.110000,-26.700000
 19.180000,-98.470000,-23.990000
 17.580000,-104.250000,-20.700000
 16.540000,-108.780000,-17.650000
 16.010000,-112.130000,-15.290000
 16.360000,-115.070000,-14.530000
 17.560000,-116.970000,-14.990000
 18.330000,-118.510000,-16.270000
 18.640000,-119.960000,-18.090000
 19.390000,-121.200000,-19.540000
 20.690000,-123.070000,-21.640000
 22.550000,-125.390000,-23.680000
 23.510000,-127.740000,-25.550000
 23.570000,-129.720000,-27.270000
 22.350000,-131.510000,-28.360000
 20.530000,-132.680000,-29.220000
 19.240000,-132.930000,-29.820000
 18.030000,-133.550000,-30.520000
 17.240000,-134.220000,-30.510000
 18.720000,-134.820000,-30.450000
 22.500000,-133.520000,-29.970000
 26.930000,-132.540000,-28.120000
 30.570000,-131.610000,-25.810000
 32.740000,-132.160000,-24.800000
 33.550000,-133.900000,-24.300000
 32.850000,-137.230000,-23.740000
 31.490000,-140.820000,-22.240000
 28.830000,-144.090000,-21.380000
 20.200000,-147.860000,-25.750000
 6.870000,-148.810000,-34.400000
-0.790000,-148.370000,-42.610000
 6.380000,-145.410000,-42.790000
 18.090000,-141.110000,-34.570000
 26.810000,-136.740000,-24.710000
 28.990000,-128.700000,-15.620000
 26.570000,-120.120000,-10.150000
 20.650000,-113.790000,-9.220000
 13.710000,-111.030000,-8.960000
 8.120000,-110.620000,-7.690000
 3.450000,-112.410000,-6.750000
 1.040000,-115.930000,-5.410000
 2.930000,-117.830000,-2.540000
 5.900000,-117.120000, 0.980000
 4.900000,-114.040000, 2.960000
 0.070000,-110.030000, 2.820000
-5.430000,-105.640000, 0.340000
-7.290000,-100.440000,-1.520000
-4.810000,-95.240000,-2.110000
 0.980000,-91.100000,-1.540000
 7.240000,-87.440000,-1.380000
 11.170000,-86.060000,-3.360000
 11.600000,-86.290000,-7.990000
 10.180000,-86.450000,-14.190000
 8.570000,-85.310000,-18.990000
 7.920000,-82.700000,-20.240000
 8.320000,-80.290000,-18.940000
 9.030000,-78.420000,-17.290000
 9.550000,-77.800000,-16.720000
 10.820000,-78.510000,-15.700000
 13.190000,-81.510000,-14.750000
 15.250000,-85.600000,-14.780000
 15.870000,-89.760000,-16.380000
 15.120000,-94.260000,-19.350000
 12.670000,-99.190000,-22.660000
 11.300000,-104.160000,-26.230000
 10.870000,-109.310000,-29.850000
 11.680000,-113.710000,-32.830000
 13.920000,-118.320000,-33.930000
 16.900000,-122.820000,-32.450000
 21.110000,-127.500000,-29.000000
 25.450000,-132.290000,-25.020000
 26.730000,-137.750000,-21.510000
 25.700000,-144.520000,-19.490000
 22.490000,-151.900000,-18.100000
 19.290000,-159.290000,-18.220000
 18.180000,-165.910000,-19.870000
 19.860000,-169.950000,-23.450000
 23.050000,-173.160000,-30.610000
 27.230000,-175.840000,-39.930000
 34.410000,-176.830000,-48.140000
 45.010000,-174.270000,-54.250000
 44.850000,-171.980000,-58.270000
 36.930000,-173.080000,-56.190000
 34.290000,-169.540000,-37.770000
 38.170000,-161.000000,-14.090000
 39.940000,-151.880000,-0.040000
 37.570000,-143.990000, 1.820000
 32.170000,-138.610000,-3.840000
 23.260000,-137.950000,-13.350000
 13.260000,-141.090000,-22.010000
 4.330000,-145.240000,-27.120000
-2.640000,-149.510000,-28.120000
-3.820000,-150.070000,-27.740000
 4.480000,-147.500000,-27.440000
 17.460000,-140.670000,-27.190000
 24.830000,-130.570000,-26.030000
 25.370000,-125.150000,-24.870000
 19.250000,-126.600000,-24.780000
 10.740000,-131.100000,-24.110000
 6.320000,-136.870000,-22.150000
 7.900000,-143.330000,-20.080000
 12.030000,-151.130000,-18.640000
 16.510000,-158.970000,-18.580000
 21.160000,-164.910000,-19.800000
 26.340000,-166.980000,-21.210000
 29.700000,-166.580000,-21.950000
 30.270000,-163.530000,-22.350000
 27.770000,-159.250000,-21.350000
 23.810000,-154.480000,-18.280000
 20.280000,-150.410000,-13.590000
 15.230000,-147.340000,-10.600000
 9.180000,-145.690000,-10.170000
 4.100000,-145.160000,-12.250000
 1.230000,-144.220000,-15.150000
 0.590000,-143.810000,-16.680000
 1.860000,-144.540000,-17.100000
 4.670000,-145.200000,-15.350000
 10.410000,-146.670000,-11.930000
 18.510000,-147.580000,-7.790000
 24.770000,-146.700000,-5.700000
 27.020000,-145.180000,-5.350000
 25.090000,-142.930000,-6.410000
 16.770000,-140.830000,-9.280000
 1.030000,-138.670000,-16.720000
-15.870000,-135.670000,-26.190000
-22.160000,-132.910000,-30.550000
-11.930000,-126.870000,-25.380000
 3.480000,-122.830000,-17.040000
 10.210000,-125.370000,-10.080000
 11.250000,-127.380000,-5.340000
 5.410000,-127.730000,-5.730000
 1.540000,-127.640000,-10.160000
 1.120000,-126.120000,-15.000000
 4.260000,-127.770000,-20.220000
 11.280000,-130.150000,-24.010000
 17.460000,-132.510000,-23.930000
 17.420000,-132.580000,-22.540000
 9.950000,-132.350000,-21.970000
 1.160000,-131.490000,-22.210000
-4.210000,-127.720000,-21.730000
-5.180000,-122.680000,-20.500000
-2.350000,-119.330000,-20.160000
 4.160000,-116.870000,-19.530000
 12.410000,-114.550000,-20.180000
 18.400000,-112.730000,-21.700000
 21.090000,-111.490000,-23.320000
 21.790000,-109.150000,-23.640000
 19.440000,-105.750000,-22.860000
 14.900000,-101.820000,-22.120000
 9.930000,-96.920000,-21.170000
 5.580000,-90.350000,-20.890000
 3.570000,-83.290000,-20.880000
 3.890000,-77.630000,-21.160000
 6.110000,-72.800000,-20.380000
 9.740000,-69.790000,-19.610000
 14.060000,-67.780000,-18.910000
 17.800000,-67.690000,-19.330000
 19.990000,-69.090000,-20.610000
 20.020000,-70.550000,-22.390000
 17.960000,-72.120000,-24.200000
 14.260000,-74.700000,-25.490000
 10.320000,-77.350000,-26.000000
 6.520000,-79.470000,-27.270000
 3.020000,-81.350000,-27.930000
 0.510000,-82.510000,-28.460000
-0.610000,-84.010000,-28.390000
-1.220000,-84.980000,-28.120000
-0.410000,-85.120000,-27.810000
 2.300000,-83.560000,-26.280000
 6.170000,-80.770000,-24.000000
 9.670000,-77.890000,-21.950000
 12.210000,-74.550000,-21.120000
 14.190000,-71.140000,-21.900000
 14.540000,-68.720000,-24.170000
 15.300000,-67.780000,-25.770000
 15.780000,-68.160000,-28.350000
 14.980000,-68.820000,-30.750000
 13.090000,-71.370000,-31.870000
 11.290000,-74.570000,-31.490000
 10.500000,-77.210000,-30.530000
 9.380000,-81.670000,-28.770000
 5.210000,-85.780000,-16.580000
 4.070000,-86.700000, 2.510000
 7.870000,-80.760000, 16.520000
 17.420000,-70.520000, 21.040000
 22.280000,-62.220000, 20.030000
 21.790000,-58.930000, 14.370000
 19.180000,-59.900000, 3.580000
 16.750000,-62.340000,-6.000000
 16.380000,-64.240000,-10.230000
 19.140000,-64.540000,-10.360000
 23.380000,-63.430000,-9.030000
 28.230000,-61.350000,-10.200000
 27.380000,-58.750000,-14.550000
 17.790000,-56.560000,-19.870000
 5.750000,-56.040000,-24.660000
-1.700000,-58.230000,-27.000000
-2.060000,-62.350000,-24.620000
 2.640000,-68.390000,-21.010000
 8.610000,-75.670000,-18.630000
 13.800000,-83.070000,-17.960000
 18.170000,-87.160000,-21.700000
 19.740000,-89.360000,-27.150000
 16.330000,-91.720000,-31.010000
 11.410000,-95.140000,-32.000000
 7.030000,-98.550000,-30.800000
 5.400000,-101.930000,-29.030000
 7.270000,-103.920000,-26.140000
 12.000000,-104.880000,-22.810000
 16.830000,-104.780000,-20.900000
 20.560000,-104.070000,-20.120000
 22.100000,-102.960000,-18.870000
 22.150000,-101.850000,-16.740000
 21.290000,-101.140000,-14.820000
 20.700000,-100.640000,-13.500000
 21.230000,-101.090000,-12.780000
 24.240000,-101.160000,-11.770000
 26.740000,-101.620000,-11.190000
 27.060000,-102.560000,-10.790000
 25.060000,-103.840000,-10.430000
 21.360000,-106.360000,-10.070000
 17.610000,-108.810000,-9.720000
 14.460000,-112.490000,-9.630000
 14.860000,-117.450000,-9.920000
 18.570000,-122.460000,-10.420000
 20.750000,-127.640000,-10.610000
 27.500000,-133.930000,-11.500000
 29.620000,-139.610000,-11.070000
 28.710000,-145.190000,-9.510000
 25.380000,-149.800000,-9.240000
 16.560000,-151.810000,-15.760000
 6.480000,-150.190000,-26.500000
 6.410000,-151.480000,-35.360000
 15.900000,-154.990000,-35.060000
 25.220000,-156.050000,-27.560000
 28.060000,-150.880000,-18.650000
 25.070000,-144.850000,-10.970000
 18.510000,-137.220000,-7.300000
 8.930000,-128.010000,-7.830000
-0.030000,-118.700000,-11.310000
-2.870000,-114.140000,-15.730000
-3.670000,-114.100000,-18.720000
-2.090000,-116.860000,-20.130000
 4.220000,-121.200000,-18.830000
 11.750000,-123.850000,-14.860000
 13.950000,-124.410000,-11.400000
 10.700000,-125.050000,-9.290000
 6.600000,-126.430000,-7.720000
 3.250000,-127.390000,-7.860000
 2.460000,-129.530000,-10.670000
 5.770000,-130.840000,-13.800000
 9.960000,-133.800000,-17.510000
 17.810000,-137.980000,-20.990000
 24.980000,-142.930000,-24.400000
 28.950000,-149.000000,-27.060000
 30.000000,-155.720000,-28.320000
 28.670000,-161.380000,-29.330000
 25.700000,-165.800000,-31.020000
 21.440000,-169.150000,-33.040000
 18.500000,-171.750000,-35.490000
 15.800000,-173.220000,-37.410000
 13.770000,-173.510000,-38.190000
 12.980000,-172.650000,-37.930000
 15.600000,-170.770000,-36.240000
 20.800000,-168.480000,-34.230000
 25.030000,-166.000000,-32.270000
 27.220000,-164.380000,-30.480000
 28.080000,-163.260000,-29.070000
 28.700000,-163.000000,-27.580000
 28.960000,-162.760000,-25.290000
 28.520000,-161.930000,-22.540000
 27.760000,-162.060000,-20.460000
 25.960000,-163.850000,-19.940000
 25.580000,-166.660000,-20.630000
 26.250000,-170.120000,-23.140000
 24.590000,-174.450000,-26.510000
 21.590000,-179.160000,-30.440000
 20.610000,-183.220000,-35.130000
 25.030000,-186.250000,-40.900000
 35.060000,-185.450000,-42.980000
 35.480000,-182.430000,-45.260000
 26.620000,-182.110000,-44.900000
 26.070000,-176.250000,-25.850000
 45.580000,-160.280000,-2.480000
 56.910000,-145.870000, 8.340000
 54.730000,-136.410000, 9.330000
 43.030000,-133.210000, 4.860000
 25.930000,-137.390000,-4.770000
 9.140000,-145.420000,-17.890000
-2.330000,-155.580000,-30.370000
-8.190000,-164.700000,-38.930000
-8.750000,-171.930000,-42.440000
-4.400000,-175.790000,-43.540000
 1.160000,-176.920000,-45.170000
 9.460000,-173.310000,-46.450000
 17.800000,-168.820000,-43.830000
 24.530000,-166.060000,-36.030000
 29.120000,-167.050000,-24.580000
 35.270000,-169.460000,-13.880000
 39.310000,-171.640000,-7.640000
 38.350000,-174.570000,-7.260000
 31.880000,-178.330000,-11.770000
 22.940000,-181.710000,-17.930000
 17.140000,-182.830000,-21.900000
 13.920000,-181.670000,-23.950000
 14.120000,-179.070000,-23.540000
 15.210000,-176.540000,-21.260000
 19.380000,-172.970000,-18.240000
 24.230000,-169.640000,-15.170000
 27.540000,-166.210000,-12.540000
 27.000000,-164.190000,-11.770000
 25.190000,-162.710000,-12.740000
 22.470000,-162.620000,-14.590000
 20.630000,-161.350000,-17.420000
 18.690000,-159.820000,-19.620000
 14.700000,-156.900000,-20.510000
 10.020000,-154.240000,-22.100000
 6.140000,-150.750000,-25.190000
 0.940000,-140.290000,-29.840000
 4.100000,-129.310000,-35.400000
 19.400000,-119.730000,-32.670000
 32.850000,-112.350000,-26.580000
 37.330000,-109.740000,-21.090000
 31.520000,-106.940000,-16.080000
 16.800000,-106.680000,-13.700000
 0.990000,-110.990000,-14.180000
-10.000000,-117.540000,-15.320000
-11.020000,-125.640000,-16.550000
-4.060000,-133.980000,-17.500000
 4.890000,-143.240000,-18.380000
 7.810000,-149.580000,-18.680000
 6.540000,-152.460000,-19.120000
 4.120000,-152.530000,-20.230000
 2.200000,-150.890000,-21.740000
 2.250000,-145.820000,-22.510000
 4.380000,-137.320000,-22.370000
 7.700000,-128.290000,-21.590000
 12.110000,-119.730000,-19.180000
 14.650000,-111.990000,-17.010000
 14.980000,-104.800000,-15.740000
 13.130000,-97.290000,-16.150000
 11.440000,-89.650000,-17.650000
 8.200000,-83.770000,-19.770000
 3.830000,-80.720000,-21.810000
 0.410000,-79.000000,-23.070000
-0.320000,-77.260000,-23.740000
-0.410000,-75.810000,-24.470000
-0.590000,-76.020000,-24.140000
-0.770000,-76.870000,-21.800000
 0.580000,-77.130000,-19.180000
 2.060000,-78.160000,-17.860000
 3.830000,-79.290000,-17.830000
 5.280000,-81.540000,-19.920000
 4.770000,-84.620000,-23.510000
 4.860000,-88.370000,-26.600000
 4.930000,-91.450000,-27.220000
 5.320000,-91.700000,-27.630000
 4.760000,-88.140000,-26.900000
 1.350000,-82.670000,-25.540000
-3.950000,-79.690000,-24.190000
-5.180000,-75.570000,-15.800000
 0.750000,-67.650000,-2.450000
 5.600000,-59.000000, 6.280000
 9.390000,-53.200000, 10.100000
 13.770000,-48.550000, 10.640000
 16.000000,-46.450000, 3.610000
 12.840000,-48.800000,-4.830000
 5.090000,-52.960000,-8.530000
-1.000000,-54.910000,-9.290000
-3.460000,-55.480000,-9.970000
-1.450000,-54.400000,-9.770000
 4.600000,-50.820000,-9.110000
 12.360000,-44.990000,-8.470000
 16.030000,-40.180000,-9.090000
 14.470000,-38.240000,-11.380000
 8.730000,-39.510000,-12.300000
 2.120000,-42.540000,-12.230000
-3.530000,-46.660000,-12.040000
-5.770000,-51.620000,-12.190000
-4.170000,-55.440000,-13.670000
 0.360000,-57.310000,-17.380000
 4.040000,-57.730000,-22.090000
 5.250000,-59.280000,-24.890000
 5.200000,-62.060000,-25.390000
 4.010000,-66.760000,-23.750000
 3.350000,-71.450000,-20.770000
 2.800000,-76.890000,-15.800000
 2.960000,-81.120000,-12.640000
 4.380000,-84.520000,-13.770000
 7.310000,-87.270000,-18.070000
 12.270000,-89.280000,-22.300000
 16.930000,-91.890000,-25.030000
 18.830000,-96.440000,-26.340000
 19.570000,-101.580000,-26.280000
 21.240000,-105.640000,-25.360000
 22.080000,-108.350000,-24.170000
 20.480000,-111.630000,-24.080000
 17.060000,-115.950000,-23.670000
 12.960000,-120.210000,-23.330000
 10.480000,-125.620000,-23.300000
 10.410000,-131.400000,-22.740000
 12.830000,-136.590000,-21.780000
 16.550000,-140.340000,-21.690000
 19.800000,-143.210000,-22.020000
 21.460000,-145.310000,-22.850000
 21.880000,-146.570000,-23.900000
 20.730000,-147.280000,-25.510000
 18.930000,-147.060000,-27.450000
 17.340000,-147.090000,-28.760000
 17.570000,-147.880000,-28.910000
 18.800000,-148.910000,-28.740000
 21.420000,-150.540000,-28.550000
 24.770000,-152.590000,-27.940000
 26.190000,-154.830000,-28.070000
 25.680000,-157.890000,-29.560000
 21.360000,-159.400000,-30.900000
 11.770000,-157.910000,-36.560000
 2.280000,-155.850000,-46.500000
 3.190000,-155.830000,-54.240000
 12.700000,-156.330000,-52.930000
 22.750000,-154.670000,-46.220000
 27.810000,-148.760000,-38.100000
 27.000000,-138.500000,-31.400000
 23.530000,-126.610000,-27.480000
 19.290000,-119.220000,-25.710000
 12.540000,-116.630000,-25.060000
 5.590000,-116.960000,-25.460000
 6.490000,-119.340000,-25.410000
 17.510000,-122.380000,-23.320000
 30.330000,-126.660000,-19.480000
 36.030000,-130.770000,-17.180000
 32.290000,-133.670000,-18.080000
 21.930000,-136.480000,-21.560000
 9.450000,-139.580000,-26.800000
-0.020000,-141.720000,-30.760000
-3.370000,-143.070000,-31.900000
-0.050000,-143.350000,-31.510000
 7.830000,-143.290000,-30.040000
 18.740000,-142.930000,-29.220000
 27.830000,-143.250000,-29.380000
 33.670000,-145.000000,-30.210000
 36.620000,-147.250000,-31.810000
 35.960000,-149.060000,-33.700000
 32.380000,-150.740000,-35.450000
 29.250000,-151.000000,-35.900000
 26.420000,-150.800000,-34.790000
 24.870000,-150.320000,-32.420000
 24.810000,-149.640000,-29.150000
 26.580000,-148.710000,-25.220000
 29.450000,-148.580000,-21.170000
 32.300000,-149.480000,-17.740000
 32.930000,-152.380000,-15.870000
 30.830000,-157.530000,-16.220000
 27.510000,-163.210000,-16.730000
 25.090000,-166.700000,-17.150000
 21.340000,-169.010000,-20.190000
 18.960000,-170.820000,-25.510000
 22.150000,-172.460000,-30.400000
 29.710000,-173.650000,-34.360000
 41.560000,-170.800000,-35.000000
 44.370000,-164.580000,-32.480000
 39.110000,-165.050000,-33.250000
 28.740000,-163.910000,-17.760000
 30.800000,-153.870000, 7.930000
 34.580000,-141.280000, 23.130000
 35.580000,-130.760000, 26.080000
 33.650000,-127.130000, 20.010000
 28.410000,-131.090000, 5.870000
 19.680000,-142.410000,-10.550000
 8.190000,-155.810000,-23.960000
-0.400000,-167.580000,-36.360000
-1.960000,-176.820000,-45.840000
 6.610000,-183.080000,-50.050000
 18.460000,-185.120000,-47.250000
 28.120000,-181.970000,-42.610000
 33.910000,-176.160000,-40.110000
 34.940000,-169.770000,-37.800000
 29.020000,-166.440000,-33.030000
 22.290000,-166.260000,-27.900000
 15.880000,-167.980000,-25.410000
 11.680000,-170.580000,-27.320000
 8.580000,-173.670000,-31.160000
 7.240000,-176.290000,-34.580000
 9.200000,-177.990000,-37.630000
 12.020000,-177.650000,-38.750000
 16.070000,-174.960000,-37.450000
 21.550000,-170.930000,-34.280000
 27.250000,-166.320000,-29.380000
 30.540000,-161.800000,-24.030000
 30.450000,-157.640000,-19.530000
 27.010000,-153.650000,-16.970000
 22.310000,-150.080000,-16.300000
 17.940000,-146.580000,-16.600000
 15.070000,-143.710000,-18.380000
 13.800000,-141.580000,-20.270000
 15.130000,-140.460000,-21.420000
 17.910000,-141.250000,-22.330000
 20.580000,-143.550000,-21.940000
 24.320000,-144.090000,-20.540000
 27.690000,-145.090000,-17.390000
 29.580000,-145.370000,-13.330000
 27.850000,-144.260000,-8.710000
 23.430000,-141.040000,-3.870000
 16.220000,-137.460000, 0.000000
 9.330000,-132.830000, 3.760000
 7.400000,-128.830000, 5.580000
 2.000000,-121.260000,-3.930000
-11.110000,-105.590000,-19.080000
-12.450000,-95.150000,-37.630000
 9.410000,-93.990000,-39.380000
 31.410000,-97.140000,-29.540000
 37.410000,-98.980000,-21.210000
 35.840000,-98.850000,-15.670000
 28.290000,-97.950000,-9.150000
 12.350000,-99.830000,-5.160000
-10.320000,-102.050000,-5.900000
-26.150000,-101.310000,-8.650000
-29.050000,-99.780000,-12.200000
-16.970000,-97.230000,-17.510000
 4.760000,-94.410000,-20.960000
 22.280000,-95.040000,-22.150000
 25.170000,-101.510000,-23.220000
 18.910000,-108.870000,-24.840000
 10.170000,-114.610000,-27.050000
 4.170000,-118.510000,-27.850000
 1.670000,-121.410000,-26.660000
 0.860000,-124.100000,-25.580000
 1.290000,-123.930000,-27.250000
 4.260000,-119.990000,-30.550000
 7.640000,-113.640000,-32.600000
 14.200000,-107.160000,-31.420000
 20.970000,-100.770000,-27.750000
 24.130000,-95.110000,-24.350000
 22.530000,-91.310000,-21.610000
 19.260000,-88.510000,-20.020000
 18.290000,-87.580000,-19.340000
 17.430000,-89.080000,-18.550000
 15.940000,-92.740000,-17.320000
 13.740000,-97.760000,-18.030000
 11.010000,-104.870000,-19.820000
 10.020000,-113.410000,-17.020000
 11.670000,-117.630000,-9.290000
 18.160000,-116.870000,-3.530000
 21.870000,-112.890000, 1.100000
 21.740000,-106.370000, 7.090000
 20.080000,-97.900000, 10.420000
 15.670000,-89.090000, 9.230000
 11.310000,-80.890000, 5.590000
 8.930000,-74.060000, 1.510000
 8.380000,-69.560000,-4.800000
 6.460000,-68.250000,-12.750000
 0.570000,-69.590000,-19.120000
-5.130000,-71.120000,-21.250000
-5.640000,-71.200000,-19.290000
 1.290000,-68.360000,-17.820000
 10.410000,-65.240000,-17.190000
 13.900000,-64.370000,-18.310000
 9.970000,-64.760000,-19.050000
 1.680000,-66.030000,-20.350000
-6.090000,-66.480000,-22.060000
-9.610000,-66.900000,-21.800000
-8.790000,-67.640000,-19.900000
-6.060000,-68.510000,-17.630000
-1.800000,-69.100000,-16.830000
 1.670000,-69.700000,-18.500000
 4.510000,-71.200000,-21.140000
 6.180000,-73.310000,-24.290000
 7.380000,-76.900000,-26.480000
 8.800000,-82.490000,-26.900000
 12.380000,-89.190000,-25.020000
 16.350000,-95.190000,-22.090000
 19.010000,-99.860000,-19.160000
 19.240000,-102.870000,-17.480000
 20.600000,-103.700000,-17.890000
 21.190000,-102.580000,-20.110000
 20.650000,-101.060000,-23.440000
 20.480000,-100.290000,-25.780000
 21.380000,-99.910000,-26.830000
 21.570000,-101.220000,-26.600000
 22.360000,-103.640000,-25.690000
 23.630000,-106.750000,-23.800000
 24.120000,-108.600000,-21.790000
 23.220000,-110.900000,-20.060000
 21.250000,-113.210000,-18.290000
 19.030000,-114.610000,-16.670000
 17.370000,-115.320000,-16.160000
 16.830000,-114.920000,-16.420000
 17.950000,-114.770000,-17.470000
 22.230000,-115.570000,-18.260000
 26.960000,-117.120000,-17.440000
 30.960000,-120.270000,-16.480000
 32.360000,-124.080000,-15.550000
 29.690000,-126.730000,-14.510000
 25.780000,-127.790000,-13.560000
 20.800000,-127.290000,-11.540000
 14.760000,-125.140000,-9.440000
 7.790000,-118.150000,-8.820000
 0.270000,-111.410000,-13.460000
-4.970000,-105.410000,-20.510000
-4.230000,-100.010000,-24.840000
 1.350000,-98.150000,-23.900000
 8.620000,-98.810000,-18.420000
 10.100000,-98.690000,-13.540000
 7.430000,-98.060000,-11.090000
 4.290000,-97.790000,-11.370000
 1.110000,-97.280000,-13.250000
 0.410000,-96.650000,-14.620000
 2.330000,-96.410000,-16.160000
 5.690000,-96.620000,-18.650000
 9.800000,-98.210000,-20.600000
 10.670000,-101.840000,-21.640000
 9.250000,-104.730000,-20.840000
 6.060000,-105.000000,-18.470000
 4.450000,-103.570000,-14.430000
 3.580000,-100.910000,-12.000000
 3.130000,-100.200000,-10.550000
 2.740000,-101.220000,-9.790000
 1.050000,-104.520000,-9.680000
 3.950000,-109.380000,-11.580000
 9.530000,-115.770000,-15.400000
 15.960000,-122.770000,-20.490000
 21.250000,-129.240000,-26.290000
 23.470000,-134.090000,-30.900000
 24.180000,-137.260000,-34.040000
 25.520000,-139.440000,-34.910000
 27.930000,-140.070000,-33.790000
 29.900000,-138.960000,-31.350000
 29.980000,-135.810000,-29.610000
 28.900000,-131.900000,-28.870000
 28.120000,-127.740000,-28.580000
 27.100000,-123.900000,-28.430000
 25.750000,-121.000000,-28.860000
 26.100000,-119.380000,-31.020000
 28.350000,-119.350000,-32.460000
 31.870000,-120.780000,-32.520000
 35.950000,-123.500000,-31.230000
 39.450000,-128.530000,-27.510000
 40.350000,-134.150000,-21.470000
 41.390000,-140.120000,-16.100000
 41.070000,-146.550000,-13.420000
 38.490000,-152.190000,-12.700000
 34.870000,-156.250000,-14.190000
 32.700000,-157.860000,-17.430000
 34.740000,-159.180000,-22.480000
 37.520000,-161.840000,-27.430000
 43.450000,-164.150000,-29.900000
 48.180000,-163.680000,-34.900000
 45.410000,-165.350000,-40.300000
 40.010000,-166.560000,-35.650000
 39.030000,-162.310000,-19.350000
 38.700000,-155.250000,-2.670000
 40.260000,-147.050000, 5.090000
 38.640000,-140.460000, 3.480000
 33.450000,-136.510000,-6.090000
 24.830000,-136.770000,-17.400000
 16.070000,-139.580000,-23.820000
 11.690000,-142.540000,-22.740000
 13.700000,-146.480000,-16.970000
 19.010000,-149.840000,-10.960000
 22.960000,-150.970000,-10.540000
 23.900000,-151.620000,-16.030000
 23.490000,-155.170000,-24.410000
 21.490000,-163.140000,-29.590000
 19.040000,-172.610000,-29.800000
 15.860000,-179.800000,-25.770000
 9.700000,-184.640000,-18.650000
 7.450000,-181.080000,-14.740000
 15.540000,-170.580000,-16.310000
 22.910000,-160.150000,-19.800000
 23.060000,-153.250000,-21.350000
 16.760000,-151.110000,-20.830000
 8.090000,-151.780000,-19.500000
 3.380000,-154.910000,-17.830000
 6.210000,-158.590000,-16.340000
 12.430000,-162.410000,-15.290000
 17.960000,-164.430000,-14.790000
 21.140000,-165.180000,-15.350000
 21.660000,-164.690000,-15.260000
 21.610000,-163.810000,-13.950000
 21.710000,-163.200000,-11.830000
 21.640000,-161.770000,-10.140000
 21.390000,-160.490000,-9.190000
 21.180000,-159.050000,-7.990000
 20.400000,-157.930000,-7.060000
 19.350000,-157.250000,-6.160000
 18.840000,-156.320000,-5.140000
 17.740000,-153.940000,-4.220000
 15.930000,-151.100000,-4.640000
 12.970000,-149.160000,-5.230000
 11.000000,-147.780000,-5.630000
 8.870000,-145.540000,-6.350000
 5.920000,-142.880000,-7.890000
 3.080000,-140.720000,-8.210000
 3.750000,-137.520000,-7.570000
 1.350000,-135.270000,-8.650000
-0.650000,-131.510000,-12.930000
-5.380000,-123.510000,-21.280000
-8.460000,-113.480000,-32.670000
-4.380000,-107.970000,-38.380000
 6.670000,-106.790000,-33.050000
 17.860000,-105.610000,-23.710000
 22.200000,-103.480000,-15.060000
 19.010000,-103.580000,-9.620000
 10.100000,-106.380000,-5.970000
 2.010000,-111.450000,-3.960000
-2.480000,-116.480000,-5.230000
-3.810000,-119.870000,-8.550000
-4.990000,-120.770000,-12.610000
-7.030000,-119.920000,-17.830000
-6.750000,-118.440000,-22.390000
-3.060000,-117.070000,-25.820000
 0.310000,-117.390000,-28.290000
 3.740000,-118.040000,-28.590000
 6.980000,-118.440000,-27.140000
 9.640000,-118.510000,-25.200000
 12.800000,-119.580000,-23.840000
 15.900000,-121.030000,-23.730000
 18.060000,-122.060000,-25.680000
 19.580000,-123.450000,-27.930000
 16.730000,-124.240000,-29.190000
 13.130000,-123.220000,-29.060000
 10.900000,-121.340000,-27.980000
 8.450000,-118.710000,-26.370000
 4.680000,-116.930000,-24.710000
 1.330000,-114.980000,-21.960000
 0.380000,-112.420000,-19.310000
 0.740000,-109.610000,-17.250000
 2.290000,-107.350000,-15.360000
 3.200000,-105.740000,-13.450000
 3.790000,-104.130000,-14.710000
 5.600000,-102.560000,-19.220000
 11.050000,-100.870000,-22.380000
 16.020000,-97.650000,-21.640000
 16.440000,-94.530000,-18.410000
 12.670000,-90.770000,-7.670000
 9.270000,-85.360000, 4.960000
 11.290000,-77.120000, 11.180000
 14.780000,-68.700000, 13.020000
 18.640000,-61.900000, 11.440000
 20.800000,-57.780000, 4.880000
 18.440000,-58.120000,-4.230000
 6.280000,-62.640000,-9.310000
-3.040000,-66.830000,-11.760000
-4.480000,-67.450000,-14.060000
-1.030000,-64.450000,-16.830000
 3.480000,-59.450000,-18.180000
 5.370000,-54.370000,-17.550000
 4.810000,-49.730000,-18.090000
 1.360000,-48.180000,-20.740000
-0.600000,-49.270000,-21.650000
 0.700000,-53.470000,-20.800000
 3.330000,-59.760000,-20.720000
 5.580000,-65.540000,-21.160000
 8.460000,-67.560000,-21.730000
 9.710000,-67.580000,-24.200000
 9.560000,-66.510000,-24.900000
 4.900000,-63.550000,-24.370000
-3.400000,-59.770000,-23.410000
-9.470000,-55.970000,-23.000000
-9.630000,-53.260000,-23.270000
-1.990000,-51.410000,-23.380000
 9.090000,-51.200000,-23.340000
 15.700000,-52.670000,-23.590000
 15.200000,-56.160000,-23.490000
 9.450000,-61.250000,-23.960000
 3.880000,-67.160000,-24.540000
-0.040000,-73.400000,-25.900000
-2.580000,-78.020000,-27.250000
-3.620000,-80.110000,-29.090000
-2.340000,-80.400000,-29.860000
 2.180000,-79.990000,-28.820000
 10.060000,-79.380000,-26.550000
 17.000000,-78.480000,-25.080000
 19.810000,-79.920000,-24.010000
 18.710000,-83.100000,-23.860000
 16.200000,-88.560000,-23.610000
 15.740000,-94.220000,-22.010000
 16.830000,-100.120000,-21.050000
 18.290000,-106.620000,-21.100000
 18.580000,-112.780000,-22.110000
 18.640000,-118.800000,-22.920000
 18.730000,-123.700000,-23.460000
 18.700000,-126.600000,-23.830000
 19.450000,-128.190000,-24.680000
 20.700000,-129.250000,-26.730000
 23.100000,-131.190000,-28.720000
 27.400000,-133.500000,-28.510000
 32.790000,-135.390000,-26.000000
 34.640000,-136.690000,-22.530000
 32.190000,-138.900000,-19.230000
 25.720000,-141.900000,-17.390000
 20.700000,-144.620000,-15.800000
 18.620000,-144.730000,-12.440000
 16.210000,-142.060000,-9.990000
 9.350000,-139.100000,-13.380000
 0.290000,-134.990000,-23.420000
-5.010000,-129.850000,-35.320000
 0.370000,-128.170000,-43.000000
 13.610000,-132.840000,-42.490000
 25.880000,-138.980000,-37.220000
 30.340000,-143.020000,-32.250000
 28.120000,-145.470000,-28.700000
 20.760000,-147.980000,-27.900000
 13.980000,-149.450000,-29.250000
 11.480000,-150.830000,-29.110000
 11.890000,-152.260000,-28.060000
 11.830000,-151.960000,-26.800000
 15.320000,-147.950000,-25.060000
 18.610000,-141.610000,-22.810000
 21.870000,-134.140000,-20.410000
 23.280000,-128.540000,-19.410000
 20.530000,-124.970000,-21.870000
 14.570000,-123.080000,-25.920000
 11.240000,-122.590000,-28.720000
 12.660000,-123.820000,-30.060000
 15.640000,-127.510000,-30.930000
 20.610000,-133.860000,-32.310000
 24.380000,-142.470000,-35.000000
 26.650000,-151.730000,-39.740000
 28.470000,-159.250000,-45.260000
 32.060000,-164.420000,-48.150000
 37.510000,-167.070000,-47.160000
 42.010000,-167.780000,-43.350000
 44.130000,-166.080000,-38.900000
 42.790000,-164.380000,-35.010000
 39.360000,-162.610000,-30.960000
 36.170000,-160.490000,-26.580000
 34.020000,-159.030000,-22.580000
 33.380000,-159.310000,-20.030000
 32.680000,-162.160000,-18.490000
 31.290000,-166.380000,-17.950000
 30.950000,-170.060000,-19.870000
 32.400000,-172.670000,-23.840000
 33.400000,-176.100000,-30.490000
 36.480000,-177.980000,-36.680000
 39.480000,-178.580000,-40.640000
 41.410000,-179.510000,-41.730000
 39.860000,-178.260000,-35.560000
 39.340000,-173.340000,-20.870000
 40.720000,-165.530000,-4.320000
 41.410000,-157.410000, 8.580000
 44.250000,-147.360000, 13.230000
 44.640000,-140.610000, 10.180000
 38.830000,-138.220000, 3.700000
 28.770000,-138.990000,-4.690000
 16.830000,-142.500000,-15.610000
 6.820000,-148.520000,-24.360000
 3.030000,-154.510000,-29.000000
 8.410000,-157.000000,-32.270000
 14.830000,-158.580000,-33.650000
 18.290000,-160.160000,-34.040000
 18.350000,-160.680000,-34.230000
 17.460000,-161.190000,-33.060000
 19.520000,-162.150000,-28.290000
 24.870000,-163.290000,-20.390000
 32.740000,-163.640000,-11.530000
 38.870000,-162.780000,-5.990000
 40.210000,-160.870000,-6.640000
 33.310000,-158.720000,-11.460000
 22.120000,-156.840000,-17.540000
 12.030000,-155.520000,-23.300000
 4.670000,-154.720000,-27.210000
 0.890000,-154.320000,-28.610000
 2.080000,-154.290000,-28.380000
 7.900000,-154.410000,-26.000000
 16.250000,-153.380000,-22.800000
 23.170000,-150.540000,-20.720000
 27.610000,-146.670000,-20.020000
 28.510000,-142.750000,-19.470000
 26.350000,-139.760000,-18.370000
 21.800000,-138.670000,-16.900000
 17.420000,-139.670000,-14.030000
 15.170000,-141.510000,-10.520000
 15.080000,-142.540000,-5.960000
 17.360000,-141.660000,-2.400000
 19.990000,-138.810000,-0.560000
 19.930000,-132.600000, 0.430000
 18.070000,-126.630000, 1.390000
 15.060000,-122.220000, 1.930000
 7.930000,-117.500000,-4.340000
-3.610000,-110.880000,-16.760000
-9.590000,-108.800000,-30.300000
-5.040000,-112.720000,-32.960000
 3.470000,-119.340000,-26.610000
 9.550000,-122.510000,-18.810000
 12.010000,-122.410000,-11.190000
 10.530000,-122.440000,-5.930000
 1.620000,-122.790000,-3.290000
-8.220000,-120.930000,-3.610000
-10.700000,-118.790000,-6.020000
-6.730000,-118.310000,-9.900000
 2.960000,-118.270000,-12.520000
 13.220000,-118.040000,-12.500000
 18.370000,-116.830000,-11.400000
 14.800000,-116.220000,-12.400000
 7.000000,-117.210000,-15.270000
-0.220000,-117.890000,-19.000000
-2.960000,-117.260000,-21.890000
-2.940000,-116.320000,-24.190000
 2.220000,-116.500000,-25.340000
 10.770000,-118.000000,-25.300000
 19.340000,-120.570000,-25.010000
 25.070000,-123.090000,-26.290000
 29.640000,-123.320000,-27.390000
 31.440000,-121.090000,-27.300000
 31.380000,-117.260000,-26.200000
 29.100000,-113.930000,-24.780000
 25.510000,-110.690000,-22.550000
 21.180000,-107.380000,-19.680000
 17.700000,-104.510000,-16.540000
 15.800000,-102.040000,-12.730000
 13.000000,-101.090000,-9.320000
 11.400000,-100.690000,-8.430000
 11.510000,-100.870000,-9.930000
 12.120000,-102.220000,-12.390000
 13.510000,-102.770000,-15.380000
 12.570000,-102.050000,-18.500000
 8.450000,-99.620000,-21.410000
 4.710000,-95.550000,-22.220000
 3.240000,-92.810000,-21.350000
 2.030000,-90.970000,-19.290000
-0.950000,-89.000000,-14.380000
-1.630000,-86.110000,-8.850000
-2.120000,-82.850000,-2.280000
-0.120000,-80.540000, 3.470000
 2.640000,-79.850000, 4.640000
 3.320000,-80.030000, 2.150000
 1.870000,-79.750000,-1.570000
 1.480000,-77.020000,-7.120000
-0.250000,-76.490000,-14.770000
-5.170000,-76.190000,-20.480000
-5.310000,-74.430000,-23.050000
-0.670000,-72.400000,-25.520000
 4.620000,-72.720000,-26.450000
 8.770000,-74.320000,-25.450000
 9.290000,-77.410000,-24.630000
 7.930000,-81.640000,-25.160000
 4.290000,-86.730000,-26.410000
 5.290000,-91.340000,-26.150000
 8.480000,-95.370000,-24.630000
 12.270000,-99.860000,-22.790000
 16.360000,-101.780000,-22.680000
 20.590000,-99.700000,-24.930000
 22.420000,-97.580000,-26.670000
 19.790000,-95.220000,-25.370000
 13.760000,-93.060000,-23.320000
 8.710000,-91.050000,-21.700000
 6.870000,-88.930000,-21.820000
 8.380000,-87.760000,-22.000000
 13.020000,-88.120000,-21.930000
 16.280000,-91.290000,-23.110000
 17.750000,-96.290000,-25.280000
 18.640000,-102.080000,-27.600000
 18.350000,-106.970000,-29.500000
 16.930000,-112.180000,-31.420000
 14.620000,-117.290000,-32.120000
 12.320000,-122.280000,-31.650000
 12.170000,-127.240000,-31.150000
 14.780000,-132.560000,-30.220000
 18.290000,-136.270000,-29.050000
 21.730000,-138.780000,-27.520000
 22.890000,-140.900000,-26.270000
 21.800000,-142.610000,-24.910000
 20.560000,-143.870000,-24.850000
 19.450000,-144.330000,-23.710000
 18.480000,-142.910000,-22.510000
 19.290000,-140.380000,-20.670000
 21.600000,-137.710000,-19.040000
 23.260000,-135.580000,-16.960000
 23.510000,-133.830000,-13.880000
 22.380000,-132.900000,-11.240000
 19.840000,-132.080000,-9.090000
 16.440000,-130.260000,-7.770000
 12.500000,-127.050000,-8.380000
 10.380000,-124.000000,-10.030000
 12.170000,-122.930000,-7.920000
 14.740000,-121.060000,-2.200000
 13.080000,-117.320000, 0.830000
 3.770000,-111.550000,-7.220000
-9.360000,-104.740000,-24.200000
-16.120000,-101.010000,-38.010000
-8.720000,-106.670000,-43.340000
 4.950000,-120.200000,-37.610000
 16.160000,-133.780000,-27.910000
 23.130000,-141.360000,-20.530000
 22.610000,-146.770000,-18.770000
 20.820000,-154.110000,-20.330000
 20.090000,-159.970000,-21.090000
 18.020000,-164.550000,-21.350000
 13.130000,-167.010000,-21.370000
 9.870000,-164.020000,-19.920000
 6.560000,-158.900000,-17.870000
 5.950000,-151.380000,-15.580000
 9.260000,-143.470000,-14.800000
 11.890000,-136.580000,-14.630000
 12.440000,-131.940000,-14.620000
 8.410000,-128.220000,-15.710000
 3.050000,-125.450000,-17.790000
 1.010000,-122.520000,-19.530000
 3.930000,-119.720000,-20.900000
 11.240000,-118.720000,-21.830000
 18.930000,-120.400000,-22.470000
 23.700000,-124.070000,-24.540000
 26.480000,-126.990000,-28.210000
 28.770000,-128.760000,-31.670000
 28.720000,-130.990000,-33.470000
 27.900000,-133.360000,-33.710000
 25.690000,-135.230000,-33.750000
 23.780000,-135.870000,-34.980000
 22.700000,-135.290000,-36.600000
 21.450000,-135.140000,-36.990000
 20.350000,-135.190000,-36.650000
 21.650000,-135.800000,-35.880000
 23.560000,-135.740000,-34.920000
 24.340000,-135.250000,-33.460000
 25.930000,-135.120000,-31.300000
 26.800000,-135.250000,-29.540000
 27.140000,-136.870000,-27.580000
 26.700000,-139.000000,-25.670000
 25.690000,-142.090000,-26.060000
 24.900000,-147.520000,-27.550000
 26.090000,-156.000000,-30.060000
 26.780000,-166.090000,-31.870000
 27.390000,-173.380000,-31.480000
 26.870000,-178.570000,-28.650000
 23.930000,-181.480000,-24.490000
 22.610000,-184.160000,-24.090000
 16.080000,-187.500000,-23.410000
 14.870000,-182.180000,-19.830000
 22.140000,-167.190000,-15.580000
 32.190000,-150.250000,-13.020000
 41.220000,-137.190000,-12.320000
 45.280000,-129.090000,-14.930000
 40.380000,-124.400000,-18.950000
 29.240000,-121.900000,-25.180000
 12.240000,-121.600000,-28.250000
 1.770000,-125.080000,-29.610000
 4.480000,-127.310000,-31.210000
 12.870000,-128.000000,-32.970000
 17.090000,-131.260000,-35.130000
 14.590000,-136.130000,-37.960000
 8.190000,-141.280000,-41.680000
 0.280000,-145.240000,-45.200000
-4.650000,-147.280000,-45.840000
-1.840000,-148.310000,-39.950000
 10.260000,-147.420000,-28.620000
 29.600000,-146.180000,-16.900000
 45.950000,-144.000000,-11.120000
 53.190000,-142.870000,-11.310000
 51.710000,-142.400000,-13.460000
 45.450000,-142.610000,-15.580000
 38.030000,-144.190000,-16.460000
 31.700000,-145.790000,-15.580000
 27.030000,-146.670000,-12.470000
 24.550000,-148.570000,-7.450000
 22.790000,-150.930000,-4.570000
 22.480000,-151.560000,-3.360000
 21.890000,-151.260000,-4.060000
 18.690000,-151.030000,-6.290000
 15.170000,-150.890000,-8.290000
 12.670000,-152.240000,-8.610000
 11.440000,-153.640000,-6.400000
 10.190000,-154.130000,-3.550000
 9.070000,-152.700000,-0.900000
 6.910000,-151.290000,-1.320000
-3.290000,-147.960000,-12.920000
-20.020000,-139.320000,-30.620000
-24.610000,-133.320000,-46.810000
-12.410000,-133.610000,-46.620000
 0.430000,-135.720000,-35.970000
 9.270000,-132.480000,-24.050000
 12.000000,-125.540000,-14.240000
 13.800000,-122.930000,-6.930000
 9.940000,-122.640000,-3.580000
 1.430000,-118.650000,-5.580000
-4.040000,-113.270000,-10.220000
-4.440000,-109.610000,-15.130000
 1.700000,-105.250000,-16.360000
 7.900000,-100.150000,-15.830000
 11.510000,-93.980000,-15.490000
 8.660000,-89.250000,-15.510000
 1.920000,-85.470000,-15.350000
-6.340000,-79.150000,-15.160000
-12.120000,-72.960000,-14.620000
-13.030000,-69.060000,-12.410000
-7.000000,-65.710000,-9.190000
 1.130000,-65.880000,-7.090000
 4.950000,-69.850000,-8.690000
 6.240000,-74.700000,-14.900000
 10.900000,-79.140000,-22.360000
 14.540000,-85.710000,-26.000000
 18.160000,-91.440000,-26.960000
 21.490000,-96.690000,-28.380000
 24.120000,-100.080000,-30.600000
 24.560000,-101.790000,-32.420000
 24.060000,-101.830000,-31.650000
 24.290000,-101.110000,-28.450000
 24.480000,-101.040000,-23.770000
 23.410000,-101.830000,-20.610000
 20.550000,-103.980000,-19.220000
 16.780000,-107.160000,-19.700000
 14.300000,-110.120000,-21.920000
 13.040000,-113.080000,-23.680000
 12.120000,-116.010000,-24.510000
 10.580000,-118.410000,-25.420000
 9.960000,-121.240000,-26.290000
 10.580000,-123.680000,-26.140000
 12.160000,-127.190000,-27.250000
 14.000000,-131.080000,-30.090000
 15.260000,-134.280000,-29.480000
 13.710000,-138.010000,-24.610000
 13.120000,-140.590000,-11.540000
 21.710000,-136.370000, 6.290000
 37.410000,-122.960000, 15.220000
 42.930000,-108.490000, 14.640000
 37.860000,-94.350000, 7.730000
 27.500000,-82.440000,-2.350000
 15.430000,-75.620000,-10.680000
 6.410000,-70.920000,-15.820000
-1.160000,-67.560000,-17.360000
-6.450000,-64.010000,-16.850000
-6.220000,-59.990000,-17.280000
 0.230000,-54.900000,-17.930000
 9.000000,-50.610000,-18.800000
 12.880000,-48.790000,-19.610000
 11.140000,-50.530000,-20.740000
 7.110000,-53.770000,-21.740000
 4.470000,-56.770000,-21.820000
 2.700000,-60.190000,-20.600000
 4.360000,-63.540000,-18.280000
 8.410000,-64.870000,-15.640000
 12.190000,-65.540000,-15.250000
 12.790000,-65.830000,-16.930000
 9.960000,-65.750000,-19.060000
 7.060000,-65.480000,-20.530000
 6.630000,-66.780000,-20.630000
 8.180000,-70.490000,-19.580000
 12.500000,-75.540000,-17.960000
 17.060000,-80.800000,-16.190000
 18.580000,-86.250000,-15.460000
 17.250000,-92.610000,-15.640000
 15.770000,-98.730000,-16.060000
 13.820000,-104.790000,-16.860000
 12.000000,-110.700000,-17.380000
 11.900000,-115.700000,-18.450000
 13.560000,-120.020000,-19.480000
 16.040000,-123.610000,-20.100000
 18.860000,-127.740000,-21.220000
 22.410000,-131.140000,-21.780000
 24.750000,-133.280000,-21.930000
 23.930000,-134.770000,-22.380000
 20.980000,-135.410000,-23.260000
 16.540000,-135.120000,-23.320000
 12.030000,-134.270000,-22.900000
 8.710000,-132.750000,-21.220000
 7.520000,-130.970000,-18.990000
 9.660000,-128.820000,-16.480000
 13.190000,-126.020000,-14.350000
 16.290000,-122.740000,-13.870000
 17.910000,-120.680000,-13.280000
 19.120000,-120.390000,-11.740000
 18.190000,-121.390000,-9.540000
 14.840000,-123.610000,-8.140000
 10.610000,-126.800000,-7.720000
 6.600000,-130.380000,-7.920000
 2.860000,-132.140000,-8.790000
-1.510000,-131.800000,-13.760000
-6.130000,-131.750000,-21.590000
-7.430000,-132.840000,-27.310000
-4.820000,-134.280000,-26.930000
-1.800000,-134.220000,-23.690000
 2.300000,-130.950000,-18.620000
 6.450000,-126.680000,-13.970000
 8.390000,-124.140000,-12.640000
 9.840000,-124.320000,-13.190000
 9.560000,-126.830000,-14.500000
 7.060000,-129.350000,-16.390000
 4.030000,-131.640000,-16.830000
 3.540000,-134.400000,-15.460000
 7.540000,-135.380000,-14.600000
 13.440000,-134.750000,-13.960000
 16.290000,-132.960000,-13.590000
 16.920000,-129.930000,-14.020000
 14.240000,-127.320000,-15.180000
 9.380000,-125.550000,-17.440000
 5.060000,-124.980000,-20.410000
 3.500000,-124.890000,-24.880000
 5.340000,-127.580000,-29.320000
 10.830000,-132.880000,-32.150000
 19.380000,-139.410000,-33.410000
 26.960000,-147.550000,-34.670000
 31.430000,-155.180000,-36.620000
 32.690000,-160.120000,-38.500000
 32.130000,-162.670000,-39.080000
 31.730000,-163.120000,-39.350000
 29.310000,-163.280000,-39.980000
 26.070000,-163.030000,-40.980000
 25.990000,-163.320000,-40.960000
 30.230000,-163.630000,-38.100000
 35.190000,-164.450000,-34.410000
 38.340000,-166.710000,-30.960000
 38.250000,-168.470000,-26.960000
 36.880000,-169.090000,-24.090000
 35.410000,-169.480000,-22.740000
 34.100000,-169.670000,-22.620000
 33.790000,-170.290000,-22.460000
 33.710000,-171.380000,-22.640000
 35.290000,-171.300000,-23.710000
 37.540000,-172.260000,-25.480000
 41.580000,-171.970000,-27.710000
 46.610000,-169.390000,-29.330000
 44.220000,-166.670000,-34.440000
 36.060000,-168.120000,-39.340000
 27.340000,-170.350000,-30.570000
 29.540000,-169.480000,-12.490000
 37.080000,-163.250000,-0.060000
 44.120000,-157.430000, 1.090000
 42.760000,-154.120000,-6.700000
 34.710000,-153.540000,-17.380000
 25.400000,-154.090000,-24.850000
 21.360000,-153.760000,-25.610000
 22.020000,-154.160000,-19.810000
 21.510000,-154.250000,-13.850000
 20.510000,-151.500000,-12.050000
 24.460000,-145.770000,-15.700000
 27.030000,-141.550000,-20.320000
 25.780000,-142.620000,-25.380000
 23.070000,-148.700000,-27.330000
 22.090000,-158.520000,-20.470000
 24.700000,-167.010000,-9.000000
 30.810000,-173.420000, 1.380000
 37.970000,-174.640000, 5.850000
 41.210000,-169.380000, 2.560000
 36.190000,-162.930000,-5.030000
 24.220000,-158.300000,-10.550000
 12.030000,-153.860000,-13.770000
 5.320000,-149.120000,-14.870000
 4.900000,-145.070000,-13.120000
 10.220000,-141.550000,-9.610000
 15.190000,-138.220000,-6.700000
 16.120000,-134.720000,-6.200000
 13.120000,-131.060000,-6.720000
 9.740000,-126.980000,-7.250000
 6.480000,-123.120000,-6.960000
 5.910000,-119.800000,-6.330000
 7.230000,-117.440000,-5.120000
 9.440000,-115.810000,-3.850000
 10.700000,-114.250000,-2.780000
 10.300000,-114.120000,-2.250000
 8.800000,-115.320000,-2.130000
 7.770000,-117.090000,-1.110000
 6.800000,-118.030000, 0.220000
 7.040000,-116.820000, 0.840000
 7.950000,-114.480000, 1.220000
 6.780000,-111.770000, 0.570000
 0.400000,-110.580000,-4.290000
-9.510000,-110.180000,-11.880000
-18.190000,-110.380000,-19.230000
-18.350000,-112.340000,-22.930000
-13.210000,-115.770000,-20.620000
-6.160000,-118.030000,-15.800000
-0.380000,-117.540000,-10.520000
-1.270000,-117.310000,-5.980000
-5.880000,-117.030000,-4.160000
-11.120000,-114.870000,-6.420000
-18.400000,-113.090000,-14.410000
-18.200000,-113.670000,-23.250000
-10.160000,-117.690000,-25.890000
-1.350000,-122.510000,-23.380000
 5.780000,-122.760000,-19.760000
 7.210000,-123.500000,-18.130000
 4.300000,-126.150000,-19.220000
 2.300000,-127.870000,-21.350000
 6.120000,-129.590000,-25.050000
 15.960000,-133.280000,-29.420000
 25.710000,-141.530000,-32.700000
 33.870000,-151.730000,-35.130000
 37.530000,-161.590000,-38.000000
 36.490000,-167.610000,-40.930000
 34.240000,-168.240000,-42.540000
 33.490000,-164.650000,-42.130000
 35.070000,-157.530000,-38.660000
 37.280000,-149.870000,-33.700000
 36.450000,-143.060000,-28.260000
 32.250000,-137.380000,-24.260000
 26.350000,-132.960000,-21.930000
 21.580000,-131.810000,-21.320000
 19.510000,-132.120000,-20.670000
 20.380000,-133.350000,-18.930000
 22.680000,-135.010000,-17.390000
 24.520000,-135.580000,-16.220000
 25.560000,-135.490000,-17.250000
 24.050000,-134.520000,-18.090000
 22.780000,-130.580000,-18.910000
 22.760000,-124.220000,-18.900000
 20.580000,-117.180000,-16.250000
 13.260000,-111.280000,-14.950000
 8.230000,-103.840000,-9.800000
 5.360000,-97.540000, 0.320000
 5.290000,-93.380000, 7.770000
 4.930000,-91.490000, 10.090000
 1.320000,-94.110000, 8.490000
-0.570000,-98.590000, 2.630000
 4.410000,-102.220000,-5.800000
 9.090000,-105.130000,-10.970000
 9.450000,-107.190000,-12.640000
 8.220000,-108.100000,-13.120000
 9.030000,-105.540000,-14.990000
 13.780000,-99.650000,-17.080000
 15.040000,-91.770000,-19.900000
 12.240000,-83.910000,-23.960000
 7.470000,-80.870000,-26.120000
 3.280000,-83.090000,-26.410000
 2.320000,-86.830000,-23.250000
 6.350000,-88.830000,-17.130000
 14.450000,-90.830000,-9.800000
 23.060000,-90.050000,-4.190000
 27.190000,-87.480000,-4.570000
 24.830000,-88.600000,-6.870000
 19.040000,-91.670000,-7.860000
 12.060000,-94.670000,-9.500000
 5.830000,-97.770000,-11.430000
 3.940000,-102.040000,-13.700000
 10.000000,-106.490000,-15.000000
 22.710000,-111.670000,-14.130000
 31.870000,-119.050000,-13.660000
 33.250000,-128.250000,-15.480000
 29.540000,-135.700000,-19.310000
 21.870000,-143.160000,-23.460000
 15.020000,-149.050000,-27.250000
 10.180000,-153.540000,-29.060000
 10.440000,-155.760000,-28.980000
 13.960000,-155.270000,-26.340000
 18.540000,-152.560000,-22.930000
 18.060000,-148.190000,-18.320000
 12.780000,-142.320000,-14.630000
 5.540000,-137.540000,-12.240000
-0.060000,-132.710000,-10.580000
-4.220000,-126.800000,-10.110000
-6.500000,-121.430000,-11.530000
-2.370000,-117.590000,-12.350000
 6.870000,-115.580000,-13.580000
 13.370000,-115.870000,-18.530000
 13.600000,-116.090000,-26.470000
 16.780000,-117.410000,-35.510000
 21.120000,-123.370000,-38.310000
 24.900000,-131.920000,-34.950000
 25.800000,-138.020000,-29.810000
 23.920000,-142.340000,-26.630000
 21.260000,-142.610000,-26.510000
 19.740000,-141.800000,-25.880000
 19.390000,-137.970000,-25.190000
 19.340000,-134.350000,-26.930000
 16.100000,-134.250000,-29.120000
 11.060000,-134.310000,-28.740000
 10.660000,-133.160000,-28.650000
 24.720000,-128.240000,-28.790000
 42.520000,-122.630000,-24.030000
 45.290000,-122.820000,-16.830000
 35.060000,-124.390000,-11.670000
 15.740000,-125.450000,-8.480000
-0.740000,-128.260000,-6.620000
-3.030000,-130.430000,-4.770000
 3.000000,-131.000000,-4.570000
 9.040000,-133.290000,-7.540000
 14.360000,-137.290000,-12.700000
 19.840000,-139.640000,-19.780000
 24.290000,-140.570000,-25.480000
 27.420000,-141.890000,-27.320000
 30.530000,-142.840000,-24.870000
 31.060000,-144.170000,-18.900000
 27.560000,-145.190000,-12.120000
 18.360000,-146.110000,-6.730000
 7.260000,-147.440000,-4.420000
-0.930000,-148.390000,-4.100000
-1.220000,-147.710000,-4.740000
 5.980000,-145.750000,-5.770000
 15.960000,-144.060000,-6.100000
 26.060000,-143.180000,-7.270000
 35.120000,-142.200000,-11.480000
 42.300000,-141.870000,-18.010000
 49.620000,-141.880000,-25.770000
 59.890000,-138.600000,-31.540000
 59.940000,-135.610000,-40.350000
 42.960000,-135.450000,-44.780000
 22.970000,-136.670000,-28.630000
 27.190000,-130.550000,-1.630000
 35.710000,-123.090000, 16.220000
 39.960000,-118.020000, 19.580000
 36.670000,-117.620000, 12.860000
 25.160000,-123.340000,-1.380000
 5.540000,-132.190000,-16.670000
-6.970000,-141.460000,-26.500000
-7.840000,-148.680000,-29.850000
 4.020000,-152.180000,-31.510000
 19.760000,-153.890000,-33.590000
 23.000000,-157.770000,-35.790000
 18.840000,-162.510000,-38.540000
 13.380000,-166.680000,-41.000000
 7.000000,-172.720000,-40.110000
 1.250000,-178.060000,-36.330000
 2.450000,-181.890000,-30.580000
 10.670000,-186.000000,-24.270000
 25.370000,-185.960000,-21.260000
 37.220000,-182.660000,-23.530000
 37.940000,-180.090000,-25.950000
 28.570000,-179.790000,-25.740000
 16.980000,-180.000000,-24.240000
 5.800000,-180.000000,-22.820000
 1.610000,-179.580000,-21.580000
 5.610000,-179.140000,-19.540000
 14.810000,-178.380000,-15.630000
 23.290000,-177.670000,-12.830000
 27.220000,-177.710000,-14.060000
 28.030000,-175.670000,-17.810000
 30.770000,-173.150000,-21.060000
 29.120000,-173.190000,-21.060000
 28.380000,-174.920000,-19.810000
 31.270000,-176.550000,-17.200000
 33.000000,-177.220000,-14.490000
 31.640000,-176.820000,-12.320000
 29.170000,-176.050000,-10.770000
 29.030000,-172.530000,-9.640000
 29.450000,-166.420000,-9.560000
 28.320000,-160.500000,-9.020000
 23.420000,-155.210000,-6.990000
 15.890000,-149.760000,-3.770000
 8.120000,-141.800000,-3.900000
-0.920000,-131.610000,-13.460000
-10.290000,-119.330000,-28.180000
-6.320000,-106.840000,-37.590000
 11.900000,-97.370000,-33.370000
 28.460000,-89.200000,-24.160000
 34.820000,-82.690000,-17.350000
 28.120000,-77.830000,-12.360000
 13.760000,-76.690000,-9.030000
 3.230000,-80.250000,-6.800000
-0.500000,-88.750000,-7.020000
-1.100000,-99.770000,-10.090000
 0.920000,-112.400000,-16.050000
-0.110000,-127.540000,-21.830000
-2.030000,-142.600000,-26.520000
-1.320000,-154.870000,-30.270000
 2.150000,-161.310000,-32.460000
 7.510000,-162.570000,-33.580000
 13.390000,-160.440000,-32.720000
 16.700000,-154.360000,-30.570000
 17.760000,-147.020000,-27.530000
 16.800000,-139.530000,-24.250000
 16.680000,-132.480000,-23.110000
 17.950000,-125.130000,-23.500000
 18.490000,-119.540000,-23.650000
 18.960000,-116.170000,-22.540000
 20.560000,-112.980000,-19.490000
 22.590000,-110.040000,-15.380000
 23.670000,-108.190000,-11.320000
 22.620000,-108.510000,-8.020000
 19.920000,-108.590000,-5.540000
 17.850000,-108.020000,-4.190000
 14.400000,-106.690000,-4.820000
 11.070000,-103.810000,-8.140000
 9.020000,-100.330000,-14.600000
 9.460000,-97.710000,-20.800000
 13.750000,-94.900000,-23.330000
 15.970000,-90.270000,-24.120000
 7.290000,-91.270000,-20.740000
 2.940000,-89.850000,-3.150000
 12.520000,-86.290000, 15.120000
 23.460000,-82.040000, 19.630000
 27.560000,-79.100000, 17.080000
 26.660000,-80.470000, 7.680000
 20.860000,-88.290000,-5.340000
 10.160000,-98.350000,-14.700000
 3.390000,-107.070000,-21.030000
 1.210000,-112.000000,-26.640000
 0.480000,-113.330000,-31.230000
 2.550000,-111.950000,-34.160000
 6.820000,-110.000000,-35.020000
 9.260000,-108.810000,-34.350000
 10.150000,-109.380000,-33.900000
 10.870000,-113.210000,-32.650000
 12.500000,-118.130000,-29.740000
 15.980000,-124.580000,-25.220000
 18.970000,-132.290000,-20.390000
 21.110000,-138.500000,-18.560000
 23.340000,-138.990000,-21.410000
 24.060000,-137.980000,-23.940000
 22.180000,-138.300000,-23.550000
 19.730000,-139.060000,-23.320000
 17.500000,-139.020000,-23.830000
 16.350000,-138.800000,-24.290000
 17.760000,-138.750000,-24.670000
 19.870000,-139.600000,-24.650000
 21.800000,-141.290000,-25.370000
 22.560000,-142.990000,-27.250000
 22.850000,-143.970000,-30.050000
 22.260000,-145.450000,-32.900000
 21.960000,-146.190000,-34.220000
 20.690000,-148.620000,-34.920000
 19.430000,-149.640000,-33.410000
 19.900000,-149.890000,-30.060000
 21.640000,-151.190000,-25.770000
 26.610000,-152.190000,-20.550000
 32.290000,-153.040000,-15.130000
 37.460000,-152.260000,-11.270000
 37.330000,-151.630000,-8.980000
 33.550000,-150.120000,-7.410000
 29.290000,-146.900000,-7.020000
 25.670000,-142.660000,-8.000000
 21.030000,-137.270000,-9.000000
 18.170000,-131.090000,-10.090000
 17.900000,-125.420000,-10.960000
 19.700000,-122.200000,-9.160000
 21.870000,-120.140000,-5.530000
 19.800000,-115.260000,-7.610000
 9.340000,-111.140000,-17.830000
 2.700000,-107.030000,-29.800000
 4.140000,-103.060000,-35.860000
 9.010000,-102.610000,-33.450000
 13.300000,-102.800000,-25.090000
 18.620000,-98.010000,-16.070000
 22.430000,-91.400000,-10.200000
 23.380000,-85.940000,-7.020000
 24.320000,-83.370000,-6.740000
 23.570000,-84.160000,-7.900000
 17.310000,-88.790000,-10.510000
 8.270000,-96.240000,-11.610000
 4.030000,-103.100000,-9.660000
 6.900000,-106.270000,-6.610000
 11.900000,-107.850000,-4.050000
 15.410000,-109.330000,-1.370000
 13.520000,-110.650000, 0.310000
 7.300000,-113.570000, 0.110000
 1.540000,-117.270000,-2.190000
-1.930000,-120.710000,-4.290000
-2.090000,-124.000000,-7.860000
 1.220000,-127.690000,-12.230000
 5.490000,-132.710000,-14.870000
 12.530000,-136.090000,-16.940000
 18.920000,-136.220000,-18.470000
 23.290000,-133.050000,-18.560000
 26.090000,-128.220000,-17.230000
 27.510000,-122.190000,-14.770000
 25.870000,-117.800000,-12.590000
 23.360000,-115.930000,-11.290000
 19.190000,-117.430000,-11.870000
 14.700000,-121.680000,-14.250000
 12.060000,-126.070000,-16.590000
 12.510000,-129.030000,-18.120000
 17.700000,-129.150000,-17.730000
 24.170000,-128.620000,-15.740000
 27.860000,-128.080000,-12.240000
 28.520000,-126.900000,-9.220000
 26.390000,-125.750000,-9.670000
 22.040000,-125.990000,-13.060000
 17.670000,-128.080000,-17.060000
 17.690000,-129.850000,-21.790000
 19.910000,-129.720000,-26.190000
 22.490000,-130.600000,-31.890000
 26.020000,-133.550000,-34.030000
 19.380000,-142.300000,-33.780000
 17.860000,-151.600000,-19.310000
 27.630000,-146.780000, 6.360000
 36.650000,-136.510000, 20.610000
 38.760000,-130.600000, 18.750000
 31.170000,-129.510000, 8.720000
 20.030000,-132.800000,-6.570000
 9.180000,-140.920000,-23.640000
 5.760000,-150.010000,-37.030000
 8.710000,-158.030000,-42.410000
 13.190000,-165.310000,-40.150000
 16.640000,-172.510000,-32.860000
 19.570000,-177.480000,-25.110000
 21.120000,-179.650000,-19.950000
 16.960000,-178.820000,-18.900000
 7.640000,-176.800000,-19.870000
 0.580000,-176.960000,-19.770000
-1.670000,-180.230000,-18.670000
 3.230000,-186.770000,-16.420000
 12.220000,-194.670000,-12.510000
 22.080000,-200.280000,-11.800000
 29.190000,-202.480000,-17.780000
 31.000000,-204.690000,-25.940000
 26.870000,-206.640000,-31.390000
 20.220000,-207.800000,-34.510000
 15.670000,-207.220000,-36.810000
 16.600000,-203.790000,-35.760000
 23.910000,-197.640000,-29.220000
 34.530000,-190.780000,-21.160000
 42.980000,-185.870000,-16.060000
 43.720000,-182.680000,-14.820000
 40.930000,-179.210000,-14.670000
 37.330000,-176.110000,-15.300000
 32.580000,-174.460000,-15.830000
 26.530000,-172.170000,-14.700000
 18.090000,-169.060000,-11.900000
 11.960000,-163.420000,-7.940000
 11.530000,-158.210000,-2.040000
 15.740000,-152.830000, 9.290000
 17.180000,-146.730000, 17.700000
 7.060000,-139.780000, 12.450000
-13.820000,-124.420000,-7.250000
-15.770000,-115.840000,-31.990000
 7.730000,-117.410000,-35.700000
 31.200000,-118.360000,-26.230000
 39.210000,-121.140000,-21.980000
 30.850000,-125.540000,-19.530000
 13.650000,-129.330000,-15.120000
-2.940000,-130.970000,-10.190000
-13.480000,-132.240000,-8.780000
-14.690000,-134.020000,-11.650000
-7.520000,-134.470000,-15.550000
 3.700000,-134.840000,-17.250000
 13.980000,-136.670000,-17.910000
 18.000000,-140.290000,-19.340000
 16.410000,-144.420000,-21.120000
 13.900000,-149.150000,-22.090000
 12.260000,-151.380000,-22.980000
 9.570000,-152.140000,-24.040000
 6.170000,-151.830000,-23.540000
 6.780000,-152.660000,-19.450000
 12.960000,-154.820000,-14.920000
 20.830000,-158.280000,-13.760000
 26.290000,-160.770000,-14.140000
 27.960000,-161.640000,-16.320000
 28.410000,-159.660000,-18.000000
 28.320000,-155.640000,-16.640000
 26.930000,-150.740000,-14.580000
 23.120000,-145.300000,-15.210000
 17.580000,-139.550000,-16.830000
 11.870000,-131.630000,-18.260000
 8.440000,-122.620000,-19.700000
 6.810000,-115.560000,-21.540000
 6.350000,-108.930000,-23.480000
 3.030000,-104.190000,-27.060000
 1.200000,-101.460000,-29.940000
 0.090000,-100.420000,-22.690000
 3.600000,-97.830000,-7.210000
 10.250000,-93.550000, 6.000000
 15.410000,-87.720000, 9.650000
 17.830000,-82.280000, 5.330000
 17.240000,-79.350000,-2.790000
 15.290000,-79.290000,-10.290000
 15.380000,-79.310000,-16.030000
 17.670000,-77.110000,-20.380000
 18.640000,-75.450000,-23.030000
 13.670000,-76.590000,-24.250000
 6.000000,-78.830000,-25.720000
 2.230000,-79.610000,-26.820000
 3.140000,-79.070000,-27.020000
 6.530000,-78.580000,-26.950000
 9.500000,-78.940000,-25.360000
 9.400000,-82.220000,-23.460000
 5.280000,-87.960000,-21.770000
-0.540000,-94.860000,-21.740000
-2.860000,-100.470000,-23.880000
 0.390000,-102.450000,-25.260000
 4.640000,-102.680000,-25.090000
 9.190000,-101.470000,-22.370000
 12.160000,-99.620000,-19.350000
 12.340000,-98.880000,-17.800000
 13.540000,-97.640000,-17.110000
 16.900000,-95.350000,-15.000000
 21.610000,-92.870000,-12.170000
 23.630000,-90.320000,-10.710000
 25.730000,-87.610000,-10.990000
 24.000000,-84.540000,-12.960000
 21.670000,-82.000000,-15.030000
 16.000000,-79.530000,-16.160000
 9.970000,-76.540000,-15.990000
 6.960000,-72.900000,-14.370000
 8.120000,-69.540000,-10.970000
 8.060000,-67.180000,-9.700000
 4.240000,-64.860000,-13.140000
 2.250000,-64.430000,-18.390000
 5.220000,-65.900000,-18.800000
 10.030000,-67.510000,-13.850000
 12.210000,-68.470000,-8.960000
 12.210000,-68.820000,-6.630000
 10.780000,-66.940000,-5.680000
 7.690000,-63.510000,-5.620000
 3.610000,-62.060000,-8.700000
-2.790000,-63.060000,-13.610000
-9.930000,-67.000000,-18.480000
-8.580000,-75.160000,-25.210000
 6.120000,-86.630000,-29.450000
 18.480000,-98.770000,-27.000000
 20.060000,-112.340000,-23.060000
 17.490000,-124.000000,-20.160000
 16.060000,-132.350000,-18.160000
 17.320000,-138.910000,-17.680000
 22.590000,-144.830000,-18.640000
 33.010000,-148.520000,-17.480000
 45.540000,-148.050000,-13.940000
 58.060000,-143.580000,-9.860000
 67.000000,-137.770000,-6.010000
 68.130000,-135.360000,-5.410000
 68.450000,-130.220000,-2.160000
 66.790000,-124.640000, 7.670000
 61.970000,-118.830000, 18.050000
 51.240000,-111.930000, 23.010000
 37.860000,-107.260000, 15.800000
 21.400000,-107.570000, 0.000000
 2.800000,-111.800000,-17.900000
-14.180000,-116.070000,-32.120000
-24.170000,-121.780000,-38.970000
-21.330000,-127.670000,-37.110000
 0.480000,-128.520000,-30.330000
 30.680000,-123.800000,-22.120000
 50.250000,-120.690000,-16.560000
 49.540000,-123.260000,-13.020000
 33.250000,-130.820000,-10.340000
 12.110000,-139.550000,-9.750000
-1.110000,-148.220000,-12.110000
-1.860000,-156.680000,-16.700000
 6.050000,-164.450000,-22.750000
 16.220000,-170.380000,-27.500000
 23.910000,-175.660000,-28.870000
 28.190000,-180.110000,-27.420000
 31.300000,-182.060000,-23.630000
 32.100000,-181.050000,-18.060000
 31.900000,-180.100000,-14.360000
 29.130000,-182.600000,-16.980000
 17.520000,-183.900000,-21.880000
 5.830000,-184.470000,-26.790000
-0.120000,-185.560000,-27.920000
-2.720000,-182.840000,-19.110000
-5.180000,-176.090000,-5.660000
-4.810000,-167.560000, 2.290000
-1.630000,-156.840000, 6.580000
 3.050000,-141.930000, 6.380000
 7.000000,-128.920000,-1.410000
 9.320000,-119.630000,-19.600000
 9.180000,-117.280000,-40.020000
 16.250000,-122.220000,-49.180000
 25.120000,-129.070000,-47.710000
 34.730000,-133.450000,-41.700000
 48.330000,-135.150000,-32.500000
 51.000000,-138.200000,-21.200000
 45.480000,-139.130000,-10.670000
 32.680000,-140.830000,-5.550000
 18.180000,-145.600000,-3.470000
 8.900000,-149.390000,-0.770000
 9.340000,-150.670000,-0.670000
 14.090000,-149.590000,-4.030000
 22.260000,-146.980000,-11.620000
 31.810000,-143.980000,-20.590000
 39.780000,-142.250000,-29.220000
 44.870000,-144.880000,-36.770000
 48.480000,-151.790000,-38.390000
 49.800000,-158.390000,-28.890000
 47.670000,-162.440000,-14.970000
 37.190000,-161.700000,-5.120000
 28.390000,-159.860000,-1.700000
 33.420000,-157.800000,-3.240000
 46.010000,-158.020000,-5.510000
 55.960000,-159.640000,-6.440000
 58.910000,-162.030000,-0.900000
 52.610000,-160.670000, 8.720000
 54.160000,-157.060000, 14.610000
 53.590000,-152.830000, 17.380000
 47.330000,-146.360000, 11.450000
 41.190000,-143.270000,-5.310000
 26.900000,-148.990000,-26.250000
 7.770000,-156.520000,-34.080000
-1.090000,-162.560000,-25.590000
 3.490000,-164.100000,-15.460000
 21.210000,-157.960000,-9.620000
 37.170000,-146.920000,-6.080000
 34.260000,-136.020000,-1.090000
 22.870000,-127.000000, 1.670000
 10.580000,-129.920000,-0.770000
 1.700000,-139.110000,-7.020000
-2.590000,-145.160000,-13.370000
-0.610000,-151.000000,-16.380000
 5.680000,-156.410000,-16.980000
 15.090000,-158.200000,-16.540000
 23.190000,-155.730000,-15.660000
 22.610000,-151.330000,-13.590000
 17.400000,-146.210000,-11.330000
 13.700000,-141.800000,-10.400000
 13.710000,-139.290000,-8.360000
 17.340000,-138.480000,-5.770000
 19.900000,-140.850000,-4.490000
 20.640000,-145.670000,-3.830000
 19.180000,-149.720000,-4.050000
 14.260000,-151.580000,-5.810000
 7.340000,-152.780000,-8.960000
 2.610000,-153.620000,-13.170000
-2.930000,-153.920000,-17.400000
-7.030000,-156.360000,-19.510000
-7.680000,-158.960000,-18.490000
-2.410000,-157.590000,-15.380000
 3.150000,-152.350000,-12.410000
 6.800000,-143.990000,-8.110000
 9.590000,-134.300000,-3.440000
 11.540000,-124.250000, 3.420000
 10.320000,-115.690000, 9.540000
 5.360000,-108.230000, 9.240000
 1.580000,-104.130000,-0.520000
-5.260000,-106.350000,-14.820000
-7.260000,-110.430000,-24.900000
-6.320000,-115.800000,-26.900000
-6.690000,-118.490000,-21.640000
-7.580000,-119.100000,-13.180000
-6.620000,-117.850000,-6.320000
-1.520000,-113.640000,-4.190000
 2.760000,-108.750000,-6.930000
 5.930000,-105.890000,-10.210000
 7.960000,-105.480000,-12.930000
 6.880000,-107.240000,-16.580000
 5.870000,-109.790000,-20.880000
 10.120000,-112.390000,-23.740000
 18.580000,-115.030000,-25.000000
 26.960000,-116.320000,-25.240000
 32.820000,-117.750000,-25.430000
 35.150000,-118.390000,-24.290000
 32.450000,-120.210000,-21.640000
 24.390000,-123.200000,-19.700000
 16.060000,-126.750000,-19.590000
 11.960000,-129.150000,-21.110000
 11.930000,-131.390000,-22.490000
 12.470000,-132.510000,-21.680000
 11.160000,-134.280000,-21.190000
 9.710000,-137.250000,-21.760000
 10.930000,-137.380000,-20.850000
 17.160000,-132.780000,-14.960000
