0.002065
0.014342
0.014864
0.014667
0.014962
0.014720
0.014995
0.014741
0.014951
0.015158
0.014449
0.014791
0.014883
0.014770
0.014869
0.014880
0.017195
0.012773
0.014565
0.014744
0.014857
0.015069
0.014681
0.016351
0.013116
0.014964
0.014796
0.014857
0.014923
0.014706
0.014924
0.015173
0.014444
0.014978
0.014518
0.014749
0.017316
0.012554
0.014718
0.014831
0.014916
0.014890
0.014800
0.014971
0.014983
0.014954
0.014389
0.017421
0.012485
0.014786
0.014823
0.014866
0.014843
0.014919
0.015598
0.015636
0.013189
0.014784
0.015169
0.014643
0.014799
0.014804
0.014965
0.014810
0.014909
0.014753
0.014720
0.014979
0.014743
0.014854
0.015412
0.014327
0.014857
0.014754
0.014833
0.014678
0.015036
0.014744
0.014812
0.014856
0.014679
0.014781
0.015014
0.014753
0.014998
0.015250
0.014819
0.014450
0.014842
0.014803
0.018260
0.011487
0.014919
0.014709
0.014911
0.014902
0.014539
0.015027
0.015021
0.014905
0.014460
0.015098
0.014794
0.014884
0.014622
0.014972
0.014858
0.014728
0.014985
0.014872
0.015282
0.016117
0.015615
0.012308
0.014784
0.014873
0.017251
0.012487
0.014724
0.014963
0.014837
0.014887
0.014747
0.015919
0.013782
0.015957
0.013824
0.014801
0.014830
0.014791
0.014806
0.014817
0.014877
0.014711
0.015216
0.014510
0.017825
0.011933
0.014799
0.015342
0.015393
0.013776
0.014869
0.014817
0.014916
0.014903
0.014801
0.014757
0.014671
0.014988
0.014720
0.015195
0.014679
0.014700
0.015053
0.014719
0.014853
0.014926
0.014857
0.015801
0.013758
0.016176
0.013444
0.015384
0.014409
0.014835
0.014898
0.014891
0.014941
0.024430
0.005074
0.014764
0.014950
0.015363
0.014231
0.016128
0.013799
0.014568
0.014793
0.014915
0.014708
0.014824
0.014959
0.014753
0.014870
0.017375
0.012307
0.014784
0.015116
0.014606
0.024517
0.005223
0.029561
0.002859
0.011990
0.014957
0.014756
0.014814
0.014783
0.015040
0.015173
0.014504
0.014777
0.014915
0.015044
0.014549
0.014874
0.014893
0.014845
0.014769
0.014985
0.014701
0.014790
0.014913
0.014815
0.015018
0.014865
0.014585
0.014847
0.015177
0.014602
0.016192
0.013598
0.017360
0.012192
0.014753
0.015005
0.014840
0.015258
0.014434
0.073971
0.007628
0.000110
0.000066
0.000059
0.007160
0.014665
0.015332
0.014525
0.014744
0.014803
0.014939
0.014702
0.014817
0.014835
0.014868
0.014998
0.014774
0.014744
0.014816
0.014938
0.014764
0.014875
0.015232
0.022761
0.006408
0.014947
0.015174
0.015407
0.013878
0.014866
0.016078
0.015755
0.012625
0.014820
0.014887
0.014812
0.014758
0.014795
0.015250
0.014476
0.014807
0.014782
0.015062
0.014658
0.015815
0.013845
0.016688
0.012882
0.014901
0.014783
0.022363
0.007645
0.014913
0.015797
0.013389
0.015341
0.014364
0.014772
0.014866
0.014981
0.014653
0.015488
0.014175
0.014848
0.015753
0.015691
0.013053
0.014806
0.014934
0.016533
0.012969
0.014862
0.014847
0.016132
0.014076
0.016812
0.012267
0.014820
0.014836
0.014966
0.016159
0.013375
0.015046
0.015781
0.015051
0.014127
0.015252
0.013763
0.014920
0.014717
0.014812
0.015932
0.013844
0.014749
0.017456
0.012255
0.015038
0.017153
0.012237
0.016933
0.012888
0.014913
0.014735
0.014884
0.014999
0.014656
0.015422
0.014146
0.014735
0.014925
0.014810
0.014766
0.014980
0.015141
0.014747
0.014522
0.014985
0.015158
0.015445
0.013717
0.015106
0.014549
0.015522
0.014126
0.014837
0.016032
0.013789
0.014652
0.014821
0.014849
0.014953
0.014855
0.014669
0.014835
0.014900
0.014713
0.014866
0.014926
0.015414
0.014043
0.014943
0.014952
0.015200
0.014362
0.014658
0.015041
0.014787
0.015236
0.014535
0.014607
0.015047
0.014734
0.014985
0.014545
0.014983
0.014861
0.014834
0.014726
0.014905
0.015011
0.014590
0.015129
0.015134
0.014175
0.015276
0.014615
0.022881
0.006618
0.024710
0.004974
0.014762
0.014872
0.015175
0.014430
0.014810
0.016288
0.013460
0.014823
0.014831
0.014715
0.014902
0.014860
0.021473
0.008121
0.027930
0.002875
0.014479
0.014057
0.016362
0.013295
0.014861
0.014908
0.014727
0.017815
0.012795
0.013978
0.014841
0.014828
0.014771
0.014991
0.015523
0.014006
0.015082
0.015402
0.014692
0.014197
0.014766
0.014823
0.014932
0.014728
0.015177
0.014490
0.019103
0.010837
0.014517
0.014850
0.016553
0.013309
0.015166
0.014828
0.014293
0.014873
0.014857
0.014882
0.014626
0.014899
0.014894
0.014779
0.015671
0.014043
0.015615
0.014118
0.014706
0.014847
0.014865
0.014747
0.014878
0.014857
0.014859
0.014634
0.015008
0.014865
0.014754
0.014829
0.014729
0.015034
0.015018
0.014515
0.014994
0.015196
0.014485
0.015085
0.014626
0.014755
0.014808
0.014909
0.014779
0.014733
0.015130
0.014718
0.016072
0.013602
0.014671
0.014973
0.014874
0.014850
0.014720
0.014821
0.015031
0.015424
0.014401
0.014379
0.015099
0.014937
0.014585
0.014881
0.014917
0.014811
0.014911
0.014744
0.014863
0.014832
0.015356
0.014589
0.014642
0.014915
0.014774
0.014585
0.014887
0.024809
0.005051
0.014807
0.014905
0.014758
0.015231
0.014752
0.014604
0.014861
0.014782
0.015079
0.014568
0.014914
0.014732
0.014830
0.014929
0.014753
0.014897
0.015248
0.015412
0.013816
0.014853
0.015096
0.014572
0.015010
0.014789
0.014846
0.014811
0.014912
0.014854
0.014777
0.014754
0.014978
0.014777
0.014927
0.014659
0.014850
0.014664
0.014961
0.014845
0.014824
0.014741
0.014961
0.014887
0.014751
0.014904
0.015617
0.014036
0.014825
0.014857
0.015345
0.014296
0.014928
0.014826
0.014758
0.014787
0.065119
0.006124
0.000180
0.000094
0.002741
0.014794
0.014962
0.014798
0.014945
0.014645
0.014888
0.014792
0.014732
0.015057
0.014798
0.015311
0.014303
0.014858
0.014865
0.014779
0.020403
0.009585
0.024252
0.005158
0.014754
0.014625
0.015015
0.014850
0.016281
0.014368
0.014411
0.014162
0.015036
0.014707
0.014772
0.014816
0.014883
0.017267
0.012191
0.014822
0.015209
0.014528
0.014957
0.014746
0.016016
0.013724
0.014833
0.014650
0.015418
0.014395
0.015502
0.014131
0.014809
0.014868
0.014646
0.014966
0.014833
0.014752
0.014983
0.014853
0.014826
0.015062
0.014511
0.014868
0.014776
0.014900
0.014683
0.014984
0.014752
0.015174
0.014418
0.014870
0.014849
0.015926
0.015166
0.013509
0.014814
0.014739
0.014855
0.014799
0.014830
0.014874
0.014794
0.014756
0.014710
0.014920
0.014943
0.014844
0.014937
0.014671
0.014895
0.014730
0.014853
0.014835
0.015298
0.014444
0.014821
0.014955
0.014928
0.014474
0.014866
0.014801
0.014732
0.015115
0.014736
0.014738
0.015277
0.014663
0.014393
0.014925
0.014847
0.014915
0.014792
0.017030
0.013688
0.013757
0.014985
0.014597
0.014898
0.015281
0.015110
0.014283
0.014638
0.015414
0.014334
0.014709
0.014717
0.014970
0.014880
0.014698
0.015008
0.014764
0.014780
0.014844
0.014852
0.014634
0.015114
0.014709
0.014884
0.014854
0.014782
0.014845
0.014948
0.014626
0.014745
0.015203
0.014624
0.014720
0.015433
0.014752
0.020012
0.012834
0.011778
0.014265
0.015140
0.014498
0.014786
0.014942
0.014925
0.014653
0.014848
0.014844
0.014718
0.014934
0.014831
0.015016
0.014679
0.014905
0.014759
0.014625
0.015129
0.014688
0.014908
0.014721
0.014944
0.014610
0.015097
0.015248
0.014340
0.015424
0.014147
0.014861
0.014808
0.014842
0.017168
0.013439
0.013994
0.014778
0.014779
0.016450
0.013524
0.014488
0.014730
0.014893
0.015795
0.013928
0.014887
0.014722
0.015032
0.014684
0.014830
0.014791
0.014804
0.014961
0.014972
0.014650
0.015337
0.014312
0.014879
0.014910
0.015251
0.014188
0.015053
0.014726
0.015304
0.014366
0.014845
0.014965
0.014734
0.014793
0.014845
0.014890
0.014822
0.024968
0.004601
0.028161
0.002624
0.015651
0.012790
0.014880
0.014947
0.014802
0.014860
0.015366
0.014249
0.014776
0.014861
0.014840
0.014717
0.015508
0.014251
0.014864
0.015048
0.014558
0.014886
0.014799
0.014750
0.014830
0.015203
0.014532
0.015140
0.014533
0.014802
0.015118
0.014690
0.014592
0.015206
0.014657
0.014894
0.014764
0.014785
0.014798
0.014980
0.014770
0.014790
0.015643
0.014886
0.014033
0.015195
0.014526
0.014714
0.014744
0.014943
0.023894
0.005764
0.027140
0.003349
0.014268
0.014491
0.014821
0.015087
0.014906
0.014623
0.014811
0.014835
0.015064
0.014989
0.014585
0.014776
0.014891
0.014923
0.014735
0.014726
0.015182
0.014567
0.014921
0.015011
0.014752
0.014741
0.014713
0.015021
0.014659
0.015007
0.015140
0.015363
0.014097
0.014798
0.014808
0.015502
0.014204
0.014822
0.014871
0.014859
0.014886
0.014766
0.014874
0.014784
0.014794
0.014886
0.014812
0.014907
0.015195
0.014411
0.015133
0.014580
0.014855
0.014675
0.017050
0.012864
0.014619
0.015088
0.014826
0.014611
0.014855
0.015574
0.014112
0.014763
0.014845
0.014816
0.014834
0.014849
0.014861
0.014830
0.014973
0.014984
0.015107
0.014586
0.014717
0.014897
0.014858
0.014812
0.014844
0.014766
0.014825
0.014906
0.015745
0.013811
0.015022
0.014872
0.016146
0.013453
0.014804
0.015003
0.014696
0.014849
0.014927
0.014840
0.014760
0.014885
0.014852
0.014997
0.014615
0.014893
0.014765
0.014906
0.014867
0.014807
0.014824
0.015101
0.014536
0.014980
0.014687
0.015091
0.014357
0.014945
0.014821
0.015386
0.014402
0.014757
0.014883
0.014672
0.014954
0.014743
0.015007
0.014624
0.014753
0.015218
0.014624
0.014837
0.014953
0.014769
0.014817
0.014632
0.016146
0.013722
0.014723
0.014861
0.014954
0.014612
0.014813
0.015009
0.014667
0.015038
0.014918
0.014753
0.015048
0.015656
0.016423
0.012221
0.015303
0.014359
0.014802
0.014845
0.015737
0.013915
0.024929
0.004535
0.028764
0.004515
0.011254
0.014916
0.014820
0.015009
0.014598
0.014796
0.014792
0.014880
0.014725
0.014913
0.014736
0.015015
0.016736
0.012856
0.014828
0.015302
0.014483
0.014635
0.015004
0.019532
0.010255
0.017230
0.012281
0.014756
0.014687
0.014984
0.014791
0.014739
0.015180
0.014639
0.014807
0.014598
0.015313
0.014379
0.016407
0.013480
0.014880
0.014896
0.014618
0.014868
0.017232
0.012396
0.014853
0.015311
0.015277
0.013731
0.015058
0.014808
0.014718
0.014707
0.015215
0.014582
0.014850
0.014958
0.014662
0.015571
0.014158
0.014899
0.014829
0.014744
0.014794
0.015289
0.014423
0.014830
0.014842
0.014915
0.014955
0.015356
0.014128
0.014800
0.014880
0.014935
0.014565
0.015054
0.014991
0.014644
0.014814
0.014816
0.014797
0.014881
0.014800
0.014835
0.014877
0.014833
0.014839
0.014628
0.014959
0.014978
0.014862
0.015093
0.014356
0.014844
0.014878
0.014747
0.014841
0.015022
0.014686
0.031306
0.002988
0.010267
0.019511
0.010128
0.015870
0.013916
0.020445
0.009826
0.014305
0.014628
0.014849
0.014864
0.014719
0.015191
0.016915
0.012356
0.014700
0.016108
0.013658
0.015379
0.014342
0.015809
0.013805
0.014877
0.014770
0.014791
0.014954
0.014718
0.014820
0.014735
0.015086
0.014746
0.014988
0.014556
0.015104
0.014470
0.014977
0.014874
0.014918
0.014848
0.014896
0.014765
0.014732
0.014853
0.014675
0.014992
0.015275
0.014677
0.014616
0.014698
0.015258
0.014404
0.014954
0.014719
0.014883
0.014854
0.014674
0.063963
0.005992
0.000232
0.000126
0.003843
0.015160
0.014908
0.014652
0.015196
0.014370
0.014988
0.014696
0.014752
0.015136
0.014384
0.014959
0.014863
0.014718
0.014981
0.014804
0.015432
0.014213
0.015134
0.015066
0.014341
0.014777
0.014728
0.015057
0.014746
0.014736
0.015565
0.016305
0.012690
0.016671
0.013280
0.014645
0.014840
0.015066
0.014628
0.014835
0.014931
0.015697
0.013808
0.014863
0.015073
0.018430
0.011033
0.015118
0.023786
0.005608
0.014807
0.015017
0.018392
0.010980
0.015033
0.014852
0.014741
0.014951
0.014789
0.014808
0.014729
0.014779
0.014845
0.015216
0.014677
0.014728
0.014921
0.014825
0.014812
0.014858
0.014829
0.015151
0.014644
0.014826
0.014808
0.015197
0.014409
0.014965
0.014728
0.014890
0.014719
0.014964
0.014821
0.014854
0.016022
0.016118
0.014387
0.012575
0.015081
0.014616
0.014961
0.019471
0.010117
0.015004
0.014631
0.014843
0.014934
0.014936
0.014970
0.014731
0.014997
0.014692
0.016823
0.012851
0.014763
0.014787
0.014961
0.014662
0.015063
0.015283
0.015056
0.014120
0.014794
0.014815
0.014844
0.014883
0.015775
0.014685
0.014276
0.015150
0.019010
0.010036
0.014884
0.014833
0.015142
0.014538
0.015650
0.014140
0.015037
0.014547
0.014912
0.014778
0.016403
0.013326
0.014703
0.015024
0.017235
0.012200
0.015043
0.014847
0.015160
0.017350
0.011968
0.014796
0.014755
0.015000
0.015104
0.016543
0.012883
0.014760
0.015627
0.014096
0.014755
0.014967
0.014705
0.015231
0.014513
0.016354
0.013276
0.014786
0.014839
0.014833
0.014800
0.014675
0.014843
0.014996
0.014728
0.015002
0.014796
0.015136
0.014573
0.017054
0.012384
0.015080
0.014761
0.014781
0.014872
0.014825
0.015609
0.013912
0.014957
0.015042
0.014489
0.014936
0.014917
0.014757
0.015010
0.014514
0.014963
0.014851
0.014902
0.014818
0.014831
0.014810
0.014742
0.014847
0.016100
0.013542
0.015231
0.014605
0.014718
0.014794
0.014814
0.014854
0.014766
0.014794
0.014839
0.014936
0.014693
0.014958
0.014836
0.014984
0.014681
0.014768
0.014813
0.017080
0.012797
0.014751
0.014739
0.014986
0.014665
0.023206
0.008562
0.013622
0.013960
0.014782
0.015017
0.015110
0.015765
0.013416
0.014758
0.014970
0.014648
0.014902
0.014828
0.014813
0.014905
0.014857
0.014781
0.014795
0.014824
0.014824
0.015386
0.050034
0.004287
0.000249
0.094949
0.000256
0.000128
0.000120
0.000113
0.000111
0.000111
0.012261
0.015430
0.103415
0.006072
0.000246
0.000124
0.000115
0.000112
0.000113
0.008516
0.014211
0.014804
0.094439
0.000261
0.000128
0.000114
0.000111
0.000116
0.008938
0.014327
0.014958
0.092761
0.005862
0.000252
0.000125
0.000116
0.000114
0.004809
0.014729
0.014921
0.092718
0.003859
0.000251
0.000127
0.000117
0.000115
0.006356
0.014939
0.014833
0.094674
0.005959
0.000250
0.000128
0.000116
0.000115
0.002937
0.014535
0.014890
0.014821
0.015150
0.014336
0.014715
0.014923
0.014846
0.014691
0.015039
0.014844
0.014691
0.014853
0.014854
0.014817
0.014695
0.015174
0.016427
0.012990
0.014818
0.014966
0.014775
0.014750
0.014873
0.015836
0.013676
0.014885
0.014997
0.014825
0.015635
0.013967
0.014858
0.015193
0.014358
0.014911
0.014836
0.014879
0.014845
0.014839
0.014899
0.015079
0.014520
0.014696
0.014972
0.014966
0.014870
0.014720
0.014831
0.066343
0.006184
0.000248
0.000130
0.002527
0.013455
0.014930
0.014822
0.014779
0.014888
0.014767
0.014848
0.014743
0.015274
0.014687
0.014667
0.023515
0.006166
0.014804
0.014794
0.014920
0.015134
0.014770
0.014462
0.014892
0.015098
0.014619
0.014934
0.014688
0.014763
0.014954
0.014805
0.014758
0.014896
0.016045
0.013665
0.020472
0.014238
0.010485
0.014112
0.014822
0.015395
0.014596
0.014375
0.014816
0.017215
0.012386
0.014876
0.014781
0.014924
0.014801
0.014876
0.014865
0.014774
0.015868
0.013904
0.014819
0.014733
0.014876
0.014837
0.018767
0.010934
0.014809
0.014840
0.014849
0.014817
0.015363
0.014331
0.014871
0.014841
0.015111
0.014560
0.014826
0.014810
0.014896
0.014803
0.014873
0.014775
0.015014
0.015104
0.014658
0.014834
0.014871
0.014757
0.014735
0.014775
0.014897
0.040615
0.002997
0.003022
0.013420
0.014543
0.014641
0.016095
0.016711
0.011594
0.014724
0.015031
0.014825
0.014832
0.014820
0.014868
0.014715
0.014775
0.014919
0.014700
0.015045
0.015242
0.014476
0.014748
0.014883
0.015358
0.014310
0.014851
0.017696
0.013358
0.013417
0.014896
0.014770
0.015224
0.014454
0.015383
0.014493
0.014712
0.014940
0.014743
0.014853
0.014803
0.014947
0.014673
0.014820
0.014880
0.014889
0.014855
0.014897
0.014767
0.015016
0.014660
0.014801
0.014826
0.014730
0.014959
0.014924
0.015666
0.015758
0.013111
0.014760
0.014857
0.014836
0.014664
0.014955
0.014827
0.014788
0.017153
0.013017
0.014228
0.015091
0.014694
0.016309
0.014153
0.014307
0.014533
0.014881
0.014766
0.014754
0.014790
0.014875
0.014839
0.014719
0.015031
0.014817
0.015004
0.014616
0.018156
0.011448
0.014835
0.014692
0.015314
0.014487
0.014929
0.014813
0.014856
0.014810
0.017075
0.012537
0.014648
0.014974
0.015444
0.014223
0.016238
0.013551
0.014881
0.015024
0.014425
0.014685
0.014894
0.014982
0.015004
0.014661
0.014809
0.014890
0.015827
0.014071
0.015457
0.013686
0.014831
0.015470
0.014397
0.014810
0.014765
0.015093
0.014964
0.018168
0.010981
0.014836
0.015105
0.014668
0.014831
0.015316
0.014302
0.014865
0.014740
0.015606
0.014112
0.014901
0.014838
0.014830
0.014806
0.016233
0.013625
0.014467
0.015214
0.014399
0.015035
0.014805
0.015280
0.014399
0.014994
0.015325
0.018746
0.010371
0.019129
0.010225
0.014986
0.014851
0.014758
0.014862
0.014754
0.015201
0.014380
0.015034
0.014768
0.014886
0.014818
0.014803
0.014884
0.014744
0.014913
0.014741
0.016563
0.013143
0.014772
0.014778
0.014936
0.014762
0.014851
0.015622
0.013970
0.014892
0.014978
0.014663
0.014918
0.014847
0.014855
0.014736
0.014828
0.014722
0.015269
0.014513
0.015004
0.014684
0.014998
0.014922
0.014686
0.014656
0.014925
0.014655
0.015016
0.014803
0.015246
0.014353
0.014868
0.014783
0.015266
0.014394
0.014972
0.014767
0.016438
0.013211
0.014961
0.016303
0.013097
0.014902
0.014806
0.015519
0.014116
0.015310
0.014410
0.014853
0.014817
0.014799
0.015475
0.015166
0.013822
0.014902
0.014707
0.014774
0.014791
0.014988
0.014930
0.014667
0.014747
0.014867
0.014902
0.014894
0.014794
0.014886
0.014840
0.017454
0.012163
0.014712
0.014984
0.014789
0.015343
0.028960
0.002904
0.012254
0.014849
0.014779
0.015144
0.014411
0.014804
0.015028
0.014747
0.014908
0.015157
0.014468
0.014792
0.014670
0.014972
0.014715
0.015499
0.014413
0.014742
0.014774
0.014798
0.014846
0.014959
0.016408
0.015896
0.011916
0.015060
0.014772
0.014809
0.015084
0.014587
0.014800
0.014914
0.014970
0.014654
0.014750
0.014873
0.014895
0.015057
0.015399
0.013961
0.015383
0.014182
0.014908
0.014937
0.015359
0.014386
0.014715
0.014853
0.036825
0.002898
0.004721
0.017456
0.012305
0.014704
0.014914
0.014873
0.014723
0.014850
0.014817
0.019353
0.010442
0.017882
0.011726
0.014820
0.014831
0.014826
0.014755
0.014855
0.016416
0.013433
0.014741
0.014930
0.015056
0.014528
0.014833
0.015002
0.014722
0.014978
0.015688
0.013875
0.014847
0.014841
0.014839
0.014771
0.015271
0.014417
0.014760
0.014783
0.015002
0.014859
0.014873
0.014843
0.014850
0.015526
0.014117
0.014791
0.014928
0.014855
0.014860
0.014822
0.014856
0.014831
0.014880
0.014728
0.014843
0.014831
0.017000
0.012752
0.014854
0.014816
0.015083
0.014503
0.015182
0.014661
0.014741
0.014775
0.014814
0.014944
0.014741
0.014913
0.016107
0.013549
0.015014
0.014835
0.014758
0.014770
0.015036
0.014743
0.015060
0.014294
0.014970
0.014797
0.014717
0.017651
0.012243
0.014835
0.014815
0.016482
0.013147
0.014845
0.014822
0.014911
0.014634
0.014980
0.015114
0.014628
0.015482
0.014113
0.014826
0.015966
0.013658
0.014992
0.016433
0.012980
0.015002
0.015076
0.014644
0.014788
0.014884
0.014583
0.015070
0.014821
0.014875
0.014775
0.014716
0.015455
0.014333
0.014792
0.014806
0.015004
0.014787
0.014896
0.014763
0.014938
0.014763
0.015793
0.013780
0.014935
0.014901
0.015269
0.014444
0.014938
0.015040
0.014490
0.016569
0.013016
0.014820
0.014941
0.014855
0.014760
0.014641
0.015326
0.014701
0.014641
0.014628
0.014980
0.016027
0.013618
0.014954
0.014766
0.014781
0.014770
0.014836
0.014725
0.015308
0.014745
0.016755
0.012507
0.015502
0.014358
0.015114
0.014499
0.014851
0.015495
0.014235
0.014809
0.014858
0.014960
0.014616
0.014858
0.015238
0.014360
0.014928
0.014730
0.015002
0.014774
0.014587
0.015063
0.014802
0.014719
0.014832
0.014845
0.014697
0.015028
0.014882
0.014745
0.014769
0.015442
0.014545
0.014596
0.014940
0.014438
0.015006
0.014912
0.014863
0.014685
0.014889
0.057985
0.000262
0.000135
0.002425
0.014534
0.013646
0.017398
0.012295
0.014856
0.014714
0.014916
0.014776
0.014719
0.015435
0.014612
0.015087
0.014298
0.014988
0.014635
0.014887
0.014655
0.014817
0.015009
0.014778
0.015109
0.014587
0.014861
0.014793
0.014808
0.014763
0.014789
0.015041
0.015173
0.014424
0.015242
0.016024
0.013418
0.014653
0.014805
0.015642
0.013922
0.015034
0.014697
0.014964
0.015325
0.014365
0.014618
0.015003
0.015392
0.014327
0.014795
0.014878
0.014741
0.014853
0.014778
0.014775
0.014823
0.014880
0.015608
0.014163
0.014730
0.014875
0.014870
0.014819
0.014751
0.014834
0.014726
0.015007
0.014820
0.014852
0.014798
0.014800
0.014835
0.016622
0.012911
0.014864
0.014900
0.014869
0.014773
0.014877
0.015302
0.014340
0.014737
0.014868
0.014791
0.014863
0.014812
0.016660
0.013160
0.014724
0.014834
0.014787
0.014622
0.014959
0.015277
0.014459
0.014870
0.014811
0.014804
0.014753
0.014820
0.014830
0.014976
0.014866
0.017247
0.012170
0.014843
0.015180
0.016370
0.013003
0.014766
0.014933
0.014752
0.014921
0.014774
0.014935
0.014814
0.014838
0.014756
0.015230
0.035204
0.002850
0.006053
0.015364
0.014408
0.014749
0.014869
0.015000
0.014610
0.014793
0.014916
0.014815
0.015124
0.014449
0.014922
0.015301
0.014311
0.014789
0.014862
0.014702
0.014985
0.014711
0.014999
0.014868
0.014805
0.014931
0.014662
0.014685
0.015040
0.015163
0.014516
0.014848
0.016053
0.013601
0.014835
0.014785
0.014899
0.014847
0.014702
0.014959
0.014705
0.014948
0.014831
0.015540
0.014044
0.014902
0.015292
0.014362
0.014739
0.014952
0.014823
0.015066
0.016289
0.013009
0.015066
0.014492
0.016305
0.013963
0.014553
0.014916
0.016131
0.013377
0.016505
0.012955
0.015139
0.014739
0.014870
0.014811
0.015003
0.014478
0.015132
0.016175
0.013203
0.016673
0.013188
0.014794
0.014854
0.014838
0.014825
0.014754
0.014816
0.014851
0.014908
0.014913
0.014822
0.015264
0.014561
0.014587
0.014834
0.014684
0.015205
0.014735
0.015112
0.014564
0.014758
0.014898
0.014918
0.014748
0.015024
0.014583
0.014927
0.014915
0.015000
0.014549
0.014903
0.015513
0.014190
0.014745
0.014827
0.014808
0.015356
0.014450
0.014833
0.014940
0.014671
0.014899
0.014837
0.014811
0.014715
0.015051
0.014987
0.014614
0.014968
0.014561
0.014807
0.014970
0.015313
0.014465
0.014882
0.016433
0.013227
0.014799
0.014883
0.014770
0.014819
0.014907
0.014981
0.014717
0.014972
0.014779
0.014695
0.014734
0.014994
0.014887
0.014690
0.014880
0.014934
0.014888
0.015315
0.014371
0.014807
0.014858
0.014766
0.014855
0.015200
0.014398
0.014895
0.014711
0.015051
0.014788
0.014851
0.014910
0.014732
0.014810
0.014901
0.014836
0.015278
0.016793
0.012316
0.023658
0.007522
0.013342
0.014787
0.014878
0.015721
0.015753
0.013223
0.014677
0.014814
0.015808
0.013915
0.014709
0.014827
0.016668
0.013193
0.014689
0.014673
0.014884
0.014849
0.014822
0.014682
0.014894
0.014905
0.014981
0.014770
0.014824
0.014889
0.014707
0.015055
0.014598
0.014868
0.016696
0.016178
0.011501
0.016337
0.014263
0.014095
0.014678
0.015947
0.013708
0.015143
0.014596
0.015123
0.014521
0.014822
0.015418
0.014189
0.021558
0.008487
0.014391
0.014962
0.015242
0.014350
0.014865
0.014762
0.014834
0.014853
0.062110
0.006399
0.000264
0.000138
0.005416
0.014731
0.014836
0.014784
0.014798
0.014675
0.014947
0.014921
0.014837
0.014823
0.014714
0.015182
0.014963
0.014333
0.014733
0.014914
0.014958
0.014827
0.014738
0.015365
0.014390
0.014760
0.018210
0.011585
0.015238
0.014359
0.014855
0.014720
0.014966
0.015066
0.014433
0.015480
0.014303
0.014822
0.014870
0.014842
0.017422
0.012222
0.014760
0.015236
0.014408
0.014872
0.014841
0.016299
0.013428
0.014757
0.014929
0.015016
0.014905
0.014516
0.014742
0.014842
0.015094
0.014610
0.015187
0.014533
0.014860
0.015262
0.014292
0.014823
0.014873
0.014987
0.014578
0.014950
0.014810
0.014724
0.014816
0.015051
0.014477
0.014979
0.014836
0.014846
0.014714
0.014914
0.014849
0.014754
0.014850
0.015498
0.014221
0.015622
0.014031
0.015799
0.013866
0.014822
0.014870
0.014725
0.014915
0.014910
0.014875
0.014478
0.023998
0.006605
0.014000
0.014925
0.015059
0.014498
0.014730
0.015043
0.014779
0.014735
0.014813
0.015946
0.014230
0.015326
0.013804
0.014806
0.014879
0.014904
0.014738
0.014904
0.014888
0.014909
0.014698
0.014755
0.014781
0.015250
0.014893
0.014535
0.014862
0.016030
0.013667
0.014735
0.014836
0.014704
0.015018
0.014866
0.014743
0.014887
0.014756
0.014758
0.018223
0.011488
0.014673
0.015139
0.014628
0.015107
0.014656
0.014766
0.014849
0.015403
0.014206
0.014946
0.014683
0.014819
0.014922
0.014750
0.014894
0.014833
0.014784
0.017791
0.011750
0.015029
0.015216
0.014319
0.015059
0.014703
0.014828
0.014884
0.014726
0.014728
0.014989
0.014785
0.014831
0.014877
0.014780
0.015068
0.015134
0.014317
0.014688
0.014998
0.014738
0.014888
0.014873
0.015043
0.014535
0.014695
0.015625
0.014046
0.014877
0.014931
0.016028
0.016610
0.011945
0.015265
0.014294
0.014854
0.015244
0.014494
0.016616
0.013117
0.014863
0.014743
0.014772
0.015325
0.014434
0.014699
0.015120
0.015156
0.014469
0.014839
0.014894
0.014697
0.014881
0.014837
0.014849
0.014888
0.014845
0.014762
0.014961
0.018567
0.011054
0.017323
0.012334
0.014999
0.014794
0.015105
0.014604
0.015333
0.014816
0.014259
0.014847
0.014870
0.015344
0.014360
0.014814
0.014922
0.014857
0.014822
0.014781
0.014696
0.015073
0.014734
0.015046
0.015538
0.014130
0.014800
0.015054
0.014543
0.014908
0.014822
0.014746
0.014981
0.014761
0.018796
0.010933
0.015133
0.014482
0.014864
0.014806
0.014831
0.017714
0.011984
0.014894
0.015241
0.014539
0.014764
0.014787
0.016305
0.013281
0.014778
0.014961
0.014909
0.015036
0.014627
0.015035
0.014640
0.014758
0.014881
0.014674
0.015046
0.015262
0.014554
0.014563
0.014720
0.014913
0.014794
0.014833
0.014949
0.014849
0.014919
0.014784
0.014891
0.015292
0.014406
0.014731
0.014755
0.014723
0.015204
0.014651
0.014696
0.014934
0.015039
0.014660
0.014821
0.014772
0.014675
0.014986
0.015048
0.014610
0.017289
0.012535
0.014613
0.014913
0.014914
0.014600
0.014935
0.014777
0.015027
0.014795
0.014774
0.014527
0.015023
0.014857
0.014852
0.014909
0.014815
0.014746
0.015151
0.014608
0.014791
0.014837
0.014746
0.014887
0.014850
0.014837
0.014792
0.017080
0.012709
0.015102
0.014422
0.015209
0.014380
0.014921
0.015620
0.013995
0.014952
0.014669
0.014836
0.014763
0.014843
0.014817
0.014946
0.014728
0.014948
0.014828
0.014765
0.014941
0.014827
0.014770
0.015211
0.014552
0.014806
0.014844
0.014740
0.014808
0.014881
0.014902
0.015282
0.014191
0.014763
0.016460
0.013688
0.014588
0.014715
0.014704
0.014993
0.014988
0.014955
0.014353
0.014981
0.014719
0.014981
0.014790
0.014838
0.014844
0.014610
0.014944
0.014855
0.014921
0.014773
0.014720
0.014861
0.014925
0.015306
0.014245
0.014854
0.014839
0.014759
0.015009
0.014807
0.015026
0.014636
0.014868
0.014711
0.014852
0.020012
0.009721
0.014718
0.015310
0.014451
0.014820
0.014714
0.016304
0.015533
0.012691
0.014913
0.014763
0.015049
0.017435
0.011860
0.015352
0.014459
0.014809
0.015760
0.013978
0.014799
0.014829
0.015583
0.014075
0.014912
0.014715
0.014768
0.014769
0.015001
0.014935
0.014674
0.014835
0.015359
0.014308
0.014774
0.014819
0.014838
0.015362
0.014396
0.015392
0.014286
0.014902
0.014693
0.014748
0.014870
0.014887
0.014902
0.014796
0.014725
0.014832
0.014830
0.015450
0.014214
0.014853
0.015019
0.014577
0.014854
0.014881
0.015272
0.014410
0.015127
0.014453
0.014904
0.014692
0.014872
0.014990
0.014810
0.014858
0.014842
0.014901
0.014828
0.014703
0.014916
0.014664
0.014842
0.014991
0.014835
0.014742
0.014901
0.015148
0.014633
0.015785
0.013812
0.015793
0.017199
0.011485
0.014833
0.014688
0.014875
0.014758
0.014749
0.015005
0.014722
0.014926
0.014850
0.015219
0.014326
0.014836
0.014748
0.014894
0.014732
0.015064
0.014801
0.014625
0.015047
0.014824
0.014642
0.015525
0.014257
0.014962
0.014992
0.014637
0.014836
0.014877
0.014717
0.014828
0.015032
0.014526
0.015001
0.014884
0.014777
0.015127
0.014340
0.015031
0.015200
0.014403
0.015997
0.013581
0.015136
0.014694
0.014619
0.014974
0.014983
0.014721
0.014703
0.015025
0.015106
0.016495
0.013286
0.014418
0.016215
0.014755
0.013696
0.014726
0.014796
0.017412
0.012121
0.014875
0.015045
0.014683
0.014952
0.014762
0.016140
0.013762
0.014546
0.015058
0.014717
0.014766
0.014747
0.014925
0.014801
0.014832
0.014821
0.014851
0.014833
0.014843
0.015022
0.014737
0.015015
0.014960
0.014597
0.014785
0.014978
0.014827
0.014943
0.014784
0.015086
0.014530
0.014957
0.016737
0.012814
0.014794
0.014893
0.014856
0.014932
0.058597
0.000270
0.000144
0.002549
0.013295
0.014009
0.014760
0.015002
0.015288
0.014388
0.014890
0.014715
0.014927
0.014665
0.014894
0.014882
0.014876
0.014868
0.014808
0.014841
0.015125
0.014570
0.014719
0.014855
0.014794
0.014937
0.014761
0.015030
0.014617
0.014736
0.014948
0.014877
0.015567
0.014361
0.015537
0.013742
0.016830
0.013096
0.014669
0.014760
0.014973
0.014711
0.014942
0.014946
0.014854
0.015147
0.014511
0.014777
0.014831
0.015181
0.014535
0.014819
0.014907
0.014589
0.014858
0.014943
0.014907
0.014959
0.014874
0.014757
0.014680
0.015655
0.014155
0.014899
0.014807
0.014814
0.015371
0.014239
0.014964
0.015884
0.014341
0.014223
0.014811
0.014850
0.015131
0.014595
0.014657
0.014845
0.014810
0.017617
0.012101
0.015597
0.014099
0.014744
0.014894
0.014842
0.015286
0.014164
0.015055
0.014829
0.014805
0.014861
0.014791
0.014748
0.014855
0.016132
0.019245
0.009190
0.018333
0.011241
0.014818
0.015002
0.014632
0.014860
0.014705
0.014838
0.015031
0.015066
0.014701
0.014621
0.015130
0.014573
0.014768
0.014861
0.014691
0.015349
0.014456
0.014736
0.014762
0.015249
0.014612
0.014506
0.015014
0.014711
0.015230
0.014681
0.014738
0.014820
0.015020
0.015090
0.014397
0.014762
0.014718
0.015102
0.014700
0.014957
0.014693
0.014930
0.014797
0.014840
0.014619
0.014967
0.014849
0.014904
0.015414
0.014236
0.014790
0.014791
0.014900
0.014758
0.014835
0.014719
0.015005
0.015023
0.014633
0.014819
0.014840
0.015345
0.014616
0.014438
0.014804
0.014913
0.015255
0.014273
0.014969
0.014964
0.014679
0.014769
0.014813
0.015407
0.014549
0.014628
0.014756
0.014899
0.014775
0.014927
0.014738
0.016221
0.013345
0.015021
0.014815
0.016135
0.013709
0.014636
0.014868
0.014845
0.014665
0.014758
0.014803
0.014862
0.015430
0.014445
0.014824
0.014762
0.014965
0.015099
0.014391
0.014892
0.014901
0.014814
0.014857
0.014724
0.014791
0.015065
0.014663
0.014730
0.015476
0.014491
0.014709
0.014728
0.014900
0.014945
0.014705
0.014664
0.014896
0.015502
0.014150
0.014905
0.014812
0.015170
0.014534
0.014910
0.014607
0.015089
0.014802
0.014760
0.016073
0.013567
0.014835
0.014803
0.014669
0.014921
0.014774
0.015005
0.014776
0.014854
0.014834
0.014812
0.014637
0.014920
0.014841
0.014670
0.015050
0.014827
0.014772
0.014825
0.014896
0.014782
0.015255
0.014404
0.014877
0.014897
0.014761
0.014864
0.014912
0.014628
0.014974
0.014830
0.015661
0.014147
0.015058
0.014700
0.014687
0.014819
0.014857
0.014731
0.014794
0.014762
0.014890
0.015002
0.014751
0.014746
0.014922
0.014816
0.014780
0.014792
0.014856
0.015171
0.014522
0.015360
0.014266
0.015041
0.014640
0.014821
0.014844
0.014845
0.014832
0.014749
0.014958
0.015373
0.014332
0.014785
0.014747
0.014832
0.014900
0.014783
0.014705
0.015018
0.014807
0.014851
0.014840
0.014855
0.015012
0.014861
0.014554
0.014695
0.015244
0.014677
0.014704
0.014932
0.014695
0.014903
0.014809
0.014712
0.014839
0.015071
0.014545
0.015243
0.016358
0.015792
0.012095
0.014819
0.015203
0.014297
0.015811
0.013908
0.016051
0.013886
0.014709
0.014869
0.014835
0.014744
0.014966
0.015681
0.014310
0.014692
0.014556
0.015031
0.014751
0.014977
0.014617
0.014948
0.014929
0.014714
0.014933
0.014749
0.057208
0.006474
0.000278
0.000149
0.010229
0.015084
0.015138
0.014591
0.014529
0.015724
0.013927
0.014860
0.015195
0.014717
0.014549
0.014934
0.014872
0.014773
0.014806
0.014828
0.014797
0.014872
0.014853
0.014808
0.014948
0.015125
0.014541
0.014853
0.014896
0.015151
0.014266
0.015019
0.014618
0.015024
0.014861
0.014873
0.014833
0.015230
0.014357
0.014834
0.014769
0.016576
0.015640
0.012447
0.014656
0.014768
0.015018
0.014821
0.014893
0.015981
0.013555
0.014922
0.015077
0.014960
0.014719
0.014609
0.014922
0.014665
0.015220
0.014497
0.014840
0.014971
0.014837
0.014858
0.014856
0.014688
0.014943
0.014619
0.014964
0.014914
0.014803
0.014799
0.015018
0.014752
0.014779
0.014822
0.014913
0.014733
0.015364
0.014350
0.014743
0.015062
0.014717
0.015349
0.014124
0.014872
0.014814
0.015214
0.014530
0.014973
0.015344
0.014355
0.014804
0.014636
0.015717
0.014009
0.014801
0.014960
0.014769
0.014973
0.014859
0.014748
0.014924
0.014849
0.015533
0.014120
0.014811
0.015026
0.014657
0.014796
0.014841
0.014822
0.014865
0.014835
0.015459
0.014306
0.014793
0.014926
0.014604
0.015273
0.014404
0.014890
0.014791
0.015314
0.016437
0.012881
0.014658
0.014941
0.014706
0.014848
0.014801
0.014820
0.014759
0.014899
0.014868
0.014834
0.015757
0.013958
0.014792
0.014713
0.014893
0.014671
0.015021
0.014832
0.014869
0.014766
0.014661
0.015119
0.014635
0.015438
0.014156
0.015039
0.015360
0.014316
0.014723
0.014857
0.016559
0.013105
0.014682
0.014946
0.014821
0.014809
0.014882
0.016202
0.013429
0.014687
0.014945
0.016372
0.013161
0.015527
0.014597
0.014565
0.014821
0.014738
0.014895
0.014833
0.014817
0.014718
0.015008
0.014742
0.014931
0.015120
0.015983
0.013257
0.014847
0.014727
0.014894
0.017540
0.012195
0.015908
0.013751
0.014782
0.014792
0.014813
0.015164
0.016108
0.013522
0.014621
0.015295
0.014173
0.014914
0.014825
0.014826
0.014758
0.014912
0.014956
0.014763
0.014835
0.014772
0.014874
0.015516
0.014089
0.014740
0.014943
0.014838
0.014819
0.014819
0.016705
0.013163
0.014671
0.014756
0.014871
0.014813
0.014917
0.014773
0.014856
0.014821
0.016373
0.013300
0.015047
0.014447
0.014918
0.017012
0.012754
0.014891
0.014716
0.015718
0.016258
0.012409
0.014858
0.015149
0.014611
0.014882
0.014839
0.015686
0.014554
0.014181
0.014873
0.014785
0.014710
0.015050
0.014747
0.015280
0.014463
0.014853
0.014818
0.014766
0.014841
0.014806
0.014775
0.014825
0.015038
0.014713
0.016496
0.013171
0.014758
0.014803
0.014874
0.014723
0.015251
0.014968
0.014527
0.014760
0.014608
0.015036
0.014768
0.014798
0.014730
0.014984
0.014877
0.014774
0.015286
0.014409
0.014771
0.014883
0.015297
0.014199
0.015336
0.014476
0.014795
0.014827
0.014840
0.014754
0.014848
0.014811
0.015033
0.016369
0.014699
0.013459
0.014713
0.014758
0.014838
0.014886
0.014812
0.014749
0.015021
0.014740
0.015216
0.014496
0.014798
0.014828
0.014845
0.014809
0.014862
0.015203
0.014499
0.014819
0.014965
0.014646
0.014806
0.014965
0.014733
0.014804
0.015672
0.013916
0.015002
0.015115
0.014436
0.014890
0.014830
0.014636
0.015106
0.017164
0.012467
0.014733
0.014941
0.014806
0.014747
0.014854
0.015918
0.013789
0.015435
0.014250
0.015234
0.014412
0.014764
0.014957
0.014603
0.014983
0.014825
0.021147
0.008997
0.014435
0.014756
0.014928
0.014931
0.014680
0.014687
0.014941
0.014941
0.014965
0.014647
0.014890
0.014843
0.014756
0.014808
0.014907
0.014813
0.014936
0.014723
0.014790
0.014858
0.014979
0.014529
0.015156
0.014605
0.014959
0.016669
0.013019
0.014936
0.014829
0.014638
0.016154
0.013655
0.015197
0.014539
0.014813
0.014895
0.014831
0.014914
0.014751
0.014729
0.014841
0.014814
0.014868
0.014672
0.015449
0.014435
0.015030
0.016204
0.013227
0.017453
0.012394
0.014699
0.014764
0.014895
0.014883
0.014872
0.016031
0.013602
0.014858
0.015259
0.014274
0.014979
0.014928
0.014830
0.014805
0.014825
0.015185
0.014454
0.014862
0.014846
0.014798
0.014844
0.014893
0.014763
0.014946
0.014711
0.014835
0.014811
0.014725
0.014987
0.014846
0.014694
0.015018
0.016687
0.012959
0.015198
0.014504
0.014797
0.015558
0.014284
0.014901
0.014727
0.014672
0.015233
0.014607
0.015260
0.014241
0.015055
0.014765
0.014908
0.014884
0.015135
0.014470
0.014814
0.014788
0.014746
0.014982
0.014734
0.014895
