 88.630000,-250.130000, 44.090000
 91.530000,-239.380000, 47.640000
 80.770000,-225.880000, 47.470000
 61.560000,-215.830000, 44.620000
 36.720000,-205.600000, 40.440000
 14.800000,-196.840000, 37.470000
 1.210000,-188.060000, 34.490000
-7.250000,-182.030000, 29.850000
-9.790000,-176.990000, 25.330000
-5.330000,-173.480000, 21.080000
 6.480000,-171.770000, 21.190000
 21.350000,-171.890000, 26.900000
 43.740000,-172.970000, 35.640000
 70.520000,-174.430000, 40.190000
 84.280000,-172.290000, 35.370000
 79.700000,-165.910000, 20.960000
 50.200000,-165.580000,-2.800000
 10.630000,-174.250000,-17.000000
-10.120000,-176.060000,-15.920000
-12.120000,-181.740000, 1.210000
-2.300000,-187.720000, 25.960000
 9.730000,-180.710000, 44.210000
 8.410000,-164.150000, 50.540000
 2.280000,-149.320000, 47.920000
 1.750000,-133.340000, 42.550000
 6.590000,-117.640000, 37.570000
 7.510000,-105.380000, 31.510000
 6.720000,-99.170000, 20.410000
 7.510000,-98.370000, 8.120000
 15.610000,-100.280000,-1.590000
 25.400000,-104.410000,-6.700000
 32.420000,-109.420000,-5.590000
 34.740000,-113.480000, 1.630000
 32.110000,-114.390000, 12.000000
 25.220000,-112.170000, 20.480000
 19.640000,-106.880000, 23.270000
 13.780000,-100.230000, 20.640000
 6.080000,-94.090000, 13.300000
 0.920000,-88.840000, 2.800000
-0.560000,-84.420000,-7.000000
-0.640000,-80.980000,-14.120000
-3.210000,-78.160000,-19.180000
-9.290000,-76.130000,-23.280000
-19.080000,-72.620000,-26.190000
-27.720000,-69.590000,-27.410000
-32.240000,-66.460000,-24.220000
-30.290000,-61.430000,-15.320000
-22.920000,-54.320000,-4.470000
-2.670000,-42.900000, 2.090000
 18.580000,-29.740000, 4.060000
 26.750000,-18.470000, 7.090000
 21.230000,-11.620000, 9.260000
 8.950000,-7.430000, 8.470000
-2.450000,-4.330000, 6.590000
-11.870000,-2.560000, 6.140000
-18.900000,-0.510000, 6.270000
-20.860000, 1.140000, 5.220000
-16.290000, 2.440000, 2.340000
-8.030000, 3.990000,-1.830000
-1.090000, 5.250000,-4.720000
 2.750000, 7.130000,-5.630000
 3.770000, 9.830000,-5.220000
 1.320000, 11.770000,-5.590000
-4.870000, 11.550000,-6.900000
-12.010000, 7.960000,-8.350000
-16.670000, 0.090000,-10.290000
-14.450000,-8.830000,-13.590000
-8.900000,-19.120000,-17.610000
-2.900000,-30.740000,-20.240000
 5.320000,-42.470000,-19.000000
 12.650000,-52.830000,-15.030000
 19.930000,-62.090000,-11.870000
 27.540000,-70.960000,-11.310000
 36.800000,-80.080000,-14.390000
 48.630000,-87.740000,-19.100000
 63.640000,-95.860000,-23.130000
 78.900000,-101.120000,-23.800000
 86.720000,-105.190000,-20.770000
 85.120000,-108.830000,-16.450000
 75.580000,-113.130000,-13.040000
 61.190000,-117.700000,-11.540000
 46.760000,-120.910000,-12.030000
 37.810000,-122.720000,-14.060000
 33.120000,-125.170000,-14.350000
 29.060000,-129.390000,-10.570000
 25.430000,-135.640000,-1.510000
 23.830000,-142.970000, 9.670000
 24.560000,-148.310000, 19.710000
 27.150000,-152.730000, 27.030000
 30.920000,-155.330000, 33.340000
 37.320000,-157.710000, 37.660000
 45.840000,-160.400000, 38.560000
 55.850000,-162.730000, 36.700000
 61.930000,-165.540000, 33.140000
 60.800000,-169.410000, 28.280000
 57.910000,-173.000000, 24.250000
 53.880000,-177.240000, 23.080000
 48.030000,-181.590000, 25.930000
 43.960000,-185.940000, 30.700000
 39.750000,-189.320000, 35.870000
 37.320000,-192.190000, 40.110000
 36.220000,-194.960000, 44.780000
 33.960000,-197.570000, 48.160000
 31.140000,-199.500000, 48.040000
 26.740000,-199.630000, 45.660000
 21.140000,-196.090000, 41.380000
 12.550000,-190.260000, 35.380000
 1.510000,-184.270000, 26.320000
-11.200000,-177.920000, 13.480000
-31.600000,-172.060000,-4.550000
-45.720000,-173.460000,-19.640000
-42.220000,-177.540000,-23.310000
-21.180000,-181.450000,-16.870000
 15.530000,-183.930000,-4.740000
 44.420000,-183.720000, 7.310000
 52.230000,-183.040000, 15.190000
 48.170000,-180.750000, 20.600000
 38.110000,-176.700000, 21.240000
 28.410000,-170.880000, 18.160000
 22.090000,-166.420000, 13.930000
 18.790000,-168.180000, 10.250000
 18.740000,-177.240000, 6.800000
 21.460000,-190.500000, 2.030000
 27.810000,-204.210000,-2.260000
 36.000000,-216.510000,-4.290000
 43.450000,-225.990000,-5.310000
 46.370000,-233.960000,-6.390000
 44.540000,-239.820000,-7.180000
 39.700000,-243.300000,-7.650000
 37.290000,-243.340000,-7.840000
 40.400000,-240.450000,-8.170000
 47.510000,-236.530000,-7.620000
 54.770000,-233.710000,-5.790000
 59.190000,-232.360000,-3.240000
 60.500000,-232.540000, 0.410000
 58.450000,-233.220000, 3.600000
 54.800000,-233.760000, 5.780000
 50.800000,-235.350000, 7.170000
 47.000000,-237.110000, 9.160000
 44.080000,-239.290000, 11.880000
 43.850000,-241.720000, 14.410000
 45.460000,-244.240000, 16.710000
 47.640000,-246.270000, 16.610000
 49.670000,-247.450000, 13.300000
 49.060000,-249.440000, 4.830000
 47.770000,-250.130000,-7.320000
 48.370000,-250.130000,-20.220000
 54.230000,-250.130000,-30.240000
 58.310000,-250.130000,-33.050000
 63.110000,-250.130000,-25.390000
 79.280000,-250.130000,-8.130000
 103.890000,-250.130000, 10.850000
 112.700000,-240.880000, 22.230000
 102.580000,-232.320000, 24.450000
 87.720000,-226.670000, 21.900000
 72.060000,-226.610000, 19.890000
 57.330000,-231.900000, 20.490000
 41.450000,-242.190000, 21.550000
 22.410000,-250.130000, 17.240000
 2.950000,-250.130000, 11.110000
-2.320000,-250.130000, 8.240000
 13.070000,-250.130000, 11.710000
 38.990000,-250.130000, 20.360000
 60.520000,-250.130000, 29.000000
 77.910000,-250.130000, 32.680000
 87.000000,-235.440000, 31.860000
 83.570000,-214.540000, 29.810000
 64.260000,-192.730000, 30.090000
 36.690000,-170.790000, 32.320000
 12.380000,-150.470000, 34.460000
-0.490000,-132.940000, 31.920000
-5.740000,-119.590000, 23.890000
-11.330000,-112.250000, 13.760000
-11.800000,-108.770000, 3.740000
-5.560000,-107.180000,-4.560000
 5.360000,-109.410000,-7.360000
 16.850000,-115.470000,-3.660000
 28.080000,-123.610000, 4.250000
 40.280000,-130.160000, 12.930000
 51.540000,-132.700000, 21.980000
 61.800000,-133.090000, 29.700000
 69.860000,-130.530000, 36.180000
 68.360000,-128.890000, 41.370000
 56.860000,-126.260000, 41.690000
 30.980000,-132.990000, 30.580000
-3.280000,-144.310000, 12.740000
-33.970000,-149.290000,-5.640000
-44.140000,-151.040000,-12.280000
-34.730000,-149.060000,-6.830000
-19.380000,-139.900000, 1.510000
-9.250000,-127.740000, 7.340000
-0.490000,-114.010000, 12.480000
 10.740000,-97.700000, 17.800000
 21.290000,-83.570000, 20.760000
 26.470000,-73.830000, 21.060000
 26.610000,-67.880000, 17.570000
 25.670000,-67.470000, 9.820000
 24.440000,-72.540000,-0.560000
 24.360000,-80.450000,-9.000000
 26.800000,-89.530000,-12.090000
 27.480000,-94.720000,-10.930000
 22.610000,-97.050000,-5.990000
 12.390000,-96.410000, 0.800000
 2.630000,-93.550000, 6.630000
-2.640000,-89.210000, 9.380000
-5.100000,-83.460000, 7.740000
-5.080000,-75.740000, 1.570000
-2.000000,-66.900000,-5.970000
 0.590000,-58.050000,-12.570000
 0.130000,-50.220000,-17.570000
-2.730000,-43.130000,-21.280000
-6.960000,-36.830000,-24.050000
-11.810000,-31.290000,-26.250000
-15.470000,-27.120000,-27.270000
-16.460000,-24.620000,-25.060000
-13.340000,-22.160000,-17.430000
-10.320000,-20.900000,-5.970000
-8.720000,-19.780000, 3.510000
-9.250000,-16.960000, 9.740000
-8.830000,-9.990000, 13.070000
-8.170000,-1.150000, 14.160000
-7.920000, 6.340000, 13.880000
-5.660000, 12.580000, 13.770000
-0.680000, 16.640000, 13.660000
 3.460000, 18.570000, 13.850000
 7.050000, 18.640000, 14.050000
 9.380000, 17.820000, 13.410000
 9.670000, 16.990000, 10.960000
 7.140000, 16.380000, 6.930000
 2.280000, 16.350000, 2.860000
-4.230000, 17.700000, 0.060000
-12.060000, 20.330000,-1.190000
-20.010000, 24.390000,-1.170000
-26.570000, 28.620000, 0.090000
-30.640000, 32.200000, 2.200000
-32.420000, 34.790000, 4.830000
-30.770000, 35.760000, 6.060000
-25.830000, 34.700000, 4.530000
-19.840000, 31.380000, 0.830000
-16.580000, 25.150000,-2.990000
-14.820000, 16.610000,-6.520000
-11.450000, 6.610000,-10.500000
-5.500000,-4.790000,-13.080000
-0.850000,-18.230000,-13.580000
 4.380000,-33.060000,-12.160000
 11.020000,-48.670000,-9.320000
 17.840000,-63.800000,-6.600000
 24.670000,-78.160000,-5.220000
 33.540000,-91.080000,-5.400000
 42.300000,-102.960000,-6.710000
 52.380000,-112.790000,-8.310000
 65.000000,-122.250000,-10.830000
 80.690000,-129.200000,-14.780000
 92.710000,-135.160000,-17.640000
 97.320000,-141.850000,-17.920000
 90.370000,-149.000000,-16.460000
 77.110000,-155.870000,-15.850000
 61.190000,-160.130000,-16.410000
 50.510000,-160.610000,-18.190000
 46.800000,-157.120000,-19.720000
 49.690000,-150.650000,-19.220000
 51.990000,-145.460000,-15.660000
 50.130000,-142.160000,-8.760000
 44.620000,-140.830000, 0.450000
 37.060000,-139.840000, 9.840000
 30.360000,-138.160000, 16.610000
 27.970000,-135.250000, 20.810000
 29.350000,-131.780000, 24.630000
 34.060000,-128.610000, 28.670000
 40.820000,-126.940000, 31.370000
 47.820000,-127.580000, 33.190000
 54.350000,-129.010000, 33.620000
 57.610000,-131.870000, 32.810000
 55.140000,-134.980000, 30.880000
 49.640000,-137.730000, 28.110000
 43.240000,-141.890000, 24.380000
 40.060000,-146.420000, 22.550000
 42.020000,-152.310000, 23.120000
 46.510000,-158.770000, 26.470000
 49.930000,-164.690000, 31.380000
 46.620000,-170.210000, 34.290000
 36.320000,-174.570000, 34.650000
 25.950000,-177.010000, 32.120000
 18.700000,-174.780000, 26.170000
 17.120000,-172.370000, 21.250000
 17.300000,-167.790000, 17.610000
 18.480000,-161.670000, 15.660000
 19.770000,-152.670000, 15.540000
 17.860000,-143.810000, 16.800000
 13.760000,-137.650000, 17.840000
 7.160000,-132.070000, 16.700000
-5.160000,-128.500000, 13.220000
-15.120000,-130.410000, 8.050000
-12.130000,-139.320000, 5.410000
 3.580000,-149.330000, 6.370000
 18.810000,-159.610000, 11.170000
 22.220000,-169.630000, 19.400000
 12.600000,-177.640000, 25.610000
-0.480000,-183.120000, 25.770000
-5.540000,-185.840000, 19.250000
 0.700000,-188.200000, 11.380000
 15.580000,-192.800000, 8.410000
 27.500000,-200.790000, 7.640000
 28.850000,-212.780000, 5.870000
 25.940000,-226.340000, 2.930000
 26.250000,-238.770000,-0.190000
 33.020000,-248.430000,-1.640000
 41.840000,-250.130000, 0.190000
 49.520000,-250.130000, 6.700000
 52.610000,-250.130000, 14.420000
 52.690000,-250.130000, 20.220000
 51.940000,-250.130000, 20.800000
 50.330000,-250.130000, 16.640000
 49.390000,-250.130000, 11.580000
 46.640000,-250.130000, 7.350000
 43.030000,-250.130000, 5.130000
 42.020000,-250.130000, 5.140000
 43.100000,-250.130000, 5.360000
 42.750000,-250.130000, 4.410000
 41.080000,-250.130000, 2.400000
 38.160000,-250.130000,-0.540000
 33.870000,-250.130000,-7.230000
 29.340000,-250.130000,-18.740000
 23.820000,-250.130000,-29.620000
 17.780000,-250.130000,-33.590000
 13.580000,-250.130000,-26.310000
 31.160000,-250.130000,-7.870000
 78.930000,-250.130000, 18.020000
 123.140000,-250.130000, 30.360000
 143.290000,-232.790000, 22.640000
 130.140000,-211.490000, 3.380000
 96.460000,-198.140000,-13.460000
 60.510000,-192.610000,-18.950000
 30.370000,-198.670000,-17.800000
 8.910000,-205.870000,-14.790000
-2.220000,-208.660000,-10.220000
-7.630000,-207.640000,-3.480000
-8.160000,-205.600000, 8.760000
 5.480000,-199.850000, 20.700000
 34.930000,-187.410000, 24.220000
 73.730000,-168.250000, 14.670000
 97.040000,-148.490000,-0.750000
 85.030000,-137.200000,-10.250000
 47.510000,-130.090000,-12.790000
 10.370000,-121.930000,-12.340000
-8.540000,-112.940000,-7.770000
-7.380000,-106.590000,-0.410000
 5.610000,-102.330000, 4.380000
 14.690000,-100.940000, 3.620000
 16.160000,-103.290000,-1.950000
 13.110000,-108.510000,-9.450000
 8.650000,-114.920000,-15.360000
 7.290000,-120.120000,-18.700000
 11.440000,-123.670000,-18.510000
 18.960000,-126.670000,-13.850000
 30.700000,-129.030000,-6.610000
 45.680000,-129.740000, 3.160000
 58.330000,-129.780000, 14.980000
 66.640000,-130.910000, 28.700000
 68.060000,-132.400000, 39.960000
 64.170000,-130.190000, 47.420000
 59.220000,-125.610000, 48.900000
 43.940000,-123.830000, 45.170000
 21.640000,-121.410000, 38.440000
-3.540000,-116.250000, 22.560000
-27.320000,-112.120000, 4.890000
-39.850000,-104.750000,-4.740000
-51.010000,-97.480000,-8.120000
-66.710000,-89.780000,-8.140000
-66.610000,-85.250000,-6.400000
-29.730000,-78.970000, 3.280000
 24.230000,-68.600000, 19.330000
 59.800000,-60.160000, 30.830000
 70.160000,-59.120000, 35.640000
 61.770000,-65.160000, 35.410000
 44.040000,-75.460000, 31.220000
 22.440000,-87.250000, 24.320000
 7.930000,-95.800000, 15.710000
-4.580000,-101.350000, 7.870000
-11.530000,-103.030000, 1.420000
-14.730000,-101.610000,-3.590000
-13.250000,-97.410000,-7.200000
-4.360000,-91.650000,-10.930000
 8.030000,-83.510000,-13.080000
 19.450000,-74.270000,-11.670000
 25.980000,-65.350000,-8.190000
 25.140000,-58.610000,-5.160000
 17.530000,-54.180000,-4.200000
 7.290000,-51.660000,-6.250000
-4.830000,-50.340000,-10.750000
-15.800000,-49.360000,-16.900000
-21.240000,-48.210000,-21.450000
-23.520000,-48.770000,-22.870000
-27.490000,-50.510000,-18.030000
-31.540000,-51.610000,-8.770000
-25.100000,-47.010000, 3.940000
-10.930000,-37.230000, 14.040000
 7.130000,-24.620000, 18.970000
 18.450000,-11.620000, 20.520000
 21.400000,-2.250000, 18.420000
 19.200000, 2.690000, 14.700000
 16.520000, 4.310000, 10.060000
 12.670000, 3.410000, 7.480000
 8.930000, 1.600000, 5.830000
 6.620000,-0.030000, 2.110000
 5.570000,-1.880000,-1.920000
 4.140000,-3.130000,-4.850000
 0.850000,-3.400000,-4.300000
-3.220000,-2.480000,-0.210000
-4.270000, 0.640000, 5.200000
-2.260000, 4.920000, 9.180000
 2.160000, 9.340000, 10.640000
 5.180000, 12.550000, 9.700000
 4.200000, 13.610000, 7.510000
-1.060000, 12.990000, 5.960000
-7.530000, 11.870000, 4.640000
-11.790000, 9.960000, 3.590000
-12.180000, 8.190000, 1.500000
-8.760000, 6.010000,-1.470000
-3.180000, 2.760000,-5.280000
-0.590000,-1.840000,-9.060000
-1.680000,-7.560000,-11.230000
-4.990000,-14.700000,-12.020000
-8.600000,-22.530000,-11.730000
-11.140000,-31.790000,-10.250000
-11.970000,-42.190000,-8.240000
-10.370000,-52.800000,-7.640000
-4.360000,-62.470000,-9.580000
 3.410000,-70.250000,-13.860000
 16.370000,-77.260000,-17.890000
 33.150000,-83.480000,-20.110000
 48.490000,-88.790000,-19.690000
 59.210000,-94.030000,-19.010000
 65.120000,-99.030000,-19.950000
 67.050000,-104.180000,-21.820000
 66.320000,-109.670000,-23.110000
 62.420000,-116.110000,-21.660000
 52.540000,-122.870000,-18.190000
 41.740000,-129.580000,-15.540000
 36.510000,-133.220000,-15.240000
 38.500000,-134.220000,-15.250000
 42.540000,-135.490000,-14.630000
 46.530000,-137.190000,-12.270000
 48.660000,-140.060000,-9.220000
 46.940000,-143.120000,-4.660000
 39.770000,-147.260000, 0.840000
 30.680000,-151.090000, 6.110000
 24.860000,-154.140000, 10.220000
 24.540000,-157.570000, 14.800000
 33.030000,-160.220000, 19.710000
 44.160000,-162.500000, 24.690000
 53.290000,-164.410000, 28.440000
 59.140000,-166.290000, 31.260000
 60.980000,-169.990000, 33.750000
 59.290000,-175.290000, 35.610000
 56.080000,-181.300000, 37.240000
 55.290000,-187.440000, 40.190000
 53.710000,-192.410000, 45.290000
 48.200000,-196.540000, 51.760000
 39.220000,-198.900000, 57.250000
 27.380000,-198.490000, 58.000000
 12.090000,-194.960000, 53.020000
-1.680000,-188.840000, 43.420000
-13.440000,-181.580000, 33.330000
-22.960000,-174.030000, 24.880000
-30.140000,-166.740000, 16.060000
-41.590000,-160.160000, 3.830000
-59.900000,-155.330000,-11.990000
-58.640000,-159.670000,-26.190000
-20.430000,-166.250000,-27.140000
 27.870000,-171.570000,-17.440000
 53.960000,-177.120000,-3.380000
 55.380000,-185.380000, 9.950000
 43.720000,-192.930000, 18.280000
 33.340000,-198.240000, 20.620000
 31.610000,-199.480000, 17.050000
 36.550000,-199.100000, 9.210000
 43.460000,-202.060000, 1.220000
 45.780000,-211.750000,-4.840000
 41.670000,-226.390000,-8.640000
 35.900000,-242.670000,-11.260000
 33.170000,-250.130000,-12.790000
 34.960000,-250.130000,-13.440000
 40.060000,-250.130000,-12.940000
 46.340000,-250.130000,-11.530000
 52.070000,-250.130000,-10.250000
 55.350000,-250.130000,-9.420000
 56.590000,-250.130000,-9.110000
 58.050000,-250.130000,-9.420000
 65.000000,-250.130000,-9.470000
 72.550000,-250.130000,-6.910000
 72.720000,-250.130000,-2.360000
 65.990000,-250.130000, 1.330000
 56.520000,-250.130000, 2.900000
 46.120000,-250.130000, 3.450000
 37.180000,-250.130000, 4.250000
 32.120000,-250.130000, 3.780000
 33.460000,-250.130000, 1.150000
 37.170000,-250.130000,-3.490000
 43.800000,-250.130000,-9.440000
 50.380000,-250.130000,-13.330000
 51.020000,-250.130000,-13.830000
 46.450000,-250.130000,-11.940000
 42.250000,-250.130000,-7.610000
 49.290000,-250.130000,-0.220000
 67.390000,-247.840000, 9.980000
 86.750000,-232.510000, 21.260000
 105.400000,-212.450000, 28.240000
 112.870000,-191.990000, 25.060000
 103.030000,-174.420000, 12.830000
 81.500000,-165.230000, 0.000000
 58.960000,-161.510000,-12.540000
 41.030000,-167.580000,-19.640000
 21.090000,-177.860000,-18.580000
 5.650000,-190.190000,-13.230000
-4.090000,-200.770000,-3.350000
-5.870000,-208.350000, 13.290000
 7.480000,-208.520000, 31.160000
 38.340000,-198.490000, 41.090000
 79.180000,-182.340000, 38.700000
 114.830000,-163.820000, 25.860000
 117.170000,-150.990000, 14.370000
 86.800000,-144.210000, 10.750000
 41.900000,-138.460000, 13.430000
-2.560000,-133.240000, 18.910000
-27.690000,-128.020000, 25.960000
-26.610000,-121.870000, 30.280000
-7.720000,-116.280000, 32.200000
 10.460000,-113.940000, 32.960000
 24.120000,-112.290000, 31.740000
 33.090000,-110.470000, 27.480000
 36.090000,-107.630000, 20.250000
 34.110000,-106.320000, 10.780000
 27.000000,-107.730000, 2.490000
 20.860000,-112.520000,-2.250000
 17.370000,-116.840000,-2.060000
 19.080000,-119.190000, 1.360000
 26.220000,-118.320000, 2.530000
 34.260000,-114.770000, 4.800000
 36.880000,-114.320000, 8.210000
 31.870000,-115.510000, 10.030000
 24.770000,-114.540000, 10.360000
 7.460000,-115.000000, 6.400000
-19.750000,-116.050000,-1.900000
-44.640000,-113.900000,-9.980000
-59.290000,-109.190000,-14.680000
-56.340000,-100.800000,-12.830000
-34.740000,-89.660000,-6.430000
-5.940000,-78.710000, 2.180000
 18.770000,-68.220000, 12.250000
 33.560000,-59.850000, 20.130000
 36.880000,-55.350000, 24.680000
 30.470000,-54.040000, 25.350000
 21.740000,-55.300000, 22.250000
 17.240000,-57.160000, 18.450000
 17.450000,-57.430000, 14.970000
 16.710000,-57.480000, 11.600000
 11.960000,-57.930000, 8.000000
 5.250000,-57.840000, 6.690000
 2.840000,-55.330000, 6.170000
 5.850000,-50.250000, 5.410000
 11.090000,-43.500000, 4.000000
 15.410000,-37.950000, 2.170000
 15.090000,-34.230000,-0.270000
 8.940000,-32.230000,-3.540000
-1.200000,-32.930000,-6.770000
-10.200000,-34.750000,-9.900000
-16.410000,-36.700000,-11.200000
-19.250000,-38.610000,-11.190000
-20.080000,-40.240000,-11.000000
-20.880000,-43.360000,-12.090000
-20.090000,-47.530000,-13.320000
-18.250000,-50.450000,-9.270000
-16.190000,-53.900000, 0.730000
-11.090000,-53.720000, 13.920000
-2.330000,-47.500000, 24.350000
 6.410000,-36.100000, 27.040000
 10.430000,-23.710000, 23.740000
 9.160000,-13.900000, 17.870000
 6.590000,-7.930000, 10.700000
 5.130000,-4.680000, 4.350000
 5.190000,-3.200000,-1.800000
 6.550000,-3.000000,-8.480000
 6.370000,-5.320000,-14.210000
 4.360000,-8.180000,-18.160000
 1.530000,-10.060000,-18.670000
-1.180000,-10.090000,-15.540000
-0.760000,-7.950000,-9.930000
 4.640000,-4.120000,-4.190000
 10.480000,-0.500000,-0.210000
 12.720000, 2.050000, 2.010000
 10.350000, 2.480000, 3.160000
 2.940000, 0.440000, 3.720000
-7.460000,-2.900000, 4.090000
-15.710000,-4.260000, 5.570000
-19.190000,-4.410000, 8.160000
-16.830000,-3.950000, 10.410000
-9.290000,-4.450000, 11.910000
 0.000000,-6.900000, 11.090000
 5.450000,-10.400000, 7.800000
 5.300000,-13.800000, 3.510000
 2.240000,-16.900000,-0.480000
-0.230000,-19.140000,-3.380000
-1.670000,-21.220000,-5.650000
-3.540000,-23.440000,-6.800000
-5.180000,-26.580000,-6.220000
-6.550000,-31.480000,-4.830000
-6.740000,-37.070000,-2.670000
-7.040000,-43.480000,-1.280000
-6.710000,-50.630000,-1.410000
-4.250000,-59.470000,-2.580000
-0.820000,-68.970000,-5.640000
 5.900000,-79.610000,-9.520000
 13.430000,-90.500000,-13.550000
 21.610000,-101.740000,-16.240000
 28.930000,-112.860000,-16.740000
 36.320000,-122.160000,-17.610000
 43.170000,-129.970000,-19.830000
 48.720000,-137.160000,-23.230000
 54.880000,-143.460000,-25.960000
 59.290000,-149.910000,-26.460000
 63.190000,-155.120000,-26.080000
 67.830000,-159.540000,-23.610000
 71.930000,-163.170000,-19.550000
 75.040000,-164.870000,-14.730000
 75.750000,-164.200000,-11.010000
 71.810000,-161.460000,-11.500000
 66.640000,-157.720000,-16.350000
 64.400000,-151.870000,-19.700000
 59.640000,-146.290000,-17.670000
 52.850000,-141.940000,-10.380000
 45.480000,-138.090000,-0.840000
 35.900000,-134.120000, 8.290000
 24.870000,-129.380000, 14.510000
 19.160000,-123.030000, 17.800000
 18.610000,-116.240000, 20.520000
 23.530000,-109.310000, 22.700000
 31.200000,-104.690000, 23.730000
 38.950000,-103.060000, 24.010000
 45.890000,-104.410000, 22.750000
 47.690000,-106.920000, 21.120000
 46.490000,-112.590000, 21.180000
 45.340000,-120.120000, 24.000000
 46.080000,-129.010000, 29.120000
 46.140000,-139.520000, 35.180000
 40.930000,-150.530000, 39.830000
 29.820000,-160.540000, 42.400000
 16.320000,-167.990000, 43.830000
 3.840000,-173.690000, 43.350000
-4.090000,-176.480000, 42.650000
-8.150000,-175.390000, 41.670000
-8.840000,-171.250000, 39.100000
-7.680000,-167.310000, 35.480000
-9.170000,-165.780000, 31.610000
-13.470000,-165.840000, 24.790000
-14.490000,-165.410000, 14.320000
-11.230000,-166.720000, 4.000000
-6.220000,-169.640000,-3.300000
 0.190000,-171.710000,-7.120000
 9.610000,-173.250000,-7.060000
 21.800000,-175.830000,-1.380000
 33.610000,-179.280000, 8.060000
 40.030000,-183.890000, 16.640000
 41.620000,-188.670000, 19.770000
 40.050000,-192.850000, 18.340000
 37.020000,-197.540000, 14.870000
 32.770000,-204.660000, 10.960000
 28.100000,-215.000000, 6.570000
 24.230000,-225.770000, 0.240000
 25.620000,-235.870000,-7.110000
 32.500000,-244.170000,-13.660000
 43.820000,-250.130000,-17.900000
 54.000000,-250.130000,-18.800000
 58.040000,-250.130000,-18.090000
 57.120000,-250.130000,-15.510000
 53.120000,-250.130000,-13.000000
 49.940000,-250.130000,-11.160000
 51.020000,-250.130000,-8.300000
 53.500000,-250.130000,-4.370000
 56.180000,-250.130000,-0.770000
 57.640000,-248.990000, 0.030000
 54.350000,-248.830000,-0.220000
 46.650000,-248.610000,-1.160000
 38.750000,-249.680000,-2.710000
 33.350000,-250.130000,-1.760000
 32.870000,-248.100000, 2.060000
 37.540000,-243.710000, 5.390000
 41.820000,-237.240000, 4.700000
 42.310000,-230.270000, 0.380000
 40.350000,-223.630000,-5.870000
 41.130000,-218.730000,-15.320000
 44.980000,-217.080000,-25.710000
 46.700000,-218.250000,-29.220000
 43.880000,-222.380000,-24.160000
 44.380000,-223.390000,-12.060000
 54.770000,-218.830000, 6.910000
 78.160000,-210.910000, 27.060000
 106.460000,-196.090000, 39.330000
 112.740000,-178.120000, 33.410000
 98.120000,-164.450000, 14.070000
 75.790000,-158.960000,-8.030000
 54.810000,-160.680000,-23.190000
 36.740000,-169.690000,-25.440000
 18.200000,-183.350000,-21.140000
 7.090000,-197.910000,-15.580000
 10.270000,-209.360000,-8.210000
 26.010000,-215.350000, 4.690000
 50.120000,-216.670000, 21.680000
 75.030000,-211.800000, 35.510000
 98.870000,-198.670000, 40.530000
 116.270000,-178.350000, 36.210000
 108.920000,-158.540000, 29.380000
 78.970000,-141.480000, 23.570000
 40.160000,-128.890000, 22.220000
 6.780000,-118.400000, 23.180000
-10.670000,-110.240000, 22.990000
-14.570000,-104.570000, 18.220000
-8.520000,-97.770000, 11.140000
 2.830000,-91.820000, 5.590000
 14.590000,-87.990000, 2.310000
 25.250000,-85.490000,-1.200000
 31.990000,-84.520000,-4.540000
 31.740000,-87.160000,-7.320000
 26.060000,-91.960000,-7.960000
 17.650000,-98.910000,-6.740000
 11.510000,-105.540000,-2.790000
 7.570000,-109.990000, 2.940000
 2.870000,-113.220000, 9.670000
-1.690000,-115.300000, 13.930000
-1.890000,-116.010000, 15.880000
 4.610000,-115.960000, 17.820000
 12.740000,-116.960000, 18.160000
 16.650000,-118.800000, 17.210000
 17.100000,-116.100000, 9.060000
 9.740000,-110.340000,-6.110000
-3.770000,-102.740000,-18.320000
-15.720000,-95.810000,-19.980000
-23.330000,-87.770000,-13.640000
-26.120000,-79.640000,-2.900000
-21.610000,-70.490000, 9.510000
-7.870000,-60.900000, 21.700000
 14.130000,-50.950000, 34.650000
 34.170000,-43.480000, 46.250000
 44.440000,-39.770000, 50.800000
 47.090000,-41.400000, 48.420000
 41.780000,-46.970000, 40.610000
 30.930000,-53.830000, 30.860000
 16.930000,-60.480000, 21.770000
 4.500000,-66.110000, 13.300000
-3.740000,-70.840000, 4.820000
-7.230000,-74.030000,-2.750000
-3.920000,-73.780000,-9.360000
 5.250000,-70.370000,-12.720000
 16.350000,-65.600000,-11.940000
 22.740000,-60.390000,-8.380000
 21.090000,-56.810000,-5.140000
 13.730000,-54.960000,-3.510000
 3.610000,-54.000000,-4.350000
-8.650000,-53.770000,-7.110000
-20.250000,-54.310000,-11.060000
-25.650000,-53.860000,-15.990000
-24.980000,-52.420000,-21.230000
-21.550000,-51.090000,-23.200000
-15.960000,-50.220000,-19.870000
-9.960000,-47.760000,-10.060000
-4.210000,-44.350000, 2.450000
 2.380000,-38.220000, 12.480000
 10.620000,-30.450000, 16.500000
 14.440000,-23.070000, 16.900000
 12.640000,-18.820000, 16.090000
 9.300000,-18.100000, 14.930000
 5.450000,-18.990000, 14.560000
 1.200000,-20.660000, 14.920000
-0.550000,-21.540000, 13.540000
-0.100000,-21.450000, 10.100000
-1.120000,-21.390000, 4.260000
-2.130000,-19.830000,-1.060000
-3.840000,-16.900000,-3.940000
-3.110000,-13.060000,-3.250000
 0.430000,-9.130000, 0.020000
 3.820000,-5.780000, 3.830000
 5.580000,-3.090000, 5.870000
 4.980000,-1.480000, 5.560000
 1.280000,-1.090000, 3.750000
-6.290000,-1.720000, 1.610000
-15.190000,-2.680000,-0.140000
-20.700000,-3.660000,-0.580000
-20.670000,-4.640000, 0.080000
-15.630000,-5.890000, 0.830000
-7.010000,-8.070000, 1.260000
 2.860000,-10.820000, 0.490000
 8.900000,-14.480000,-1.830000
 9.350000,-18.700000,-4.090000
 7.170000,-23.350000,-5.600000
 3.630000,-28.190000,-6.350000
 0.770000,-34.240000,-7.580000
 0.520000,-40.490000,-9.670000
 1.670000,-47.320000,-12.530000
 4.350000,-53.640000,-14.600000
 7.770000,-60.080000,-15.800000
 12.370000,-66.800000,-15.950000
 19.790000,-73.700000,-14.570000
 29.320000,-79.980000,-13.990000
 41.770000,-85.240000,-14.920000
 52.850000,-90.810000,-17.220000
 60.970000,-95.460000,-19.700000
 63.410000,-99.770000,-21.480000
 64.490000,-103.660000,-22.480000
 65.240000,-106.570000,-22.240000
 62.790000,-109.380000,-20.830000
 55.700000,-112.800000,-18.870000
 46.500000,-115.330000,-16.840000
 38.510000,-116.030000,-14.930000
 34.100000,-115.410000,-14.260000
 32.830000,-114.560000,-14.940000
 33.160000,-114.620000,-15.380000
 32.830000,-116.410000,-13.640000
 31.510000,-120.560000,-9.210000
 28.810000,-125.810000,-3.670000
 26.160000,-131.530000, 2.460000
 25.780000,-135.990000, 8.160000
 26.860000,-139.160000, 13.120000
 29.890000,-141.020000, 17.580000
 32.640000,-141.950000, 23.080000
 34.540000,-141.930000, 29.000000
 37.670000,-140.940000, 34.900000
 37.750000,-138.540000, 39.260000
 33.080000,-136.410000, 42.370000
 24.250000,-136.010000, 42.260000
 14.380000,-137.860000, 39.520000
 7.590000,-140.900000, 35.030000
 6.960000,-144.700000, 30.240000
 12.980000,-148.730000, 25.500000
 22.700000,-151.670000, 22.800000
 31.830000,-154.440000, 23.130000
 35.080000,-158.130000, 26.180000
 29.240000,-161.610000, 29.800000
 16.910000,-164.260000, 30.350000
 3.640000,-164.900000, 26.740000
-7.280000,-164.340000, 18.830000
-16.540000,-161.760000, 6.160000
-20.580000,-159.430000,-5.810000
-18.850000,-156.770000,-13.690000
-14.080000,-156.760000,-15.950000
-5.080000,-158.340000,-13.700000
 4.730000,-160.670000,-9.070000
 13.710000,-162.340000,-5.370000
 21.790000,-162.470000,-3.190000
 26.510000,-163.510000,-1.290000
 33.170000,-164.400000,-0.800000
 41.650000,-165.370000, 0.480000
 46.930000,-168.670000, 4.330000
 49.810000,-173.510000, 7.190000
 50.590000,-179.570000, 6.670000
 51.350000,-185.550000, 4.200000
 51.310000,-193.000000, 1.700000
 50.630000,-201.460000,-1.040000
 48.240000,-210.300000,-3.320000
 44.640000,-217.900000,-5.920000
 42.180000,-223.820000,-8.670000
 42.290000,-227.250000,-12.090000
 43.260000,-227.350000,-15.220000
 43.220000,-226.020000,-16.540000
 42.450000,-223.050000,-16.020000
 46.060000,-219.540000,-14.090000
 52.830000,-216.210000,-10.530000
 58.990000,-214.470000,-5.720000
 62.220000,-214.380000,-0.370000
 60.860000,-214.930000, 2.850000
 54.750000,-216.450000, 3.490000
 46.020000,-218.540000, 2.960000
 37.000000,-220.920000, 1.850000
 30.070000,-222.950000,-0.060000
 28.020000,-223.160000,-3.100000
 31.590000,-221.320000,-8.290000
 36.810000,-216.930000,-12.550000
 38.040000,-214.480000,-14.390000
 40.190000,-213.060000,-14.450000
 38.100000,-213.510000,-12.360000
 41.790000,-215.720000,-10.050000
 56.420000,-216.050000,-4.940000
 77.230000,-213.240000, 5.120000
 93.790000,-208.290000, 16.670000
 107.250000,-197.900000, 23.580000
 115.090000,-177.600000, 19.510000
 107.380000,-158.310000, 8.510000
 83.430000,-148.650000,-4.490000
 51.010000,-148.090000,-15.210000
 19.010000,-154.610000,-21.930000
-6.010000,-165.530000,-24.290000
-18.900000,-176.800000,-22.950000
-15.450000,-185.380000,-15.340000
 7.110000,-189.460000,-2.050000
 43.920000,-189.000000, 13.800000
 75.900000,-184.890000, 25.850000
 88.870000,-180.090000, 33.790000
 85.670000,-174.090000, 38.280000
 68.960000,-168.500000, 38.450000
 43.640000,-162.670000, 34.860000
 19.450000,-156.340000, 29.770000
 6.920000,-148.740000, 23.900000
 7.170000,-140.560000, 19.710000
 13.890000,-133.740000, 17.390000
 16.770000,-127.330000, 17.520000
 11.700000,-121.600000, 19.960000
 7.350000,-115.670000, 21.590000
 8.870000,-108.370000, 20.260000
 16.410000,-100.280000, 17.110000
 28.730000,-93.320000, 12.720000
 37.700000,-91.160000, 8.910000
 39.310000,-93.610000, 6.320000
 32.880000,-101.060000, 5.380000
 20.870000,-112.060000, 7.580000
 7.950000,-124.770000, 11.800000
-0.640000,-136.670000, 17.030000
-1.130000,-144.750000, 22.720000
 5.390000,-148.570000, 27.160000
 14.150000,-149.220000, 29.380000
 23.750000,-147.410000, 27.390000
 30.120000,-142.530000, 19.160000
 28.630000,-139.020000, 7.380000
 17.770000,-140.980000,-5.380000
 4.310000,-146.060000,-19.330000
-0.980000,-150.340000,-23.660000
 0.900000,-148.800000,-14.350000
 1.870000,-142.050000, 1.640000
 1.350000,-133.220000, 16.540000
 3.990000,-120.230000, 24.850000
 13.250000,-104.980000, 24.820000
 23.380000,-92.670000, 22.880000
 28.450000,-86.100000, 21.070000
 27.770000,-86.320000, 18.740000
 21.150000,-91.890000, 14.480000
 13.820000,-100.250000, 7.060000
 10.580000,-108.740000,-2.000000
 9.280000,-116.390000,-8.830000
 5.320000,-119.440000,-9.270000
-1.480000,-117.630000,-4.870000
-1.740000,-110.720000,-0.860000
 7.550000,-100.070000,-0.510000
 21.680000,-89.040000,-2.230000
 32.380000,-79.730000,-2.800000
 34.540000,-72.970000,-2.350000
 29.360000,-67.710000,-3.080000
 19.560000,-65.070000,-4.600000
 6.970000,-64.900000,-6.770000
-7.550000,-66.830000,-10.320000
-22.090000,-69.290000,-14.930000
-31.870000,-71.460000,-17.940000
-35.850000,-74.190000,-17.480000
-32.860000,-76.220000,-9.790000
-25.400000,-78.090000, 4.530000
-12.890000,-76.690000, 19.930000
 10.960000,-67.800000, 28.670000
 34.330000,-54.600000, 29.670000
 42.490000,-44.930000, 26.360000
 36.480000,-40.290000, 20.200000
 27.100000,-39.080000, 10.510000
 19.200000,-38.970000,-0.830000
 13.730000,-40.030000,-11.200000
 10.060000,-41.060000,-18.610000
 6.090000,-42.120000,-21.910000
 1.950000,-42.000000,-21.090000
 0.210000,-39.780000,-16.470000
 1.540000,-35.040000,-9.870000
 5.290000,-27.470000,-4.140000
 9.980000,-18.740000,-1.410000
 11.930000,-10.740000, 0.230000
 7.960000,-5.160000, 0.510000
-0.090000,-2.470000, 0.600000
-9.670000,-1.990000, 1.250000
-16.830000,-2.090000, 3.540000
-20.360000,-3.340000, 9.060000
-16.100000,-4.760000, 15.770000
-3.610000,-5.620000, 18.450000
 7.120000,-6.450000, 15.540000
 12.910000,-8.720000, 6.820000
 11.700000,-10.170000,-3.360000
 3.260000,-11.000000,-9.960000
-8.630000,-11.160000,-11.180000
-19.550000,-10.640000,-7.870000
-24.320000,-10.340000,-3.510000
-21.930000,-10.660000, 0.430000
-15.600000,-12.930000, 2.610000
-9.910000,-16.230000, 2.070000
-6.120000,-19.930000,-0.060000
-2.750000,-23.650000,-2.670000
 1.030000,-27.850000,-5.850000
 7.450000,-32.610000,-8.920000
 16.410000,-36.550000,-12.500000
 26.120000,-40.090000,-17.410000
 34.400000,-42.470000,-22.540000
 41.030000,-44.680000,-27.190000
 42.670000,-47.470000,-30.190000
 41.900000,-51.800000,-32.130000
 42.770000,-56.310000,-32.380000
 45.060000,-60.700000,-29.540000
 44.320000,-64.990000,-24.590000
 41.850000,-69.700000,-18.570000
 37.980000,-74.590000,-13.080000
 34.030000,-78.070000,-10.190000
 31.100000,-82.000000,-9.880000
 32.050000,-85.890000,-10.560000
 36.390000,-89.130000,-9.050000
 43.810000,-91.160000,-3.830000
 48.460000,-92.060000, 2.550000
 47.200000,-92.830000, 7.980000
 43.120000,-92.700000, 11.510000
 38.430000,-92.160000, 13.470000
 34.930000,-91.140000, 14.960000
 32.610000,-90.670000, 16.850000
 30.900000,-90.790000, 18.740000
 29.390000,-91.590000, 20.360000
 27.990000,-92.890000, 21.120000
 28.000000,-94.030000, 20.990000
 29.040000,-95.840000, 20.590000
 29.960000,-98.220000, 19.950000
 31.200000,-100.660000, 18.290000
 33.560000,-104.170000, 15.830000
 35.060000,-109.070000, 13.830000
 35.770000,-115.850000, 14.130000
 35.980000,-123.050000, 17.120000
 34.740000,-130.480000, 21.960000
 30.810000,-138.830000, 25.820000
 25.400000,-146.840000, 27.870000
 19.820000,-153.510000, 27.940000
 16.730000,-157.870000, 26.840000
 18.380000,-158.870000, 25.630000
 24.120000,-157.090000, 24.460000
 31.130000,-152.610000, 23.930000
 33.520000,-147.610000, 23.530000
 29.850000,-143.160000, 22.640000
 20.920000,-140.550000, 21.580000
 10.520000,-138.590000, 20.730000
 5.120000,-137.250000, 19.450000
 5.620000,-135.120000, 17.380000
 9.080000,-132.640000, 14.800000
 12.080000,-130.190000, 11.350000
 12.160000,-129.430000, 7.030000
 6.900000,-130.170000, 1.250000
-0.590000,-132.850000,-3.460000
-6.450000,-138.320000,-4.590000
-6.030000,-145.900000, 0.510000
 2.140000,-152.560000, 9.380000
 11.920000,-158.010000, 18.160000
 18.380000,-160.250000, 27.060000
 17.710000,-160.400000, 33.540000
 11.730000,-159.430000, 34.350000
 6.740000,-156.540000, 28.980000
 6.770000,-153.980000, 19.610000
 15.120000,-151.770000, 11.130000
 24.860000,-153.700000, 5.480000
 31.410000,-161.310000, 2.360000
 34.920000,-173.030000, 0.310000
 38.450000,-186.440000, 0.750000
 41.230000,-199.160000, 1.630000
 42.430000,-209.760000, 1.680000
 41.540000,-217.620000, 2.690000
 37.790000,-222.860000, 4.060000
 30.750000,-224.340000, 4.350000
 24.250000,-223.770000, 3.210000
 24.180000,-222.610000, 0.390000
 31.640000,-221.540000,-3.930000
 41.340000,-221.280000,-7.460000
 47.510000,-221.640000,-10.420000
 49.960000,-222.540000,-12.450000
 47.870000,-223.450000,-13.620000
 40.510000,-224.970000,-14.190000
 31.610000,-227.060000,-13.700000
 24.910000,-228.630000,-11.150000
 21.410000,-229.380000,-7.900000
 22.140000,-230.740000,-8.060000
 27.900000,-231.360000,-11.060000
 30.430000,-232.460000,-13.310000
 30.590000,-234.950000,-13.230000
 37.220000,-236.400000,-9.580000
 54.970000,-233.960000, 0.180000
 77.710000,-228.530000, 15.710000
 105.900000,-217.520000, 30.520000
 131.340000,-198.560000, 31.840000
 143.480000,-174.180000, 17.640000
 136.930000,-153.370000,-2.140000
 109.480000,-141.800000,-17.290000
 68.650000,-139.480000,-26.280000
 25.470000,-142.260000,-28.080000
-8.050000,-150.190000,-28.120000
-26.990000,-160.000000,-27.580000
-29.930000,-169.190000,-23.530000
-16.870000,-179.430000,-14.180000
 18.920000,-184.700000,-4.030000
 65.580000,-184.980000, 2.820000
 95.220000,-185.500000, 8.620000
 99.870000,-187.190000, 16.630000
 90.420000,-187.680000, 21.900000
 70.670000,-186.640000, 22.740000
 46.000000,-184.610000, 21.880000
 24.550000,-180.290000, 21.210000
 18.060000,-173.380000, 22.340000
 27.150000,-165.710000, 27.730000
 40.630000,-157.830000, 34.140000
 46.440000,-151.800000, 37.330000
 42.970000,-147.250000, 36.380000
 31.480000,-142.790000, 31.400000
 18.760000,-139.410000, 24.260000
 9.320000,-136.320000, 18.180000
 4.480000,-136.280000, 15.900000
 4.940000,-138.500000, 17.450000
 11.060000,-141.620000, 22.510000
 18.300000,-145.050000, 25.910000
 21.290000,-147.190000, 27.160000
 18.080000,-146.580000, 29.130000
 12.590000,-144.790000, 31.860000
 8.800000,-140.930000, 31.480000
 3.860000,-139.470000, 22.600000
-6.790000,-137.410000, 3.850000
-16.990000,-134.400000,-22.870000
-21.210000,-131.460000,-46.360000
-3.440000,-132.400000,-50.410000
 33.630000,-134.900000,-35.470000
 60.740000,-134.490000,-11.010000
 61.480000,-131.380000, 14.180000
 46.450000,-123.410000, 32.190000
 28.380000,-111.700000, 37.390000
 14.680000,-97.090000, 32.250000
 2.400000,-84.230000, 23.060000
-2.010000,-75.330000, 15.550000
 1.410000,-72.040000, 12.280000
 12.290000,-74.270000, 14.580000
 30.190000,-78.990000, 19.110000
 39.940000,-85.300000, 20.480000
 33.800000,-91.420000, 17.710000
 17.990000,-98.080000, 12.930000
-1.850000,-105.750000, 7.760000
-16.650000,-111.000000, 2.480000
-20.610000,-112.060000,-2.830000
-8.350000,-107.510000,-5.900000
 17.060000,-98.470000,-6.820000
 42.650000,-89.040000,-4.970000
 55.480000,-82.700000,-2.250000
 53.960000,-81.040000,-0.570000
 41.540000,-81.000000,-0.790000
 24.440000,-82.370000,-3.320000
 7.440000,-83.950000,-6.820000
-6.410000,-83.340000,-10.180000
-16.740000,-81.000000,-14.060000
-24.140000,-77.040000,-17.250000
-29.790000,-72.580000,-18.590000
-33.510000,-70.450000,-16.740000
-33.040000,-69.410000,-9.760000
-25.310000,-68.320000,-0.030000
-6.670000,-64.840000, 11.060000
 14.830000,-58.200000, 19.750000
 30.340000,-49.900000, 24.520000
 33.830000,-42.830000, 25.650000
 29.190000,-38.590000, 21.900000
 21.540000,-36.890000, 15.020000
 15.010000,-37.920000, 7.940000
 10.300000,-38.090000, 1.540000
 12.460000,-35.380000,-6.380000
 16.700000,-33.460000,-14.640000
 15.290000,-34.080000,-20.680000
 7.340000,-36.090000,-22.470000
-2.220000,-36.810000,-19.450000
-8.030000,-35.900000,-12.770000
-7.740000,-32.930000,-6.160000
-1.800000,-27.860000,-0.430000
 6.870000,-21.160000, 4.900000
 13.960000,-13.910000, 8.960000
 16.350000,-9.760000, 10.050000
 13.580000,-8.180000, 8.830000
 6.490000,-7.610000, 7.830000
-3.350000,-8.050000, 8.800000
-9.550000,-8.450000, 11.030000
-9.470000,-9.030000, 12.410000
-3.720000,-9.540000, 9.890000
 0.950000,-10.600000, 4.480000
 1.700000,-11.190000,-2.510000
 0.060000,-11.530000,-8.900000
-1.930000,-11.050000,-13.690000
-3.670000,-11.930000,-16.180000
-6.400000,-13.870000,-16.480000
-9.940000,-16.810000,-15.450000
-11.970000,-20.430000,-13.970000
-13.290000,-25.540000,-12.270000
-13.940000,-31.820000,-12.000000
-11.720000,-39.070000,-12.410000
-4.660000,-47.130000,-14.000000
 6.110000,-56.260000,-15.340000
 18.560000,-64.910000,-15.570000
 32.700000,-71.410000,-16.150000
 47.560000,-75.720000,-19.090000
 59.280000,-77.790000,-22.960000
 66.550000,-79.550000,-27.010000
 67.880000,-83.440000,-29.460000
 65.280000,-88.670000,-28.860000
 59.690000,-95.680000,-27.080000
 52.820000,-104.380000,-24.060000
 44.970000,-111.960000,-21.190000
 38.250000,-119.820000,-18.870000
 36.180000,-126.550000,-17.640000
 39.700000,-130.680000,-16.420000
 43.090000,-132.350000,-13.300000
 44.770000,-132.720000,-8.310000
 44.090000,-132.070000,-2.060000
 42.040000,-130.860000, 3.460000
 39.140000,-128.940000, 8.560000
 36.590000,-126.630000, 13.610000
 35.110000,-123.620000, 17.520000
 33.420000,-120.790000, 19.510000
 32.550000,-118.240000, 19.800000
 34.000000,-116.900000, 19.650000
 36.240000,-116.820000, 19.550000
 39.160000,-117.360000, 19.480000
 40.740000,-118.350000, 19.480000
 39.610000,-120.190000, 20.130000
 36.320000,-123.830000, 21.670000
 32.800000,-128.420000, 24.600000
 30.330000,-134.610000, 28.510000
 30.100000,-141.390000, 32.480000
 29.320000,-147.550000, 35.470000
 28.390000,-153.270000, 36.520000
 28.060000,-158.120000, 34.660000
 27.160000,-162.220000, 31.120000
 26.160000,-165.090000, 27.740000
 24.560000,-166.190000, 25.170000
 22.280000,-165.740000, 24.160000
 18.120000,-164.670000, 23.600000
 14.190000,-163.410000, 23.960000
 9.000000,-161.490000, 22.460000
 1.940000,-159.470000, 18.330000
-6.130000,-158.910000, 11.890000
-13.780000,-159.730000, 4.450000
-15.380000,-162.280000,-1.360000
-6.220000,-166.490000,-4.180000
 11.930000,-170.770000,-4.350000
 29.540000,-173.270000,-3.030000
 39.670000,-174.090000, 1.590000
 41.490000,-174.250000, 7.870000
 39.140000,-172.850000, 13.850000
 36.310000,-170.520000, 18.670000
 31.670000,-168.120000, 21.480000
 25.150000,-166.890000, 22.250000
 19.290000,-166.670000, 18.900000
 18.680000,-165.940000, 13.770000
 23.510000,-165.380000, 9.780000
 28.860000,-167.750000, 7.330000
 32.370000,-173.150000, 5.510000
 34.280000,-180.110000, 2.580000
 33.530000,-187.770000,-1.180000
 31.720000,-193.960000,-4.240000
 32.700000,-199.700000,-6.460000
 37.400000,-203.610000,-7.690000
 42.830000,-204.770000,-8.510000
 47.090000,-204.770000,-8.380000
 51.150000,-204.940000,-7.670000
 54.220000,-205.700000,-5.330000
 53.860000,-207.510000,-2.510000
 47.040000,-209.940000,-2.180000
 34.780000,-213.940000,-4.590000
 26.610000,-217.090000,-8.990000
 26.510000,-219.700000,-13.220000
 30.020000,-222.580000,-15.160000
 33.480000,-228.390000,-15.880000
 37.190000,-236.340000,-15.540000
 41.660000,-243.380000,-15.470000
 45.560000,-245.550000,-12.810000
 45.730000,-248.290000,-7.700000
 43.380000,-250.130000,-3.090000
 41.250000,-250.130000, 2.290000
 50.580000,-248.500000, 8.270000
 74.010000,-241.560000, 12.670000
 99.900000,-231.450000, 15.380000
 118.110000,-220.810000, 15.690000
 126.730000,-203.260000, 10.010000
 125.780000,-183.110000,-0.800000
 107.030000,-169.820000,-16.320000
 70.730000,-164.240000,-30.670000
 26.190000,-164.140000,-39.680000
-10.960000,-171.180000,-40.180000
-34.570000,-182.040000,-31.830000
-28.860000,-191.860000,-15.080000
 3.280000,-192.870000, 5.120000
 52.560000,-185.220000, 21.690000
 92.170000,-177.320000, 32.150000
 119.630000,-168.720000, 34.140000
 125.070000,-160.460000, 28.000000
 104.090000,-157.240000, 19.920000
 65.140000,-157.320000, 14.220000
 21.020000,-157.820000, 13.510000
-12.810000,-158.060000, 16.910000
-24.930000,-157.410000, 20.580000
-12.110000,-152.180000, 20.890000
 13.890000,-145.620000, 18.820000
 33.190000,-138.340000, 15.490000
 36.610000,-132.350000, 14.360000
 28.280000,-127.310000, 15.510000
 17.300000,-124.220000, 18.670000
 12.930000,-121.740000, 20.120000
 14.740000,-120.770000, 20.950000
 22.010000,-121.870000, 21.520000
 30.350000,-124.580000, 21.820000
 37.050000,-128.550000, 21.960000
 36.620000,-134.820000, 21.780000
 29.300000,-143.550000, 23.370000
 18.780000,-153.510000, 27.860000
 9.550000,-161.670000, 33.020000
 6.360000,-167.090000, 36.240000
 10.450000,-164.910000, 33.430000
 14.540000,-158.120000, 26.030000
 9.040000,-153.690000, 16.850000
-2.620000,-152.410000, 6.540000
-13.990000,-150.340000,-3.600000
-20.140000,-148.140000,-15.560000
-18.170000,-145.700000,-25.580000
-3.410000,-139.740000,-24.610000
 15.670000,-127.850000,-13.080000
 33.580000,-113.150000, 2.770000
 43.190000,-99.830000, 17.740000
 44.350000,-89.000000, 28.090000
 38.620000,-80.660000, 34.260000
 28.210000,-76.160000, 37.190000
 15.890000,-74.870000, 37.150000
 3.650000,-76.120000, 32.240000
-5.220000,-78.350000, 20.350000
-5.290000,-80.450000, 7.390000
-0.280000,-82.170000,-2.030000
 7.480000,-83.180000,-7.760000
 18.630000,-82.480000,-11.630000
 31.320000,-81.240000,-14.470000
 40.320000,-79.060000,-15.720000
 44.150000,-76.770000,-14.220000
 41.830000,-74.890000,-10.490000
 32.090000,-73.580000,-6.320000
 18.800000,-71.990000,-4.170000
 3.860000,-71.000000,-4.070000
-8.080000,-68.500000,-6.470000
-15.070000,-63.160000,-13.320000
-20.740000,-57.530000,-20.770000
-24.230000,-52.640000,-26.700000
-26.310000,-47.750000,-29.400000
-28.410000,-44.810000,-27.160000
-27.860000,-42.520000,-20.290000
-17.670000,-36.480000,-10.040000
-0.720000,-27.050000,-0.330000
 12.820000,-17.040000, 6.960000
 17.880000,-8.580000, 11.420000
 12.770000,-3.970000, 13.800000
 5.490000,-3.840000, 14.180000
-2.000000,-6.530000, 13.520000
-5.880000,-11.580000, 12.640000
-4.640000,-16.280000, 12.130000
 2.880000,-20.300000, 10.220000
 8.830000,-25.230000, 7.720000
 9.730000,-29.170000, 6.870000
 7.600000,-31.040000, 8.390000
 3.510000,-30.330000, 11.470000
 0.770000,-27.820000, 13.660000
 0.280000,-24.000000, 13.480000
 0.000000,-21.240000, 10.530000
-0.350000,-19.890000, 5.380000
-1.930000,-21.000000,-1.310000
-6.060000,-24.550000,-6.910000
-12.400000,-29.840000,-9.830000
-16.970000,-34.970000,-9.290000
-15.160000,-38.890000,-7.520000
-6.440000,-41.390000,-6.220000
 5.810000,-42.220000,-6.050000
 16.900000,-44.340000,-7.350000
 21.700000,-46.870000,-8.910000
 18.220000,-51.730000,-7.970000
 10.570000,-57.150000,-4.900000
 3.930000,-61.490000,-1.330000
 1.970000,-65.570000, 0.560000
 4.740000,-68.220000,-1.290000
 11.770000,-69.900000,-6.450000
 23.210000,-71.120000,-12.210000
 33.540000,-71.370000,-16.680000
 41.070000,-71.330000,-18.510000
 46.640000,-71.680000,-19.540000
 52.220000,-72.380000,-21.110000
 56.700000,-73.250000,-22.580000
 58.440000,-74.930000,-23.640000
 58.310000,-77.060000,-23.490000
 55.470000,-79.030000,-22.740000
 48.310000,-81.480000,-21.350000
 39.680000,-83.120000,-20.250000
 33.810000,-82.900000,-21.450000
 31.740000,-82.060000,-24.520000
 33.420000,-80.550000,-27.190000
 36.520000,-80.340000,-26.960000
 37.450000,-81.910000,-23.030000
 34.450000,-85.250000,-16.800000
 30.060000,-88.980000,-9.960000
 27.350000,-92.130000,-3.500000
 28.420000,-94.280000, 2.880000
 32.040000,-95.960000, 9.740000
 36.350000,-96.770000, 17.080000
 41.290000,-96.370000, 22.510000
 43.900000,-95.730000, 25.540000
 42.440000,-95.740000, 25.970000
 37.160000,-96.630000, 24.150000
 30.400000,-98.580000, 21.830000
 24.570000,-102.200000, 20.960000
 19.450000,-105.870000, 20.460000
 17.380000,-110.580000, 19.900000
 19.280000,-115.450000, 18.690000
 25.410000,-120.750000, 17.780000
 33.140000,-127.740000, 19.480000
 40.640000,-135.750000, 22.820000
 44.990000,-144.160000, 26.350000
 44.120000,-152.510000, 28.920000
 41.010000,-158.930000, 30.380000
 36.650000,-163.590000, 30.660000
 31.940000,-166.160000, 29.870000
 27.100000,-167.250000, 29.310000
 23.940000,-167.650000, 30.020000
 23.090000,-167.620000, 31.370000
 21.710000,-167.180000, 31.670000
 19.510000,-165.720000, 30.120000
 17.290000,-163.250000, 27.130000
 17.100000,-159.670000, 22.540000
 18.610000,-155.510000, 18.090000
 22.290000,-149.870000, 14.770000
 23.650000,-144.210000, 11.200000
 16.700000,-141.840000, 5.830000
 2.690000,-144.090000, 0.830000
-8.320000,-148.120000,-1.130000
-11.580000,-152.090000,-0.980000
-8.490000,-155.500000, 0.050000
-4.770000,-159.660000, 2.700000
 0.890000,-166.220000, 10.900000
 9.910000,-172.030000, 21.880000
 17.220000,-176.940000, 31.230000
 13.830000,-182.220000, 32.910000
 7.830000,-187.100000, 26.150000
 8.540000,-189.700000, 18.000000
 14.830000,-192.620000, 11.450000
 22.000000,-198.030000, 6.740000
 28.390000,-204.770000, 1.520000
 34.160000,-211.860000,-3.610000
 40.590000,-217.670000,-6.890000
 46.710000,-223.670000,-7.490000
 49.280000,-228.440000,-6.090000
 47.530000,-229.880000,-3.040000
 43.900000,-225.970000, 1.030000
 42.800000,-219.540000, 3.550000
 44.000000,-213.290000, 3.210000
 47.350000,-209.050000, 1.540000
 54.690000,-207.020000,-0.640000
 62.190000,-205.390000,-2.090000
 60.640000,-206.620000,-2.520000
 51.320000,-209.370000,-2.920000
 37.770000,-211.430000,-3.690000
 24.370000,-213.640000,-4.510000
 16.140000,-215.670000,-6.670000
 14.270000,-217.360000,-10.220000
 18.520000,-218.770000,-14.870000
 25.180000,-221.270000,-19.670000
 32.360000,-226.010000,-24.120000
 40.850000,-231.520000,-27.160000
 46.920000,-238.000000,-26.610000
 49.450000,-244.830000,-23.050000
 61.350000,-246.700000,-18.920000
 81.990000,-242.620000,-12.450000
 100.660000,-233.400000,-2.560000
 113.100000,-221.590000, 6.830000
 119.160000,-207.350000, 12.050000
 118.270000,-187.960000, 9.910000
 103.260000,-169.450000, 2.610000
 77.380000,-157.930000,-5.040000
 49.350000,-152.530000,-12.110000
 23.440000,-153.310000,-18.350000
 5.550000,-158.500000,-23.090000
-3.180000,-166.090000,-26.320000
-1.300000,-173.640000,-25.710000
 10.800000,-179.740000,-16.830000
 34.890000,-182.780000,-2.410000
 65.320000,-182.390000, 11.980000
 86.540000,-179.550000, 22.490000
 90.510000,-176.140000, 28.510000
 77.860000,-174.550000, 30.350000
 54.980000,-173.900000, 29.470000
 33.860000,-171.760000, 27.680000
 20.350000,-168.010000, 26.020000
 16.630000,-162.610000, 26.130000
 21.010000,-155.320000, 28.860000
 27.500000,-147.630000, 31.320000
 27.740000,-141.600000, 30.930000
 22.060000,-136.430000, 27.830000
 13.420000,-132.410000, 22.910000
 7.960000,-128.490000, 16.880000
 11.350000,-125.370000, 12.210000
 20.350000,-123.800000, 10.360000
 28.880000,-124.870000, 11.520000
 35.400000,-127.750000, 14.680000
 36.120000,-131.920000, 18.250000
 31.710000,-136.510000, 22.720000
 23.980000,-139.990000, 27.590000
 15.410000,-141.780000, 32.900000
 10.910000,-139.920000, 36.750000
 8.990000,-135.010000, 34.900000
 5.510000,-128.260000, 26.770000
-9.280000,-125.350000, 9.920000
-36.060000,-129.400000,-13.580000
-53.510000,-135.640000,-35.200000
-45.190000,-141.670000,-41.960000
-20.870000,-142.900000,-32.090000
 5.200000,-135.900000,-12.540000
 18.870000,-124.190000, 4.470000
 21.610000,-109.660000, 14.270000
 24.650000,-93.050000, 18.190000
 28.870000,-77.150000, 18.630000
 30.800000,-66.020000, 19.950000
 27.190000,-61.790000, 21.850000
 19.870000,-63.120000, 21.340000
 16.640000,-68.270000, 17.490000
 18.810000,-73.890000, 10.840000
 23.160000,-78.240000, 5.140000
 28.080000,-81.190000, 3.380000
 27.220000,-83.510000, 4.550000
 21.930000,-85.630000, 7.050000
 16.210000,-85.480000, 10.050000
 16.710000,-81.670000, 11.270000
 25.670000,-74.620000, 9.670000
 35.450000,-67.550000, 5.410000
 38.500000,-60.120000, 1.670000
 33.490000,-54.660000,-1.680000
 21.610000,-51.420000,-5.190000
 6.580000,-49.130000,-7.900000
-4.850000,-46.610000,-12.380000
-11.540000,-42.970000,-18.890000
-14.790000,-37.870000,-26.040000
-17.470000,-32.100000,-31.790000
-19.760000,-26.760000,-34.310000
-20.410000,-22.350000,-35.770000
-17.740000,-20.060000,-37.890000
-13.690000,-20.290000,-37.050000
-12.310000,-22.940000,-28.880000
-11.770000,-26.040000,-14.380000
-9.130000,-26.470000,-0.430000
-3.190000,-24.520000, 8.490000
 1.570000,-21.320000, 14.480000
 0.160000,-19.860000, 17.590000
-2.150000,-19.260000, 19.920000
-5.770000,-20.950000, 21.320000
-7.560000,-23.920000, 21.480000
-5.760000,-25.750000, 18.920000
-2.700000,-26.830000, 15.100000
 2.290000,-26.760000, 12.210000
 9.490000,-25.140000, 11.000000
 18.700000,-21.870000, 9.580000
 25.350000,-18.230000, 8.000000
 26.830000,-14.540000, 5.510000
 21.570000,-11.510000, 1.830000
 11.890000,-9.380000,-1.520000
 0.430000,-8.540000,-4.680000
-9.190000,-9.230000,-5.740000
-15.750000,-10.090000,-4.960000
-16.370000,-10.550000,-3.320000
-11.670000,-11.230000,-1.670000
-2.640000,-12.640000,-0.420000
 7.510000,-15.400000,-0.460000
 14.250000,-19.870000,-0.820000
 15.190000,-26.280000,-1.420000
 10.540000,-32.890000,-1.310000
 1.870000,-39.760000,-0.010000
-5.420000,-44.040000, 2.260000
-8.380000,-45.540000, 4.300000
-7.390000,-45.210000, 5.060000
-3.520000,-45.670000, 3.870000
 3.230000,-46.870000, 0.220000
 11.450000,-49.610000,-4.530000
 18.810000,-53.150000,-9.640000
 23.870000,-57.900000,-14.190000
 28.160000,-62.900000,-17.080000
 32.730000,-66.380000,-18.750000
 38.460000,-69.220000,-20.720000
 46.590000,-69.970000,-23.380000
 54.160000,-69.690000,-25.750000
 58.130000,-70.800000,-26.160000
 57.460000,-73.370000,-24.610000
 53.970000,-77.070000,-22.450000
 48.140000,-80.870000,-21.750000
 41.630000,-85.060000,-20.230000
 35.710000,-89.060000,-18.060000
 31.150000,-91.980000,-16.190000
 30.480000,-94.060000,-15.970000
 32.370000,-97.580000,-15.100000
 35.160000,-102.570000,-11.600000
 38.930000,-108.550000,-5.250000
 42.160000,-113.520000, 2.540000
 42.760000,-117.990000, 10.240000
 42.100000,-120.480000, 16.550000
 41.400000,-122.680000, 21.280000
 40.390000,-124.820000, 23.650000
 39.930000,-125.640000, 23.700000
 38.690000,-126.510000, 23.060000
 38.640000,-128.130000, 23.830000
 39.340000,-129.990000, 26.110000
 37.830000,-132.130000, 27.540000
 34.360000,-134.740000, 25.610000
 30.840000,-138.040000, 21.980000
 28.150000,-142.610000, 18.610000
 29.830000,-147.910000, 16.620000
 35.610000,-153.700000, 17.380000
 41.840000,-159.310000, 21.430000
 47.190000,-163.550000, 28.400000
 49.840000,-166.740000, 36.690000
 44.540000,-170.220000, 42.770000
 32.220000,-172.800000, 45.560000
 18.450000,-174.470000, 44.900000
 7.220000,-173.670000, 41.170000
 3.420000,-170.380000, 35.520000
 5.800000,-164.120000, 30.140000
 10.010000,-155.250000, 25.900000
 9.350000,-146.590000, 21.000000
 0.030000,-139.310000, 14.360000
-14.000000,-133.940000, 3.710000
-27.710000,-131.250000,-10.190000
-35.540000,-133.550000,-23.020000
-33.320000,-140.930000,-28.490000
-17.240000,-152.030000,-23.870000
 6.890000,-161.700000,-13.560000
 28.660000,-168.470000,-2.330000
 42.340000,-172.450000, 8.770000
 47.770000,-173.270000, 19.220000
 48.900000,-170.630000, 27.230000
 45.060000,-166.640000, 30.110000
 37.400000,-163.610000, 28.030000
 27.170000,-163.520000, 23.270000
 16.280000,-166.320000, 17.600000
 8.450000,-171.410000, 11.700000
 3.490000,-178.600000, 6.630000
-0.480000,-187.210000, 1.490000
 0.030000,-195.250000,-5.030000
 7.480000,-201.040000,-11.000000
 20.220000,-204.290000,-14.900000
 34.910000,-206.720000,-17.300000
 45.990000,-207.580000,-18.200000
 50.610000,-205.460000,-19.410000
 53.800000,-203.610000,-18.190000
 57.000000,-202.550000,-13.830000
 58.970000,-203.080000,-6.570000
 56.800000,-205.670000,-0.470000
 50.950000,-208.760000, 0.230000
 43.740000,-211.730000,-3.920000
 36.030000,-215.620000,-9.320000
 29.470000,-220.570000,-13.820000
 26.370000,-225.970000,-15.480000
 26.590000,-231.380000,-13.110000
 28.060000,-236.680000,-9.000000
 34.290000,-240.700000,-7.480000
 45.120000,-243.530000,-9.840000
 51.960000,-244.450000,-13.190000
 50.870000,-246.320000,-15.880000
 48.120000,-250.130000,-18.640000
 44.210000,-250.130000,-18.780000
 39.380000,-250.130000,-15.390000
 38.800000,-250.130000,-9.670000
 52.810000,-250.130000,-4.030000
 89.350000,-244.960000, 7.250000
 134.720000,-227.930000, 23.750000
 167.090000,-199.970000, 26.430000
 167.740000,-176.160000, 16.550000
 137.930000,-164.110000, 2.670000
 92.410000,-162.230000,-14.360000
 41.030000,-168.610000,-29.620000
-4.510000,-182.190000,-36.790000
-32.180000,-196.710000,-39.250000
-38.440000,-208.590000,-33.160000
-25.940000,-216.060000,-16.300000
 8.290000,-219.130000, 4.690000
 63.700000,-211.550000, 19.680000
 113.580000,-199.320000, 27.640000
 144.200000,-186.870000, 30.240000
 144.590000,-177.930000, 28.520000
 116.050000,-172.040000, 25.800000
 65.230000,-168.910000, 24.800000
 11.770000,-164.630000, 26.430000
-22.140000,-158.930000, 27.120000
-31.610000,-150.910000, 28.900000
-18.340000,-142.220000, 30.620000
 6.420000,-133.760000, 29.080000
 19.780000,-128.610000, 24.860000
 17.360000,-125.650000, 19.970000
 7.450000,-125.300000, 15.510000
-1.480000,-126.510000, 12.010000
-3.350000,-128.780000, 10.830000
 8.980000,-130.330000, 12.180000
 30.000000,-131.150000, 15.250000
 54.450000,-129.740000, 18.730000
 69.970000,-127.930000, 21.000000
 70.150000,-126.540000, 22.000000
 57.180000,-125.060000, 20.640000
 37.310000,-123.980000, 17.870000
 18.590000,-120.760000, 12.690000
 8.780000,-112.120000, 4.320000
 4.450000,-104.360000,-6.390000
-9.000000,-104.330000,-15.560000
-28.380000,-106.190000,-19.920000
-39.120000,-108.300000,-21.170000
-40.770000,-108.300000,-21.350000
-31.350000,-103.640000,-15.960000
-12.610000,-93.800000,-4.840000
 9.350000,-80.110000, 8.260000
 26.930000,-67.830000, 21.370000
 31.670000,-58.180000, 32.680000
 25.820000,-51.650000, 41.940000
 15.790000,-48.220000, 47.470000
 7.140000,-47.270000, 47.450000
 2.970000,-49.120000, 41.050000
 2.780000,-53.070000, 30.050000
 4.920000,-57.470000, 18.720000
 9.450000,-62.110000, 10.190000
 13.830000,-66.320000, 5.050000
 16.100000,-69.110000, 2.160000
 15.890000,-71.220000,-0.560000
 12.690000,-71.790000,-3.960000
 8.130000,-71.700000,-5.540000
 3.910000,-71.270000,-5.700000
-1.170000,-70.160000,-4.840000
-7.900000,-67.950000,-4.740000
-12.800000,-64.060000,-6.090000
-15.320000,-59.280000,-9.090000
-17.760000,-54.960000,-12.190000
-22.730000,-54.530000,-14.420000
-29.460000,-56.520000,-13.960000
-32.030000,-57.450000,-9.810000
-26.870000,-55.930000,-4.190000
-13.380000,-49.670000, 1.640000
 1.430000,-39.830000, 6.830000
 14.410000,-28.300000, 12.340000
 18.040000,-20.400000, 18.050000
 17.040000,-15.550000, 23.700000
 13.770000,-11.670000, 27.900000
 12.250000,-9.000000, 26.550000
 15.700000,-9.310000, 15.530000
 14.770000,-15.380000, 0.150000
 4.330000,-24.920000,-12.640000
-9.700000,-32.610000,-17.300000
-23.400000,-37.200000,-13.550000
-23.320000,-38.850000,-7.750000
-3.740000,-35.850000,-4.000000
 23.810000,-29.580000,-2.430000
 44.870000,-23.820000,-5.870000
 51.180000,-19.910000,-11.630000
 35.340000,-20.830000,-15.700000
 7.270000,-24.910000,-17.010000
-20.890000,-29.600000,-14.190000
-39.160000,-34.380000,-9.140000
-41.220000,-37.460000,-5.010000
-28.470000,-39.540000,-3.980000
-7.350000,-41.530000,-5.760000
 10.950000,-43.530000,-9.830000
 20.060000,-45.120000,-12.120000
 20.960000,-45.580000,-12.320000
 17.390000,-46.610000,-10.460000
 12.320000,-48.090000,-8.160000
 8.860000,-50.630000,-7.090000
 8.580000,-53.510000,-6.870000
 11.920000,-56.390000,-7.610000
 19.600000,-59.090000,-9.580000
 28.740000,-61.660000,-11.290000
 37.030000,-64.450000,-12.740000
 43.680000,-66.580000,-13.900000
 47.550000,-69.440000,-16.450000
 50.110000,-71.900000,-21.000000
 51.370000,-75.070000,-26.260000
 52.350000,-79.660000,-30.260000
 53.010000,-84.410000,-32.320000
 50.370000,-88.610000,-31.880000
 44.530000,-92.870000,-29.360000
 39.610000,-97.170000,-24.710000
 36.340000,-100.710000,-18.770000
 33.120000,-104.270000,-11.450000
 30.940000,-106.890000,-3.280000
 29.330000,-109.790000, 4.580000
 27.070000,-113.220000, 11.740000
 26.110000,-117.020000, 16.540000
 28.410000,-121.060000, 19.410000
 34.360000,-125.220000, 20.630000
 41.410000,-128.940000, 19.700000
 46.510000,-131.350000, 17.340000
 47.840000,-134.070000, 15.070000
 46.850000,-138.260000, 13.940000
 46.200000,-142.540000, 13.890000
 45.940000,-147.530000, 15.220000
 45.320000,-153.160000, 17.670000
 44.590000,-158.340000, 20.290000
 42.500000,-163.250000, 22.530000
 40.940000,-166.660000, 25.260000
 40.090000,-169.080000, 28.280000
 39.090000,-170.190000, 31.740000
 37.480000,-170.060000, 34.550000
 33.800000,-168.950000, 36.090000
 27.680000,-167.270000, 36.830000
 19.250000,-164.780000, 37.410000
 10.190000,-161.720000, 37.030000
 1.870000,-158.770000, 35.700000
-4.960000,-153.860000, 32.930000
-13.060000,-149.260000, 26.220000
-20.740000,-145.620000, 15.840000
-27.060000,-143.840000, 2.330000
-28.450000,-145.180000,-10.480000
-20.120000,-149.100000,-17.270000
-1.660000,-152.840000,-14.540000
 16.450000,-154.150000,-5.630000
 25.580000,-154.240000, 1.950000
 25.520000,-153.190000, 6.090000
 23.700000,-151.470000, 7.830000
 25.130000,-149.930000, 8.900000
 31.080000,-149.090000, 11.460000
 37.880000,-149.750000, 15.160000
 42.670000,-153.420000, 16.700000
 42.380000,-159.440000, 16.840000
 37.540000,-166.510000, 16.310000
 30.630000,-173.640000, 13.880000
 24.800000,-180.640000, 10.190000
 21.640000,-186.830000, 4.520000
 21.390000,-191.920000,-2.610000
 23.110000,-195.560000,-9.510000
 26.580000,-198.380000,-15.090000
 31.320000,-200.330000,-19.060000
 36.060000,-200.610000,-20.230000
 40.290000,-199.570000,-18.370000
 43.400000,-198.250000,-13.260000
 46.460000,-196.900000,-6.500000
 48.320000,-197.120000,-1.800000
 45.900000,-199.470000,-1.000000
 39.960000,-201.920000,-3.290000
 34.510000,-204.640000,-8.190000
 31.540000,-207.210000,-13.610000
 30.710000,-209.490000,-16.490000
 30.910000,-211.830000,-16.140000
 32.220000,-213.560000,-13.620000
 33.150000,-213.840000,-9.000000
 35.060000,-213.060000,-5.060000
 38.640000,-211.110000,-4.480000
 42.240000,-209.570000,-7.540000
 41.310000,-210.060000,-11.520000
 36.330000,-213.360000,-15.450000
 31.780000,-218.350000,-18.480000
 31.160000,-224.410000,-19.440000
 34.000000,-228.810000,-15.300000
 41.450000,-230.200000,-8.440000
 53.030000,-228.870000,-0.090000
 64.900000,-222.940000, 13.000000
 75.220000,-211.770000, 27.530000
 83.850000,-196.970000, 36.970000
 88.670000,-177.580000, 38.750000
 84.700000,-158.530000, 31.210000
 68.760000,-146.290000, 15.970000
 51.120000,-148.610000,-0.240000
 33.870000,-157.640000,-13.880000
 22.780000,-172.350000,-19.850000
 23.060000,-187.670000,-24.640000
 32.930000,-200.490000,-25.550000
 46.360000,-208.900000,-21.970000
 59.510000,-211.690000,-13.960000
 70.380000,-211.820000,-3.580000
 79.250000,-207.710000, 5.330000
 84.080000,-199.120000, 9.960000
 78.930000,-188.270000, 9.900000
 64.960000,-177.680000, 9.210000
 48.120000,-166.990000, 8.320000
 36.290000,-156.580000, 8.170000
 28.160000,-146.120000, 10.690000
 22.770000,-138.530000, 15.490000
 19.860000,-132.590000, 18.830000
 20.870000,-127.450000, 18.950000
 23.970000,-122.290000, 16.220000
 25.590000,-116.850000, 11.180000
 26.130000,-110.940000, 5.950000
 26.700000,-106.000000, 2.250000
 28.230000,-103.880000, 1.300000
 31.220000,-104.250000, 1.530000
 33.120000,-105.040000, 1.840000
 30.800000,-107.690000, 3.060000
 22.340000,-112.750000, 6.000000
 11.830000,-119.830000, 12.040000
 4.010000,-126.200000, 21.760000
 3.510000,-129.720000, 32.670000
 10.430000,-131.380000, 43.410000
 22.020000,-130.610000, 50.930000
 30.740000,-127.570000, 48.690000
 30.580000,-123.430000, 36.840000
 14.800000,-123.110000, 17.030000
-16.860000,-128.560000,-6.820000
-43.900000,-134.080000,-26.160000
-50.270000,-135.800000,-33.330000
-41.690000,-135.850000,-25.790000
-25.320000,-132.100000,-11.770000
-13.480000,-124.130000, 1.250000
-2.200000,-117.590000, 10.190000
 16.850000,-109.830000, 18.040000
 41.240000,-99.510000, 25.790000
 57.720000,-90.460000, 30.270000
 62.350000,-85.850000, 29.190000
 59.380000,-85.280000, 25.520000
 53.870000,-88.110000, 21.610000
 44.840000,-92.540000, 17.150000
 34.000000,-95.710000, 12.090000
 23.220000,-96.370000, 9.030000
 14.870000,-94.130000, 7.560000
 10.780000,-88.700000, 7.380000
 11.650000,-80.170000, 6.760000
 16.220000,-70.250000, 5.140000
 19.670000,-61.670000, 3.480000
 20.100000,-54.840000, 3.980000
 17.390000,-50.750000, 5.000000
 11.590000,-49.930000, 4.970000
 6.670000,-50.740000, 1.860000
 2.080000,-52.220000,-2.660000
-3.830000,-52.740000,-7.160000
-10.580000,-52.230000,-10.920000
-15.120000,-50.480000,-15.090000
-16.290000,-46.560000,-20.270000
-14.920000,-41.640000,-25.350000
-12.570000,-36.490000,-27.160000
-10.830000,-33.550000,-24.450000
-11.460000,-32.110000,-19.190000
-11.320000,-31.420000,-11.900000
-8.800000,-30.220000,-4.490000
-4.840000,-27.520000, 0.210000
-0.630000,-24.300000, 1.750000
 1.740000,-21.740000, 1.300000
 1.260000,-19.580000, 0.660000
-0.830000,-18.910000, 1.270000
-0.640000,-19.060000, 1.590000
 2.800000,-19.020000, 1.460000
 6.870000,-19.370000, 1.780000
 11.200000,-20.880000, 2.250000
 14.220000,-22.640000, 3.740000
 16.030000,-23.410000, 6.140000
 17.560000,-23.440000, 8.170000
 17.830000,-22.780000, 8.000000
 15.540000,-22.110000, 6.650000
 10.060000,-21.510000, 4.610000
 3.730000,-21.440000, 2.320000
-2.260000,-21.550000, 0.620000
-6.720000,-21.160000, 0.450000
-8.860000,-19.320000, 2.250000
-8.220000,-17.100000, 5.770000
-4.700000,-14.930000, 8.920000
 1.270000,-14.610000, 9.530000
 7.900000,-15.930000, 7.340000
 12.910000,-19.900000, 2.500000
 13.160000,-26.350000,-3.610000
 10.450000,-34.700000,-10.050000
 8.440000,-44.030000,-15.540000
 10.450000,-52.220000,-19.080000
 16.920000,-58.700000,-20.080000
 29.730000,-61.650000,-18.560000
 45.080000,-62.530000,-16.830000
 53.480000,-62.380000,-15.180000
 51.990000,-63.060000,-14.700000
 43.690000,-64.190000,-16.400000
 31.730000,-64.440000,-18.320000
 16.130000,-65.120000,-18.530000
 1.380000,-66.460000,-16.360000
-7.990000,-69.380000,-12.760000
-11.480000,-72.750000,-9.080000
-7.180000,-76.610000,-4.460000
 3.990000,-79.930000, 2.600000
 17.570000,-82.160000, 10.860000
 28.140000,-85.630000, 17.160000
 34.580000,-90.640000, 20.580000
 36.910000,-96.740000, 20.930000
 36.450000,-103.690000, 18.280000
 34.090000,-110.830000, 14.370000
 34.700000,-119.520000, 12.030000
 40.040000,-128.510000, 12.530000
 45.880000,-138.130000, 15.640000
 49.440000,-146.850000, 20.250000
 48.470000,-155.260000, 23.900000
 44.530000,-162.640000, 27.930000
 41.560000,-168.510000, 32.250000
 38.420000,-173.750000, 36.470000
 35.790000,-178.370000, 38.930000
 30.910000,-182.580000, 38.500000
 24.000000,-186.860000, 35.020000
 17.160000,-190.160000, 29.230000
 11.870000,-190.590000, 23.350000
 10.600000,-187.190000, 18.770000
 8.270000,-181.000000, 13.400000
 0.870000,-174.710000, 6.800000
-10.450000,-167.720000,-2.490000
-20.800000,-159.960000,-15.560000
-22.200000,-154.910000,-26.860000
-15.660000,-156.070000,-28.010000
-3.040000,-160.820000,-20.140000
 7.860000,-167.280000,-11.840000
 17.000000,-173.630000,-6.520000
 26.380000,-178.430000,-2.500000
 33.960000,-182.410000, 2.410000
 37.810000,-185.470000, 7.350000
 36.620000,-187.730000, 9.680000
 34.690000,-189.350000, 10.170000
 34.920000,-191.760000, 9.810000
 35.370000,-196.540000, 8.230000
 33.320000,-203.950000, 7.090000
 27.900000,-213.200000, 7.110000
 23.440000,-221.770000, 5.770000
 22.120000,-228.580000, 2.230000
 23.770000,-232.250000,-3.410000
 28.510000,-233.630000,-9.180000
 34.410000,-232.850000,-12.510000
 41.140000,-230.230000,-13.270000
 47.350000,-226.250000,-12.350000
 50.060000,-222.610000,-10.230000
 51.160000,-220.520000,-7.900000
 50.040000,-221.180000,-4.680000
 46.180000,-222.930000,-2.680000
 40.790000,-225.210000,-2.610000
 37.250000,-226.410000,-3.930000
 34.640000,-227.290000,-4.840000
 31.530000,-228.290000,-5.680000
 26.800000,-229.930000,-6.920000
 24.390000,-231.630000,-8.340000
 28.080000,-233.040000,-10.670000
 34.740000,-234.930000,-13.350000
 38.900000,-236.260000,-15.480000
 39.270000,-237.030000,-16.760000
 38.830000,-238.410000,-17.090000
 39.320000,-239.070000,-16.750000
 38.270000,-240.970000,-16.350000
 40.620000,-243.190000,-16.700000
 49.230000,-243.210000,-16.080000
 60.230000,-240.450000,-10.930000
 66.970000,-234.550000, 0.290000
 74.630000,-224.530000, 11.610000
 95.310000,-206.030000, 17.210000
 122.490000,-182.360000, 11.830000
 130.770000,-161.790000,-1.000000
 111.980000,-151.780000,-16.340000
 74.000000,-151.170000,-30.000000
 33.890000,-160.720000,-34.920000
 0.160000,-170.700000,-32.290000
-21.220000,-183.590000,-30.320000
-19.640000,-194.940000,-26.860000
 4.960000,-204.320000,-15.550000
 59.600000,-205.980000, 0.950000
 114.980000,-201.770000, 15.150000
 143.700000,-195.970000, 24.100000
 146.000000,-189.880000, 26.140000
 123.380000,-184.740000, 23.060000
 81.770000,-179.990000, 17.650000
 32.640000,-177.020000, 12.900000
-4.180000,-173.220000, 9.900000
-20.920000,-167.720000, 8.510000
-18.240000,-157.740000, 10.430000
-1.880000,-144.410000, 15.000000
 20.250000,-130.830000, 20.540000
 35.740000,-119.290000, 25.510000
 43.510000,-110.000000, 27.670000
 44.850000,-101.980000, 26.990000
 40.250000,-96.790000, 24.480000
 31.850000,-95.550000, 22.160000
 24.600000,-96.470000, 20.960000
 21.060000,-97.540000, 21.220000
 18.830000,-99.800000, 23.620000
 14.570000,-102.180000, 26.540000
 11.010000,-105.620000, 29.700000
 9.250000,-109.210000, 32.480000
 15.750000,-108.670000, 32.310000
 23.670000,-104.140000, 27.620000
 20.540000,-101.460000, 12.090000
 2.710000,-102.830000,-9.470000
-17.480000,-111.110000,-25.380000
-25.440000,-121.490000,-27.930000
-27.260000,-129.450000,-16.340000
-24.350000,-130.290000, 0.950000
-19.530000,-122.580000, 14.930000
-13.260000,-113.200000, 20.910000
 1.520000,-102.550000, 22.700000
 20.800000,-90.190000, 26.560000
 30.390000,-82.640000, 30.500000
 25.790000,-80.320000, 31.970000
 16.050000,-82.550000, 29.160000
 9.000000,-88.420000, 22.820000
 8.820000,-95.160000, 15.760000
 13.350000,-101.160000, 11.110000
 16.880000,-105.580000, 8.690000
 15.530000,-108.200000, 7.830000
 12.040000,-108.080000, 7.280000
 12.700000,-104.160000, 7.200000
 18.530000,-98.200000, 5.020000
 23.910000,-91.830000, 2.280000
 24.620000,-86.470000, 0.770000
 20.660000,-82.780000, 0.090000
 15.350000,-78.860000, 0.760000
 9.070000,-74.630000, 0.800000
 2.870000,-70.060000,-0.530000
-3.450000,-66.010000,-4.240000
-12.340000,-62.000000,-9.350000
-20.490000,-57.540000,-13.480000
-23.960000,-53.290000,-15.490000
-23.260000,-48.960000,-16.230000
-20.190000,-45.790000,-18.800000
-16.440000,-43.960000,-22.290000
-16.820000,-46.080000,-24.270000
-20.470000,-49.930000,-21.250000
-22.170000,-54.410000,-12.850000
-19.130000,-56.350000,-0.500000
-13.190000,-55.740000, 13.210000
-6.650000,-51.580000, 23.320000
 0.120000,-43.830000, 29.200000
 3.290000,-37.090000, 30.330000
 7.610000,-31.090000, 26.120000
 10.780000,-26.700000, 16.830000
 9.430000,-26.880000, 3.740000
 5.880000,-31.120000,-9.300000
 2.540000,-38.670000,-18.090000
 0.370000,-47.400000,-21.340000
 0.690000,-54.930000,-19.060000
 5.090000,-59.700000,-13.380000
 14.640000,-60.590000,-9.130000
 23.640000,-58.960000,-8.060000
 25.100000,-56.060000,-8.420000
 19.900000,-52.860000,-9.110000
 11.690000,-50.570000,-10.660000
 3.500000,-49.170000,-11.410000
-0.990000,-48.490000,-9.400000
 0.060000,-47.370000,-4.350000
 6.470000,-46.410000, 2.660000
 14.380000,-45.770000, 7.880000
 22.890000,-46.770000, 8.740000
 30.000000,-48.550000, 4.090000
 31.320000,-52.000000,-2.900000
 26.830000,-56.320000,-7.320000
 20.870000,-60.610000,-9.570000
 15.290000,-63.640000,-10.700000
 9.700000,-65.950000,-11.740000
 4.880000,-68.490000,-13.430000
 3.670000,-69.140000,-15.880000
 7.250000,-68.450000,-17.580000
 12.990000,-67.640000,-18.160000
 20.190000,-66.360000,-16.970000
 27.670000,-66.060000,-15.870000
 33.750000,-66.610000,-15.440000
 36.350000,-69.290000,-15.740000
 37.930000,-72.670000,-16.220000
 36.990000,-77.420000,-16.450000
 34.670000,-82.780000,-16.740000
 32.930000,-87.920000,-16.390000
 33.960000,-92.530000,-15.270000
 36.810000,-96.260000,-13.050000
 39.650000,-98.630000,-10.000000
 40.090000,-100.180000,-7.190000
 38.440000,-99.350000,-5.650000
 36.840000,-99.540000,-4.480000
 32.970000,-98.090000,-4.970000
 29.520000,-96.250000,-5.580000
 28.240000,-92.170000,-6.390000
 28.100000,-86.710000,-7.690000
 28.420000,-80.120000,-9.110000
 27.650000,-73.510000,-10.180000
 26.130000,-67.800000,-10.480000
 25.400000,-62.940000,-10.020000
 24.970000,-60.150000,-8.330000
 23.180000,-58.060000,-5.780000
 20.810000,-56.830000,-3.030000
 17.550000,-55.450000,-0.860000
 12.890000,-53.570000, 0.070000
 7.980000,-51.440000, 0.190000
 5.060000,-48.790000, 0.300000
 4.400000,-45.610000,-0.560000
 4.080000,-41.920000,-1.320000
 2.890000,-38.590000,-1.640000
 2.060000,-35.960000,-1.410000
 2.410000,-33.040000,-1.200000
 4.510000,-29.710000,-0.770000
 6.390000,-26.900000, 0.190000
 6.740000,-23.600000, 1.540000
 5.540000,-21.250000, 2.290000
 3.210000,-19.370000, 2.520000
 1.060000,-17.760000, 2.260000
 0.030000,-17.120000, 1.950000
 0.890000,-16.320000, 1.580000
 3.230000,-15.590000, 1.540000
 5.210000,-14.630000, 1.700000
 6.410000,-13.960000, 1.950000
 6.930000,-12.920000, 2.550000
 7.410000,-10.990000, 3.180000
 7.800000,-9.410000, 3.580000
 7.510000,-7.090000, 3.960000
 6.500000,-4.860000, 4.640000
 5.130000,-2.410000, 5.020000
 4.190000, 0.170000, 5.130000
 2.900000, 2.800000, 5.640000
 2.170000, 4.850000, 6.160000
 1.800000, 8.740000, 5.640000
 3.380000, 11.890000, 6.210000
 5.080000, 15.980000, 8.640000
 7.100000, 20.090000, 12.740000
 6.680000, 21.490000, 17.220000
 4.360000, 20.770000, 18.630000
 2.680000, 20.500000, 15.740000
 1.960000, 22.000000, 11.380000
 2.350000, 24.960000, 10.680000
 1.320000, 28.270000, 13.230000
-1.030000, 30.470000, 15.120000
-3.780000, 30.230000, 14.980000
-2.880000, 29.770000, 14.020000
 2.900000, 30.180000, 13.590000
 8.870000, 31.250000, 14.790000
 9.090000, 30.960000, 17.850000
 4.420000, 31.410000, 21.000000
-4.980000, 34.020000, 19.410000
-18.020000, 37.050000, 8.470000
-35.990000, 38.410000,-12.370000
-50.030000, 37.440000,-36.920000
-47.250000, 30.580000,-53.760000
-30.150000, 30.720000,-54.860000
-17.280000, 31.330000,-43.600000
-18.870000, 33.430000,-29.410000
-32.990000, 37.480000,-14.900000
-47.650000, 43.930000,-1.650000
-47.230000, 52.150000, 9.290000
-28.230000, 61.290000, 18.580000
-8.040000, 68.520000, 27.850000
 2.630000, 71.310000, 32.900000
 0.230000, 68.720000, 34.390000
-9.250000, 62.000000, 35.150000
-19.320000, 54.440000, 34.420000
-24.470000, 50.000000, 31.110000
-22.770000, 50.160000, 26.400000
-18.770000, 52.540000, 21.680000
-14.370000, 55.150000, 18.100000
-9.430000, 57.890000, 15.310000
-5.700000, 59.100000, 12.410000
-3.360000, 58.090000, 9.070000
-2.930000, 55.320000, 6.080000
-2.580000, 50.830000, 5.000000
-0.380000, 45.350000, 5.700000
 0.270000, 40.380000, 7.490000
-4.070000, 36.200000, 8.570000
-12.960000, 33.070000, 7.680000
-23.060000, 29.200000, 4.450000
-26.520000, 25.760000, 0.150000
-23.560000, 22.900000,-3.700000
-15.430000, 20.900000,-4.770000
