 93.180000,-81.000000, 250.120000
 97.570000,-66.650000, 250.120000
 101.590000,-63.930000, 250.120000
 110.860000,-68.080000, 250.120000
 121.920000,-71.650000, 250.120000
 152.670000,-67.090000, 250.120000
 217.100000,-46.090000, 250.120000
 250.120000,-19.240000, 250.120000
 250.120000, 0.110000, 250.120000
 250.120000, 2.600000, 250.120000
 250.120000,-10.240000, 250.120000
 250.120000,-18.250000, 250.120000
 250.120000,-15.000000, 250.120000
 250.120000,-11.370000, 250.120000
 250.120000,-11.900000, 232.120000
 250.120000,-12.810000, 209.050000
 250.120000,-14.970000, 184.960000
 250.120000,-16.380000, 160.210000
 250.120000,-15.020000, 134.880000
 250.120000,-8.620000, 109.580000
 199.990000, 24.500000, 79.410000
 115.700000, 62.980000, 55.490000
 78.940000, 85.860000, 41.230000
 89.130000, 93.520000, 35.670000
 113.250000, 82.550000, 28.910000
 131.610000, 59.550000, 17.430000
 138.360000, 39.800000,-0.330000
 143.020000, 26.630000,-22.320000
 161.060000, 21.030000,-45.670000
 185.350000, 22.870000,-66.590000
 198.660000, 40.740000,-85.530000
 198.300000, 78.880000,-93.870000
 178.180000, 143.300000,-94.830000
 139.340000, 218.180000,-88.830000
 93.320000, 250.120000,-86.100000
 58.200000, 250.120000,-94.590000
 39.500000, 250.120000,-119.450000
 34.510000, 250.120000,-150.510000
 66.230000, 250.120000,-163.040000
 83.440000,-250.130000, 96.800000
 185.750000, 167.020000,-33.190000
-2.930000, 199.320000,-29.430000
 49.700000, 47.580000, 2.410000
 107.240000, 49.150000,-14.460000
 60.610000, 52.990000, 9.040000
-14.540000, 57.410000, 25.180000
-20.010000, 50.990000, 25.480000
-27.040000, 52.430000, 23.030000
-21.000000, 42.930000, 16.730000
-5.540000, 27.610000, 6.980000
 2.350000, 16.680000,-0.610000
 6.730000, 13.560000,-5.010000
 10.870000, 11.680000,-7.130000
 9.820000, 9.010000,-8.160000
 0.440000, 5.360000,-9.930000
-13.080000,-0.830000,-16.130000
-25.620000,-4.160000,-26.450000
-35.650000,-2.560000,-41.110000
-31.960000, 5.000000,-61.270000
-20.660000, 16.660000,-85.690000
-8.360000, 31.440000,-111.990000
 2.320000, 48.800000,-139.580000
 12.770000, 68.160000,-161.930000
 14.630000, 90.610000,-179.030000
 6.090000, 113.380000,-191.140000
-11.910000, 135.910000,-197.790000
-38.700000, 152.080000,-201.740000
-60.890000, 166.540000,-206.990000
-70.160000, 186.460000,-213.220000
-59.970000, 210.780000,-208.610000
-41.540000, 237.820000,-211.720000
-25.420000, 250.120000,-204.960000
-17.440000, 250.120000,-196.030000
-14.930000, 250.120000,-178.250000
-19.800000, 250.120000,-161.450000
-32.290000, 250.120000,-147.900000
-49.640000, 247.820000,-135.480000
-51.930000, 235.370000,-125.140000
-57.650000, 217.260000,-121.340000
-65.270000, 198.670000,-134.360000
-74.850000, 183.030000,-155.440000
-81.620000, 176.720000,-176.700000
-91.610000, 174.380000,-200.770000
-123.330000, 167.090000,-223.910000
-168.100000, 159.390000,-241.930000
-215.990000, 154.380000,-248.920000
-241.660000, 152.450000,-241.870000
-227.390000, 153.870000,-225.030000
-188.680000, 156.850000,-207.450000
-152.170000, 159.460000,-193.180000
-131.060000, 161.880000,-185.970000
-143.510000, 158.090000,-182.730000
-179.800000, 143.580000,-179.690000
-224.540000, 113.310000,-173.870000
-250.130000, 69.580000,-162.610000
-250.130000, 19.510000,-144.730000
-250.130000,-26.660000,-121.930000
-228.730000,-60.110000,-94.800000
-173.680000,-76.610000,-63.840000
-111.320000,-77.090000,-33.800000
-55.610000,-69.400000,-6.800000
-14.020000,-55.120000, 16.830000
 13.540000,-34.800000, 35.060000
 28.780000,-11.920000, 46.100000
 37.590000, 9.540000, 47.260000
 37.390000, 32.380000, 39.870000
 31.550000, 48.270000, 22.990000
 27.910000, 54.670000, 3.670000
 26.820000, 48.670000,-11.110000
 28.840000, 29.830000,-19.510000
 23.590000, 3.410000,-18.900000
-1.860000,-27.350000,-11.150000
-53.060000,-60.360000,-1.250000
-122.250000,-93.510000, 7.790000
-192.030000,-122.250000, 15.760000
-250.130000,-143.180000, 21.540000
-250.130000,-157.290000, 27.660000
-250.130000,-164.370000, 35.610000
-250.130000,-162.430000, 47.480000
-250.130000,-157.220000, 61.100000
-250.130000,-152.640000, 71.740000
-250.130000,-145.680000, 80.350000
-224.320000,-133.480000, 85.770000
-187.510000,-121.360000, 85.640000
-162.690000,-111.550000, 81.350000
-150.180000,-102.920000, 74.700000
-148.290000,-95.370000, 66.150000
-154.260000,-89.210000, 56.290000
-164.620000,-81.810000, 46.810000
-177.150000,-73.180000, 39.580000
-191.340000,-63.090000, 34.670000
-205.840000,-52.630000, 32.450000
-222.420000,-42.250000, 32.830000
-241.350000,-32.900000, 35.220000
-250.130000,-27.680000, 39.120000
-250.130000,-25.580000, 44.190000
-250.130000,-26.030000, 50.640000
-250.130000,-28.120000, 57.530000
-250.130000,-31.820000, 65.320000
-250.130000,-36.610000, 73.040000
-250.130000,-42.600000, 80.660000
-249.770000,-49.710000, 88.210000
-250.130000,-57.380000, 95.060000
-250.130000,-60.670000, 100.520000
-250.130000,-60.720000, 104.510000
-250.130000,-59.740000, 108.670000
-250.130000,-57.320000, 112.080000
-250.130000,-51.290000, 117.510000
-250.130000,-42.640000, 124.290000
-250.130000,-33.610000, 128.390000
-250.130000,-26.370000, 127.800000
-250.130000,-21.890000, 119.560000
-250.130000,-28.430000, 107.430000
-250.130000,-41.840000, 97.770000
-250.130000,-57.600000, 96.160000
-250.130000,-74.280000, 102.870000
-250.130000,-93.220000, 117.310000
-250.130000,-108.420000, 131.670000
-250.130000,-117.380000, 143.440000
-219.640000,-122.800000, 151.930000
-190.270000,-125.130000, 158.380000
-163.490000,-121.760000, 165.330000
-142.030000,-111.200000, 173.260000
-126.440000,-96.720000, 182.910000
-120.320000,-85.060000, 194.330000
-116.660000,-75.880000, 204.980000
-110.640000,-70.130000, 213.420000
-94.780000,-65.080000, 217.610000
-73.370000,-58.580000, 218.890000
-58.100000,-50.800000, 220.540000
-56.760000,-44.590000, 223.320000
-65.120000,-39.420000, 226.660000
-76.220000,-31.590000, 230.200000
-81.460000,-22.030000, 234.070000
-74.550000,-11.780000, 236.200000
-65.510000,-0.470000, 237.510000
-56.880000, 11.900000, 239.350000
-52.810000, 21.220000, 244.130000
-57.290000, 21.380000, 250.120000
-70.220000, 13.770000, 250.120000
-80.680000, 10.190000, 250.120000
-82.440000, 6.640000, 250.120000
-79.490000,-6.870000, 250.120000
-66.830000,-39.190000, 250.120000
-49.420000,-83.500000, 250.120000
-37.190000,-121.960000, 250.120000
-27.990000,-144.710000, 250.120000
 1.940000,-155.160000, 250.120000
 58.290000,-159.610000, 250.120000
 112.260000,-167.050000, 250.120000
 138.570000,-173.900000, 250.120000
 130.030000,-181.610000, 250.120000
 110.630000,-182.420000, 250.120000
 91.890000,-179.270000, 250.120000
 88.960000,-177.470000, 250.120000
 103.650000,-176.090000, 250.120000
 117.480000,-168.800000, 250.120000
 117.880000,-155.450000, 235.460000
 109.620000,-138.290000, 218.150000
 99.900000,-121.530000, 197.610000
 97.420000,-104.340000, 175.740000
 105.990000,-93.590000, 159.350000
 113.050000,-85.940000, 141.930000
 120.360000,-84.290000, 123.510000
 128.900000,-75.290000, 99.200000
 140.020000,-47.460000, 69.480000
 155.340000,-5.680000, 36.230000
 150.060000, 43.800000, 5.660000
 129.060000, 100.830000,-21.190000
 117.670000, 175.720000,-46.120000
 120.920000, 250.120000,-68.780000
 135.670000, 250.120000,-90.660000
 151.130000, 250.120000,-108.970000
 141.780000, 250.120000,-117.270000
 83.220000, 250.120000,-114.120000
 31.140000, 250.120000,-84.680000
 19.980000, 250.120000,-37.380000
 243.650000,-250.130000, 250.120000
 250.120000,-250.130000, 83.120000
 123.640000, 52.960000,-103.530000
-0.340000, 167.250000,-57.450000
-43.740000, 67.030000,-37.320000
 30.510000, 18.870000,-69.190000
 38.910000, 11.140000,-83.210000
 10.290000, 13.530000,-73.090000
-16.110000, 23.160000,-68.800000
-20.370000, 26.150000,-66.350000
-15.010000, 26.760000,-70.400000
-11.830000, 30.570000,-76.360000
-9.490000, 32.410000,-80.260000
-5.730000, 31.690000,-82.290000
-4.870000, 31.720000,-83.890000
-8.220000, 33.770000,-86.970000
-8.930000, 36.820000,-92.020000
-8.580000, 38.580000,-100.900000
-11.980000, 41.580000,-112.510000
-19.500000, 48.870000,-127.230000
-30.390000, 62.740000,-144.120000
-38.300000, 79.350000,-159.840000
-46.000000, 95.250000,-174.190000
-56.050000, 115.640000,-190.040000
-62.950000, 139.930000,-205.210000
-62.670000, 172.430000,-219.900000
-51.670000, 206.830000,-230.140000
-41.520000, 232.800000,-234.060000
-35.450000, 250.120000,-228.490000
-43.470000, 250.120000,-227.100000
-57.550000, 250.120000,-231.970000
-70.790000, 250.120000,-229.250000
-89.890000, 250.120000,-211.520000
-119.640000, 250.120000,-200.730000
-141.970000, 250.120000,-186.850000
-154.030000, 250.120000,-173.850000
-161.160000, 231.770000,-170.830000
-173.160000, 205.930000,-175.700000
-183.940000, 186.170000,-184.410000
-196.820000, 175.410000,-191.390000
-209.710000, 175.960000,-192.220000
-221.620000, 181.360000,-187.740000
-232.940000, 185.960000,-180.930000
-243.740000, 186.150000,-174.700000
-250.130000, 181.940000,-168.620000
-250.130000, 172.120000,-162.680000
-250.130000, 155.190000,-154.040000
-247.830000, 131.690000,-142.740000
-229.160000, 104.290000,-128.430000
-201.510000, 74.900000,-110.610000
-166.720000, 45.140000,-89.800000
-130.750000, 17.260000,-68.310000
-96.350000,-4.610000,-46.350000
-69.680000,-20.460000,-27.690000
-49.480000,-30.000000,-14.230000
-34.120000,-33.380000,-5.350000
-22.240000,-32.260000,-1.030000
-17.960000,-27.050000,-0.420000
-20.400000,-20.840000,-2.060000
-27.830000,-16.410000,-4.780000
-38.370000,-14.410000,-8.900000
-53.600000,-15.900000,-12.890000
-75.430000,-18.430000,-16.560000
-102.060000,-21.130000,-19.290000
-127.550000,-25.420000,-21.510000
-145.440000,-31.380000,-22.830000
-157.280000,-37.410000,-23.860000
-166.220000,-41.920000,-23.190000
-175.370000,-45.540000,-20.960000
-181.630000,-46.220000,-15.860000
-181.440000,-51.890000,-7.630000
-174.340000,-60.370000, 1.390000
-162.670000,-67.650000, 10.410000
-153.090000,-73.120000, 18.240000
-147.290000,-76.770000, 22.610000
-148.290000,-78.350000, 23.190000
-155.700000,-76.610000, 20.590000
-170.850000,-74.800000, 15.830000
-188.360000,-74.970000, 11.290000
-203.970000,-81.760000, 9.400000
-213.640000,-93.620000, 12.350000
-218.730000,-107.230000, 20.240000
-219.930000,-117.720000, 33.290000
-217.620000,-124.690000, 49.740000
-210.600000,-127.770000, 67.690000
-199.980000,-125.850000, 85.410000
-188.270000,-121.930000, 100.580000
-177.010000,-115.970000, 113.390000
-170.830000,-109.980000, 122.360000
-167.280000,-101.740000, 127.200000
-164.650000,-93.380000, 128.060000
-163.560000,-86.400000, 126.040000
-167.710000,-77.250000, 121.470000
-176.540000,-64.380000, 115.740000
-188.400000,-48.880000, 109.580000
-199.900000,-33.620000, 104.480000
-207.000000,-21.340000, 98.420000
-211.120000,-15.380000, 94.450000
-216.070000,-13.630000, 93.540000
-225.630000,-16.830000, 96.190000
-240.690000,-23.170000, 101.410000
-250.130000,-28.510000, 107.090000
-250.130000,-32.160000, 114.830000
-250.130000,-34.020000, 122.330000
-250.130000,-32.420000, 130.390000
-250.130000,-28.990000, 139.470000
-250.130000,-26.310000, 148.520000
-246.280000,-23.530000, 156.160000
-233.750000,-21.360000, 161.570000
-227.170000,-19.290000, 163.670000
-234.640000,-17.240000, 162.560000
-250.130000,-21.090000, 159.390000
-250.130000,-34.700000, 154.450000
-250.130000,-54.600000, 148.940000
-250.130000,-75.300000, 145.750000
-244.260000,-94.640000, 148.790000
-214.570000,-106.620000, 157.480000
-177.870000,-110.400000, 171.390000
-141.710000,-110.930000, 190.870000
-107.950000,-107.350000, 214.190000
-82.450000,-100.720000, 237.940000
-62.800000,-94.560000, 250.120000
-45.650000,-89.190000, 250.120000
-33.320000,-83.280000, 250.120000
-27.240000,-77.740000, 250.120000
-29.230000,-71.620000, 250.120000
-35.470000,-68.580000, 250.120000
-30.600000,-62.240000, 250.120000
-8.680000,-57.090000, 250.120000
 18.230000,-51.030000, 250.120000
 37.090000,-40.710000, 250.120000
 38.140000,-33.010000, 250.120000
 25.240000,-30.560000, 250.120000
 13.060000,-34.930000, 250.120000
 17.290000,-34.410000, 250.120000
 31.760000,-30.170000, 250.120000
 40.500000,-28.500000, 250.120000
 36.380000,-31.650000, 250.120000
 29.690000,-36.360000, 250.120000
 29.850000,-37.900000, 250.120000
 36.730000,-35.480000, 250.120000
 47.810000,-32.090000, 250.120000
 57.420000,-35.450000, 250.120000
 57.300000,-53.660000, 250.120000
 55.160000,-79.380000, 244.390000
 47.320000,-107.640000, 232.450000
 43.190000,-128.450000, 219.930000
 49.730000,-134.470000, 208.350000
 70.930000,-136.480000, 199.220000
 100.380000,-138.150000, 188.900000
 131.910000,-142.580000, 175.870000
 142.680000,-145.630000, 158.880000
 132.170000,-146.900000, 144.640000
 112.010000,-147.430000, 133.250000
 101.290000,-146.470000, 120.210000
 99.080000,-143.030000, 107.750000
 105.020000,-134.680000, 94.050000
 127.550000,-123.410000, 81.140000
 145.930000,-114.480000, 63.680000
 144.580000,-105.040000, 42.900000
 127.850000,-85.050000, 19.960000
 106.830000,-50.800000, 0.760000
 105.450000,-1.120000,-17.140000
 130.780000, 51.850000,-34.190000
 140.700000, 91.190000,-49.890000
 133.490000, 120.250000,-63.480000
 123.030000, 150.190000,-75.430000
 109.700000, 181.380000,-87.880000
 107.580000, 216.600000,-103.570000
 127.290000, 250.120000,-121.910000
 159.050000, 250.120000,-141.290000
 174.330000, 250.120000,-159.530000
 150.270000, 250.120000,-169.150000
 97.320000, 250.120000,-160.560000
 79.370000, 250.120000,-128.350000
 94.300000, 250.120000,-85.890000
 123.350000,-118.700000, 68.030000
 250.120000,-250.130000, 19.180000
 122.170000, 75.700000,-107.870000
-24.000000, 248.610000,-84.830000
-68.740000, 124.130000,-48.630000
 1.800000, 24.740000,-63.710000
 68.170000, 10.430000,-79.350000
 33.190000, 29.040000,-75.800000
 0.380000, 54.540000,-64.150000
-8.900000, 85.120000,-50.350000
-20.750000, 86.560000,-34.230000
-24.940000, 56.180000,-15.810000
-26.850000, 29.220000, 1.440000
-32.290000, 10.550000, 14.120000
-33.220000,-11.830000, 24.730000
-29.290000,-27.830000, 30.410000
-26.550000,-36.350000, 33.000000
-29.550000,-38.420000, 32.420000
-31.740000,-35.800000, 28.710000
-30.380000,-31.890000, 21.120000
-26.190000,-26.090000, 9.800000
-20.960000,-18.540000,-3.770000
-15.190000,-11.020000,-19.060000
-11.820000,-7.060000,-35.330000
-5.680000,-3.790000,-54.380000
-4.090000, 6.260000,-77.630000
-2.410000, 20.660000,-100.720000
-1.420000, 37.770000,-122.380000
-4.030000, 58.220000,-140.350000
-4.150000, 81.680000,-156.320000
-8.960000, 106.930000,-166.050000
-12.970000, 128.190000,-174.620000
-20.970000, 147.090000,-182.930000
-36.190000, 164.020000,-192.570000
-57.390000, 178.000000,-201.800000
-71.960000, 192.770000,-211.000000
-74.970000, 209.630000,-213.270000
-72.330000, 225.590000,-212.320000
-76.730000, 239.770000,-219.100000
-79.150000, 247.290000,-222.430000
-82.380000, 250.120000,-224.480000
-86.350000, 250.120000,-228.790000
-81.250000, 250.120000,-241.110000
-73.970000, 250.120000,-250.130000
-75.290000, 243.410000,-250.130000
-93.770000, 217.860000,-250.130000
-113.160000, 188.750000,-250.130000
-128.530000, 170.930000,-250.130000
-141.610000, 171.030000,-245.880000
-164.700000, 178.470000,-242.900000
-191.670000, 193.210000,-242.390000
-223.620000, 209.960000,-234.720000
-250.130000, 217.730000,-220.590000
-250.130000, 211.740000,-201.280000
-250.130000, 189.510000,-178.650000
-250.130000, 153.540000,-152.540000
-250.130000, 111.270000,-127.510000
-250.130000, 69.220000,-101.210000
-250.130000, 32.260000,-75.740000
-250.130000, 0.000000,-52.030000
-215.220000,-25.720000,-28.050000
-134.380000,-41.090000,-5.220000
-47.100000,-46.470000, 11.650000
 29.450000,-42.260000, 26.880000
 54.730000,-33.730000, 32.980000
 35.330000,-26.980000, 29.700000
-10.030000,-26.140000, 18.980000
-58.510000,-30.160000, 3.500000
-97.650000,-37.520000,-14.190000
-126.420000,-44.770000,-29.280000
-152.740000,-55.090000,-37.810000
-173.410000,-67.580000,-40.960000
-183.380000,-80.250000,-37.060000
-184.790000,-92.010000,-30.160000
-187.730000,-100.230000,-21.930000
-199.070000,-99.000000,-15.210000
-217.580000,-92.120000,-10.040000
-232.300000,-89.490000,-5.030000
-236.960000,-90.080000, 2.660000
-235.690000,-94.110000, 13.840000
-228.540000,-99.870000, 27.950000
-222.020000,-106.120000, 44.040000
-219.440000,-110.430000, 58.790000
-222.110000,-110.740000, 71.350000
-227.470000,-110.890000, 80.090000
-233.720000,-109.150000, 86.230000
-237.640000,-104.650000, 90.100000
-237.990000,-98.400000, 91.650000
-232.700000,-90.080000, 92.640000
-222.680000,-82.450000, 92.770000
-207.870000,-75.740000, 91.330000
-196.650000,-68.860000, 88.700000
-194.890000,-62.800000, 85.680000
-203.170000,-54.870000, 80.580000
-216.500000,-46.800000, 73.640000
-230.870000,-38.470000, 64.300000
-243.700000,-30.460000, 54.210000
-250.130000,-22.930000, 46.310000
-250.130000,-16.380000, 41.070000
-250.130000,-12.810000, 40.160000
-250.130000,-12.000000, 44.460000
-250.130000,-15.670000, 53.010000
-250.130000,-21.560000, 63.420000
-250.130000,-28.460000, 75.930000
-250.130000,-35.010000, 87.350000
-250.130000,-40.190000, 95.640000
-250.130000,-47.660000, 97.800000
-250.130000,-56.060000, 90.020000
-250.130000,-57.680000, 81.680000
-250.130000,-51.930000, 71.650000
-250.130000,-38.740000, 66.640000
-231.300000,-35.730000, 62.350000
-211.400000,-37.410000, 55.760000
-205.940000,-37.520000, 49.610000
-205.800000,-37.840000, 38.700000
-209.350000,-41.820000, 25.410000
-211.540000,-47.060000, 14.090000
-214.580000,-51.830000, 8.210000
-221.150000,-51.840000, 10.030000
-225.960000,-48.750000, 16.240000
-224.320000,-43.340000, 23.870000
-215.160000,-35.380000, 31.370000
-201.610000,-27.650000, 37.890000
-186.760000,-21.700000, 43.450000
-172.270000,-17.780000, 48.780000
-161.000000,-17.100000, 54.580000
-152.440000,-19.460000, 60.450000
-147.580000,-21.860000, 64.560000
-147.870000,-22.090000, 67.900000
-150.690000,-19.450000, 71.250000
-154.160000,-13.020000, 75.090000
-156.130000,-5.680000, 80.530000
-156.740000, 0.350000, 87.770000
-156.300000, 4.280000, 94.430000
-156.500000, 5.220000, 100.300000
-159.030000, 2.820000, 104.820000
-163.790000,-1.030000, 108.800000
-169.690000,-3.870000, 111.770000
-173.120000,-3.560000, 115.530000
-171.540000,-5.370000, 120.010000
-162.280000,-14.590000, 127.290000
-147.790000,-31.470000, 138.930000
-130.230000,-52.750000, 154.800000
-103.350000,-72.580000, 172.160000
-70.790000,-88.620000, 186.160000
-39.580000,-101.820000, 197.470000
-14.310000,-111.410000, 206.670000
 1.980000,-118.920000, 216.100000
 15.300000,-127.520000, 228.780000
 23.540000,-141.000000, 247.350000
 29.080000,-153.770000, 250.120000
 30.690000,-165.480000, 250.120000
 28.340000,-180.050000, 250.120000
 37.320000,-189.750000, 250.120000
 65.300000,-196.490000, 250.120000
 85.890000,-202.560000, 250.120000
 90.720000,-209.000000, 250.120000
 88.110000,-214.940000, 250.120000
 84.790000,-214.000000, 250.120000
 82.300000,-208.290000, 250.120000
 80.910000,-202.490000, 250.120000
 82.830000,-191.890000, 250.120000
 98.550000,-177.770000, 250.120000
 104.170000,-163.980000, 250.120000
 97.940000,-151.730000, 250.120000
 93.220000,-142.890000, 250.120000
 103.520000,-129.190000, 250.120000
 117.830000,-113.760000, 250.120000
 119.810000,-98.830000, 240.840000
 116.980000,-84.470000, 220.780000
 119.010000,-63.880000, 196.320000
 115.600000,-44.900000, 173.380000
 112.920000,-28.340000, 151.120000
 110.350000,-6.510000, 130.290000
 99.870000, 25.940000, 110.460000
 85.550000, 73.380000, 86.930000
 76.700000, 122.030000, 58.610000
 76.600000, 166.890000, 28.050000
 76.400000, 214.440000,-3.430000
 81.960000, 250.120000,-35.900000
 95.480000, 250.120000,-61.740000
 100.540000, 250.120000,-77.310000
 86.000000, 250.120000,-83.410000
 59.750000, 250.120000,-87.060000
 62.770000, 250.120000,-76.300000
 250.120000,-250.130000, 110.750000
 250.120000,-250.130000,-38.740000
 34.250000, 195.940000,-112.660000
-162.060000, 182.980000,-23.730000
-51.470000, 90.570000,-39.010000
-32.450000, 60.400000,-38.880000
-79.060000, 2.230000,-13.500000
-90.320000,-24.550000,-10.000000
-61.160000,-10.830000,-13.630000
-29.060000, 20.200000,-21.650000
 0.040000, 41.320000,-31.030000
 14.640000, 44.410000,-34.510000
 14.370000, 29.080000,-30.900000
 2.430000, 6.530000,-21.970000
-12.390000,-12.250000,-12.950000
-18.690000,-19.610000,-7.700000
-17.310000,-20.140000,-7.080000
-14.240000,-14.630000,-12.740000
-6.650000,-6.020000,-22.740000
 1.290000, 3.380000,-37.390000
 2.100000, 14.930000,-53.580000
-0.370000, 24.050000,-69.760000
-1.490000, 33.560000,-86.260000
 5.710000, 47.430000,-102.320000
 16.250000, 63.410000,-115.140000
 25.000000, 77.350000,-126.640000
 29.160000, 86.410000,-135.260000
 22.950000, 94.510000,-140.220000
 12.110000, 106.390000,-144.270000
 2.450000, 117.540000,-147.120000
-13.740000, 127.530000,-149.490000
-37.250000, 141.930000,-158.750000
-48.040000, 169.340000,-176.450000
-40.030000, 194.770000,-189.970000
-22.270000, 209.950000,-200.360000
 4.180000, 224.640000,-215.320000
 22.230000, 237.380000,-229.060000
 21.580000, 243.570000,-236.740000
 3.000000, 246.850000,-236.250000
-38.130000, 246.960000,-236.750000
-64.510000, 238.800000,-238.690000
-66.300000, 210.740000,-243.730000
-58.510000, 177.040000,-250.130000
-46.440000, 156.930000,-250.130000
-39.730000, 153.900000,-250.130000
-37.310000, 163.870000,-250.130000
-40.670000, 177.100000,-250.130000
-44.270000, 180.450000,-250.130000
-53.830000, 177.060000,-250.130000
-76.330000, 166.530000,-245.120000
-111.160000, 152.490000,-243.890000
-151.730000, 142.460000,-242.820000
-195.980000, 135.220000,-237.120000
-235.510000, 124.770000,-223.430000
-250.130000, 103.950000,-197.870000
-250.130000, 71.260000,-161.700000
-250.130000, 43.580000,-125.830000
-250.130000, 20.480000,-91.780000
-224.570000, 2.790000,-65.150000
-151.870000,-13.140000,-47.900000
-89.040000,-21.290000,-30.380000
-58.100000,-24.350000,-16.940000
-49.380000,-26.500000,-6.910000
-61.130000,-30.920000,-1.580000
-83.670000,-38.960000,-2.960000
-104.190000,-48.780000,-9.870000
-115.750000,-61.280000,-21.500000
-117.090000,-73.090000,-33.090000
-119.930000,-82.860000,-40.880000
-128.700000,-90.450000,-43.160000
-142.510000,-96.090000,-42.260000
-158.220000,-97.480000,-40.410000
-174.600000,-95.700000,-38.320000
-188.160000,-92.120000,-37.340000
-199.500000,-89.930000,-36.300000
-208.900000,-89.950000,-34.090000
-216.840000,-92.610000,-30.510000
-225.710000,-94.030000,-25.240000
-235.540000,-96.550000,-19.200000
-244.160000,-99.590000,-12.350000
-245.720000,-101.310000,-3.280000
-240.140000,-101.390000, 7.810000
-230.740000,-102.220000, 20.990000
-221.560000,-103.960000, 37.800000
-214.950000,-108.550000, 56.930000
-213.220000,-116.120000, 77.290000
-215.510000,-122.450000, 95.870000
-217.960000,-124.350000, 110.450000
-218.110000,-122.680000, 119.740000
-215.530000,-117.090000, 123.740000
-210.360000,-109.620000, 123.500000
-203.310000,-99.800000, 119.980000
-194.050000,-87.560000, 114.090000
-184.540000,-76.580000, 106.610000
-180.220000,-68.600000, 97.640000
-181.850000,-60.410000, 86.570000
-191.160000,-52.290000, 74.650000
-207.670000,-43.020000, 61.820000
-226.390000,-34.480000, 48.730000
-242.320000,-26.720000, 36.680000
-250.130000,-19.650000, 27.290000
-250.130000,-13.670000, 22.770000
-250.130000,-8.910000, 23.120000
-250.130000,-9.430000, 28.680000
-250.130000,-14.120000, 37.080000
-250.130000,-21.160000, 47.450000
-249.610000,-28.450000, 58.940000
-244.680000,-36.570000, 69.210000
-241.540000,-44.740000, 77.830000
-239.970000,-50.370000, 83.550000
-239.120000,-53.360000, 86.450000
-243.790000,-55.160000, 86.910000
-250.130000,-65.290000, 79.060000
-250.130000,-63.570000, 74.000000
-250.130000,-57.920000, 68.280000
-250.130000,-49.260000, 63.740000
-239.880000,-36.240000, 64.270000
-209.850000,-32.110000, 62.600000
-197.630000,-31.500000, 55.420000
-189.840000,-33.540000, 44.020000
-190.550000,-40.400000, 25.190000
-203.700000,-51.090000, 4.020000
-223.960000,-60.270000,-13.250000
-239.350000,-65.930000,-20.820000
-239.490000,-68.580000,-17.530000
-225.910000,-68.880000,-6.530000
-204.950000,-69.050000, 10.920000
-176.850000,-66.110000, 30.760000
-146.090000,-56.440000, 53.140000
-118.350000,-42.000000, 73.330000
-97.140000,-27.560000, 87.050000
-83.880000,-14.810000, 92.700000
-78.540000,-5.200000, 93.320000
-84.500000,-0.800000, 92.130000
-103.190000,-0.740000, 92.380000
-130.110000,-3.240000, 97.610000
-156.950000,-7.930000, 107.580000
-170.700000,-13.900000, 122.020000
-169.150000,-22.290000, 137.960000
-156.060000,-29.740000, 152.870000
-142.270000,-37.650000, 167.270000
-130.390000,-44.170000, 179.760000
-118.670000,-50.480000, 190.760000
-97.790000,-57.170000, 202.930000
-76.440000,-66.510000, 215.080000
-61.470000,-76.870000, 226.650000
-51.980000,-88.210000, 237.410000
-44.970000,-98.610000, 247.130000
-41.530000,-111.720000, 250.120000
-35.490000,-123.030000, 250.120000
-25.040000,-130.140000, 250.120000
-14.940000,-131.480000, 250.120000
-8.260000,-125.000000, 250.120000
-3.230000,-119.740000, 250.120000
 0.770000,-123.380000, 250.120000
 6.010000,-134.450000, 250.120000
 14.540000,-147.320000, 250.120000
 30.200000,-154.730000, 250.120000
 47.060000,-160.610000, 250.120000
 65.660000,-161.370000, 250.120000
 74.470000,-157.930000, 250.120000
 75.930000,-152.590000, 250.120000
 69.060000,-147.420000, 250.120000
 56.870000,-148.100000, 250.120000
 51.850000,-146.750000, 250.120000
 60.960000,-141.670000, 250.120000
 71.740000,-135.580000, 250.120000
 87.360000,-124.360000, 250.120000
 95.990000,-115.180000, 250.120000
 106.960000,-111.400000, 250.120000
 120.870000,-104.900000, 238.990000
 130.140000,-90.620000, 221.390000
 132.950000,-78.830000, 202.850000
 132.780000,-65.950000, 180.350000
 136.120000,-51.260000, 159.150000
 141.290000,-28.380000, 140.160000
 132.450000,-7.290000, 120.780000
 117.740000, 11.190000, 104.160000
 94.300000, 26.160000, 88.660000
 77.830000, 39.870000, 70.940000
 84.160000, 48.190000, 51.800000
 110.480000, 55.900000, 28.580000
 134.980000, 73.780000, 1.030000
 154.060000, 104.760000,-29.940000
 155.830000, 152.050000,-63.740000
 139.100000, 212.470000,-95.780000
 117.120000, 250.120000,-120.110000
 94.540000, 250.120000,-132.970000
 65.600000, 250.120000,-136.930000
 36.410000, 250.120000,-129.410000
 18.380000, 250.120000,-109.100000
 116.150000,-72.020000, 13.240000
 144.060000,-250.130000, 51.570000
 129.160000, 33.410000,-47.720000
-37.190000, 227.480000,-61.250000
-84.670000, 149.890000,-63.780000
 17.930000, 28.000000,-61.210000
 68.180000, 7.820000,-60.610000
 44.670000, 14.930000,-52.210000
 2.610000, 19.400000,-37.810000
-15.770000, 26.830000,-30.760000
-11.320000, 29.150000,-29.740000
-3.720000, 26.790000,-31.740000
 0.880000, 20.250000,-34.280000
 5.720000, 11.170000,-36.870000
 10.000000, 5.530000,-39.720000
 3.540000, 5.680000,-44.760000
-4.670000, 9.520000,-50.770000
-13.300000, 16.170000,-58.450000
-23.830000, 23.190000,-66.620000
-36.870000, 29.190000,-75.180000
-49.850000, 38.350000,-84.740000
-62.230000, 50.890000,-95.950000
-72.100000, 62.250000,-107.200000
-80.820000, 73.560000,-118.910000
-86.830000, 87.760000,-130.370000
-83.480000, 102.540000,-141.450000
-84.740000, 125.950000,-153.700000
-83.820000, 152.950000,-164.600000
-77.190000, 175.740000,-173.170000
-68.790000, 191.800000,-176.410000
-62.840000, 196.610000,-175.230000
-61.870000, 198.740000,-173.380000
-66.290000, 205.130000,-173.990000
-83.180000, 220.350000,-179.900000
-102.310000, 242.750000,-191.830000
-118.410000, 248.770000,-194.010000
-122.120000, 243.020000,-192.260000
-109.100000, 237.520000,-189.180000
-89.860000, 237.120000,-188.000000
-74.330000, 242.090000,-193.040000
-70.520000, 249.260000,-205.250000
-80.170000, 250.120000,-220.420000
-100.640000, 250.120000,-231.970000
-131.820000, 250.120000,-233.990000
-159.830000, 250.120000,-225.880000
-184.610000, 250.120000,-211.280000
-205.510000, 237.900000,-194.430000
-227.410000, 223.380000,-180.740000
-250.130000, 208.150000,-167.910000
-250.130000, 188.160000,-156.490000
-250.130000, 161.650000,-142.640000
-250.130000, 130.750000,-124.740000
-250.130000, 97.290000,-99.070000
-210.250000, 64.700000,-71.670000
-155.030000, 37.230000,-43.930000
-92.050000, 18.130000,-17.880000
-33.300000, 9.060000, 3.640000
 11.150000, 5.000000, 17.830000
 38.830000, 5.120000, 24.470000
 49.330000, 8.870000, 23.870000
 41.980000, 11.800000, 18.270000
 18.190000, 8.250000, 8.930000
-14.210000,-3.090000,-2.670000
-49.290000,-19.900000,-14.760000
-84.700000,-40.250000,-24.200000
-116.940000,-59.980000,-31.300000
-140.780000,-76.640000,-36.080000
-156.380000,-88.510000,-39.440000
-164.100000,-95.550000,-41.380000
-166.220000,-101.530000,-42.710000
-166.770000,-106.970000,-43.290000
-167.090000,-112.200000,-43.380000
-168.400000,-115.970000,-42.530000
-169.440000,-118.930000,-40.720000
-169.000000,-119.320000,-38.030000
-167.510000,-113.770000,-33.250000
-166.740000,-104.730000,-26.380000
-165.150000,-97.030000,-16.640000
-161.990000,-93.840000,-5.250000
-159.810000,-94.290000, 8.590000
-161.690000,-95.910000, 24.030000
-168.740000,-95.960000, 40.350000
-177.380000,-95.450000, 55.940000
-182.580000,-94.090000, 70.880000
-179.540000,-91.510000, 83.380000
-169.120000,-86.970000, 94.350000
-155.350000,-80.210000, 103.630000
-141.900000,-71.300000, 110.080000
-132.900000,-62.180000, 115.070000
-129.370000,-53.380000, 117.610000
-130.020000,-44.910000, 118.190000
-135.940000,-37.620000, 116.320000
-146.380000,-31.290000, 112.930000
-159.540000,-24.590000, 107.770000
-173.770000,-18.240000, 100.060000
-186.800000,-13.410000, 91.020000
-197.430000,-10.920000, 78.740000
-203.760000,-8.100000, 67.580000
-209.080000,-3.230000, 58.770000
-215.510000, 3.540000, 52.580000
-221.390000, 4.100000, 48.800000
-224.070000, 0.060000, 48.470000
-222.510000,-8.860000, 51.630000
-221.300000,-20.400000, 55.740000
-223.200000,-33.040000, 60.070000
-229.710000,-43.130000, 64.500000
-237.190000,-48.790000, 66.930000
-244.250000,-50.060000, 67.010000
-248.060000,-49.000000, 65.870000
-246.410000,-47.680000, 62.860000
-239.290000,-45.450000, 57.410000
-230.230000,-41.680000, 49.990000
-223.920000,-35.370000, 41.060000
-222.250000,-28.290000, 31.370000
-224.000000,-25.140000, 19.970000
-226.860000,-28.530000, 7.700000
-228.030000,-38.300000,-2.800000
-227.970000,-49.950000,-10.170000
-230.320000,-55.760000,-13.650000
-236.140000,-54.470000,-11.640000
-242.600000,-50.800000,-5.700000
-242.900000,-47.250000, 3.100000
-234.460000,-45.030000, 13.730000
-217.880000,-46.390000, 25.360000
-194.370000,-49.690000, 38.480000
-170.210000,-50.890000, 50.820000
-150.090000,-51.000000, 61.200000
-137.860000,-50.110000, 68.760000
-134.830000,-46.280000, 73.350000
-139.700000,-41.100000, 76.660000
-148.750000,-35.750000, 80.160000
-158.220000,-31.100000, 85.610000
-165.950000,-29.240000, 93.260000
-168.670000,-29.710000, 102.940000
-167.130000,-33.250000, 113.840000
-162.800000,-39.010000, 123.630000
-158.480000,-44.450000, 132.510000
-152.160000,-47.900000, 140.590000
-141.060000,-54.080000, 148.220000
-126.490000,-65.450000, 156.510000
-113.320000,-79.180000, 168.410000
-99.340000,-92.730000, 184.240000
-75.720000,-101.010000, 202.020000
-36.490000,-103.740000, 223.190000
 11.500000,-106.310000, 247.870000
 62.660000,-109.690000, 250.120000
 104.190000,-108.840000, 250.120000
 123.320000,-107.590000, 250.120000
 123.880000,-106.950000, 250.120000
 103.310000,-116.670000, 250.120000
 88.670000,-121.350000, 250.120000
 94.700000,-120.250000, 250.120000
 98.160000,-112.640000, 250.120000
 95.030000,-103.230000, 250.120000
 100.960000,-93.020000, 250.120000
 107.910000,-85.600000, 250.120000
 102.490000,-86.480000, 250.120000
 81.480000,-95.080000, 250.120000
 52.950000,-106.890000, 250.120000
 36.100000,-112.060000, 250.120000
 54.240000,-106.900000, 250.120000
 93.490000,-94.960000, 250.120000
 134.580000,-76.190000, 250.120000
 153.820000,-57.160000, 250.120000
 151.120000,-33.950000, 250.120000
 139.670000,-11.170000, 250.120000
 133.960000, 2.600000, 250.120000
 127.450000, 7.340000, 246.830000
 112.170000, 7.960000, 227.770000
 96.160000, 8.380000, 204.490000
 85.930000, 16.640000, 178.070000
 85.000000, 26.680000, 153.340000
 92.950000, 39.710000, 127.120000
 100.400000, 48.800000, 97.450000
 113.350000, 61.630000, 62.880000
 135.510000, 85.670000, 27.030000
 162.960000, 126.890000,-10.900000
 178.240000, 179.510000,-46.730000
 187.910000, 241.640000,-78.340000
 192.420000, 250.120000,-105.690000
 177.090000, 250.120000,-127.480000
 138.800000, 250.120000,-142.540000
 92.250000, 250.120000,-144.430000
 54.960000, 250.120000,-132.180000
 250.120000,-250.130000,-31.600000
 250.120000,-236.560000,-9.000000
 35.940000, 235.350000,-135.720000
-58.960000, 149.070000,-27.910000
-9.410000, 58.010000,-27.830000
 60.260000, 43.230000,-41.980000
 9.910000, 35.740000,-20.030000
-25.290000, 39.930000,-4.840000
-23.980000, 57.210000,-3.640000
-10.440000, 59.670000,-2.290000
-4.850000, 47.090000, 1.890000
 2.000000, 32.590000, 7.550000
 6.250000, 20.340000, 15.770000
 1.090000, 10.630000, 25.820000
-7.770000, 4.170000, 34.130000
-14.120000,-2.060000, 38.740000
-17.490000,-7.060000, 38.460000
-18.430000,-10.900000, 33.700000
-17.510000,-12.830000, 24.690000
-17.580000,-12.990000, 12.710000
-15.980000,-10.810000,-1.480000
-15.840000,-6.670000,-17.660000
-13.370000, 0.390000,-37.380000
-9.750000, 9.420000,-59.930000
-5.640000, 20.930000,-83.960000
-0.540000, 33.070000,-109.760000
 3.260000, 45.470000,-133.780000
 1.080000, 58.250000,-156.310000
-8.510000, 73.810000,-176.180000
-18.030000, 92.800000,-197.340000
-24.780000, 117.410000,-218.200000
-35.630000, 140.260000,-237.080000
-48.990000, 158.320000,-250.130000
-61.730000, 174.220000,-250.130000
-63.670000, 193.080000,-250.130000
-49.090000, 225.810000,-250.130000
-32.260000, 250.120000,-250.130000
-30.700000, 250.120000,-250.130000
-38.990000, 250.120000,-250.130000
-61.610000, 250.120000,-250.130000
-88.220000, 250.120000,-250.130000
-108.400000, 250.120000,-250.130000
-128.810000, 250.120000,-250.130000
-150.300000, 248.660000,-250.130000
-172.850000, 213.920000,-250.130000
-193.130000, 185.830000,-250.130000
-216.700000, 172.100000,-248.320000
-238.740000, 173.470000,-240.470000
-250.130000, 182.640000,-229.030000
-250.130000, 191.680000,-211.820000
-250.130000, 191.760000,-189.060000
-250.130000, 181.330000,-162.630000
-246.770000, 161.800000,-133.560000
-213.450000, 137.290000,-103.010000
-162.950000, 111.940000,-73.530000
-102.190000, 86.290000,-45.570000
-40.480000, 64.560000,-18.160000
 11.180000, 45.960000, 8.160000
 47.900000, 33.000000, 29.700000
 70.470000, 24.400000, 44.220000
 83.390000, 19.610000, 49.680000
 88.510000, 17.570000, 45.810000
 88.210000, 14.720000, 34.030000
 84.110000, 9.630000, 17.220000
 71.970000, 5.010000, 0.650000
 49.390000, 1.150000,-14.040000
 21.390000,-5.070000,-25.650000
-7.510000,-15.510000,-33.240000
-33.890000,-28.060000,-37.930000
-56.320000,-39.280000,-41.130000
-71.270000,-49.070000,-42.460000
-84.030000,-55.930000,-43.290000
-99.900000,-59.980000,-42.770000
-119.370000,-61.660000,-40.960000
-139.730000,-61.670000,-38.470000
-156.070000,-60.560000,-36.150000
-168.010000,-58.450000,-34.610000
-174.630000,-56.220000,-33.670000
-176.480000,-55.900000,-33.070000
-174.900000,-59.990000,-31.990000
-171.450000,-68.560000,-30.280000
-165.240000,-80.480000,-28.110000
-159.030000,-93.000000,-24.990000
-153.050000,-104.200000,-22.250000
-146.850000,-111.700000,-19.320000
-137.960000,-116.230000,-15.950000
-124.410000,-118.600000,-11.140000
-107.160000,-118.150000,-4.680000
-91.220000,-114.030000, 4.000000
-79.410000,-107.320000, 15.520000
-71.870000,-100.190000, 30.410000
-67.620000,-92.240000, 47.860000
-65.860000,-84.050000, 66.640000
-66.190000,-76.060000, 85.090000
-71.040000,-67.090000, 101.290000
-80.290000,-58.800000, 115.610000
-92.470000,-50.660000, 126.670000
-108.000000,-42.120000, 135.550000
-123.200000,-33.930000, 143.190000
-133.560000,-26.510000, 149.890000
-136.610000,-18.520000, 154.830000
-133.950000,-10.020000, 156.610000
-128.270000,-0.100000, 154.480000
-121.820000, 8.800000, 148.020000
-116.600000, 15.700000, 137.960000
-114.620000, 20.250000, 125.500000
-118.060000, 23.700000, 112.700000
-128.330000, 26.520000, 101.150000
-145.380000, 27.800000, 91.630000
-167.580000, 28.190000, 82.380000
-191.770000, 27.280000, 73.260000
-213.870000, 26.990000, 63.280000
-226.990000, 27.980000, 52.090000
-226.860000, 31.940000, 41.470000
-217.330000, 37.340000, 31.720000
-203.480000, 42.440000, 21.960000
-185.000000, 48.740000, 12.900000
-171.070000, 53.870000, 6.360000
-194.090000, 51.630000, 5.110000
-248.620000, 43.140000, 4.070000
-250.130000, 34.540000, 4.850000
-250.130000, 27.050000, 3.290000
-250.130000, 15.810000,-0.060000
-250.130000, 9.670000,-4.120000
-250.130000, 11.770000,-8.190000
-250.130000, 15.780000,-14.940000
-250.130000, 15.010000,-24.260000
-250.130000, 11.110000,-34.540000
-250.130000, 3.570000,-44.650000
-250.130000,-6.970000,-49.380000
-246.060000,-20.530000,-46.660000
-234.580000,-34.500000,-37.630000
-221.190000,-46.290000,-24.760000
-209.460000,-53.920000,-10.410000
-199.590000,-57.180000, 2.830000
-190.450000,-57.900000, 11.680000
-180.470000,-57.560000, 15.250000
-169.210000,-56.890000, 15.110000
-161.580000,-56.090000, 13.200000
-161.610000,-54.760000, 12.440000
-167.580000,-53.420000, 13.100000
-172.940000,-51.880000, 15.990000
-174.810000,-49.080000, 20.540000
-173.080000,-45.070000, 26.790000
-170.640000,-40.900000, 35.420000
-170.620000,-35.970000, 46.070000
-173.800000,-31.380000, 57.250000
-175.180000,-27.970000, 66.830000
-173.380000,-26.270000, 73.300000
-171.950000,-25.300000, 76.250000
-174.250000,-25.670000, 76.110000
-181.950000,-27.070000, 74.220000
-193.970000,-29.640000, 72.600000
-205.560000,-34.790000, 74.440000
-215.010000,-42.410000, 82.690000
-218.290000,-49.450000, 97.480000
-211.040000,-54.970000, 117.490000
-193.800000,-62.240000, 142.170000
-162.500000,-70.400000, 171.220000
-119.680000,-78.090000, 200.000000
-74.310000,-82.190000, 221.470000
-34.450000,-88.200000, 235.540000
-7.690000,-95.540000, 241.330000
 2.000000,-105.120000, 243.830000
 1.020000,-115.990000, 250.120000
 1.940000,-123.030000, 250.120000
 8.510000,-123.640000, 250.120000
 14.830000,-115.900000, 250.120000
 20.120000,-106.030000, 250.120000
 21.900000,-100.510000, 250.120000
 25.810000,-104.610000, 250.120000
 33.230000,-113.970000, 250.120000
 33.480000,-118.110000, 250.120000
 29.350000,-120.160000, 250.120000
 25.640000,-116.920000, 250.120000
 28.480000,-109.140000, 250.120000
 37.830000,-108.810000, 250.120000
 51.110000,-109.970000, 250.120000
 62.220000,-111.060000, 250.120000
 65.810000,-113.790000, 250.120000
 72.210000,-115.170000, 250.120000
 76.000000,-114.690000, 250.120000
 77.640000,-106.430000, 250.120000
 88.250000,-92.230000, 250.120000
 113.610000,-77.910000, 250.120000
 143.350000,-63.900000, 250.120000
 161.610000,-50.010000, 233.740000
 162.670000,-22.830000, 188.230000
 158.670000, 8.770000, 142.580000
 162.300000, 47.750000, 98.210000
 177.660000, 93.730000, 56.860000
 189.780000, 148.770000, 18.190000
 182.120000, 210.680000,-21.420000
 162.620000, 250.120000,-58.110000
 145.220000, 250.120000,-85.240000
 128.250000, 250.120000,-99.580000
 108.170000, 250.120000,-102.660000
 86.310000, 250.120000,-95.060000
 135.950000, 250.120000,-60.870000
 250.120000,-250.130000,-54.710000
 250.120000,-42.850000,-107.490000
 34.780000, 211.560000,-112.670000
-58.760000, 156.340000,-52.660000
-10.680000, 48.860000,-35.130000
-29.370000, 32.960000,-42.750000
-59.050000, 35.000000,-29.060000
-56.960000, 37.300000,-31.000000
-29.990000, 41.520000,-38.840000
-7.060000, 42.160000,-38.380000
-0.780000, 39.530000,-37.360000
 1.680000, 30.490000,-33.650000
-0.160000, 21.670000,-25.300000
-4.070000, 16.350000,-15.740000
-10.210000, 13.700000,-6.910000
-16.410000, 12.450000, 1.160000
-19.670000, 8.740000, 4.580000
-20.650000, 1.110000, 0.510000
-20.020000,-7.450000,-9.000000
-22.810000,-10.000000,-25.620000
-27.660000,-2.510000,-47.710000
-33.900000, 12.610000,-73.640000
-32.970000, 31.670000,-99.440000
-25.350000, 48.390000,-123.740000
-16.720000, 63.430000,-146.090000
-14.030000, 71.860000,-168.220000
-17.310000, 77.480000,-189.510000
-29.990000, 90.120000,-214.110000
-51.960000, 110.890000,-238.520000
-75.700000, 135.380000,-250.130000
-95.880000, 154.560000,-250.130000
-96.510000, 181.900000,-250.130000
-72.380000, 204.600000,-250.130000
-50.810000, 231.170000,-243.900000
-48.190000, 250.120000,-231.830000
-70.380000, 250.120000,-217.910000
-116.360000, 250.120000,-206.120000
-155.400000, 250.120000,-201.560000
-181.990000, 241.700000,-204.060000
-200.020000, 234.020000,-206.350000
-205.340000, 232.960000,-202.330000
-203.490000, 232.600000,-190.580000
-194.370000, 231.640000,-171.640000
-184.520000, 229.160000,-152.640000
-179.410000, 227.040000,-138.350000
-180.680000, 223.650000,-129.830000
-185.290000, 218.300000,-126.280000
-191.570000, 209.740000,-126.240000
-197.070000, 197.560000,-127.800000
-198.820000, 181.730000,-128.200000
-194.320000, 160.860000,-126.040000
-183.240000, 136.430000,-121.450000
-135.530000, 111.880000,-119.700000
-4.200000, 93.900000,-103.740000
 77.940000, 75.120000,-82.250000
 108.290000, 58.870000,-55.730000
 99.550000, 41.750000,-29.690000
 62.070000, 18.830000,-8.590000
 6.510000,-7.100000, 4.310000
-50.560000,-29.770000, 7.540000
-100.160000,-47.650000, 2.440000
-139.630000,-60.680000,-7.460000
-163.750000,-69.770000,-19.110000
-171.970000,-76.290000,-28.530000
-168.170000,-80.360000,-36.510000
-152.710000,-79.440000,-41.040000
-134.540000,-74.300000,-42.970000
-116.890000,-66.960000,-42.290000
-109.900000,-62.600000,-39.710000
-114.030000,-61.300000,-35.750000
-127.600000,-60.710000,-31.640000
-144.950000,-59.710000,-28.980000
-159.200000,-58.190000,-27.220000
-167.820000,-56.800000,-25.930000
-171.630000,-56.340000,-23.940000
-171.770000,-57.030000,-20.390000
-171.930000,-59.550000,-15.110000
-173.280000,-62.990000,-8.750000
-175.670000,-68.190000,-1.500000
-177.450000,-73.650000, 4.880000
-180.430000,-75.090000, 10.030000
-186.580000,-72.600000, 13.400000
-194.070000,-68.930000, 16.660000
-196.370000,-67.160000, 20.800000
-190.540000,-69.260000, 28.240000
-179.230000,-74.440000, 39.060000
-166.900000,-81.250000, 52.960000
-159.040000,-88.130000, 68.900000
-156.770000,-93.540000, 85.080000
-160.100000,-97.660000, 99.180000
-166.530000,-100.890000, 110.120000
-172.320000,-100.020000, 117.170000
-175.490000,-98.140000, 120.530000
-178.480000,-96.210000, 119.580000
-177.530000,-91.010000, 116.970000
-169.960000,-82.250000, 113.090000
-159.090000,-72.640000, 109.880000
-148.850000,-65.600000, 105.370000
-142.190000,-59.850000, 102.020000
-140.900000,-53.680000, 97.640000
-145.230000,-46.920000, 91.800000
-153.610000,-38.730000, 84.640000
-163.440000,-30.350000, 76.990000
-172.330000,-21.340000, 69.140000
-180.020000,-11.210000, 62.190000
-184.360000,-0.790000, 56.980000
-186.290000, 9.160000, 54.370000
-186.290000, 15.540000, 54.690000
-186.440000, 18.510000, 57.220000
-186.680000, 20.480000, 61.150000
-189.880000, 21.510000, 65.550000
-193.610000, 21.290000, 69.520000
-197.760000, 20.950000, 71.960000
-205.070000, 21.360000, 71.860000
-214.850000, 21.870000, 69.640000
-224.480000, 23.490000, 65.030000
-229.240000, 24.960000, 59.760000
-230.540000, 25.060000, 53.930000
-230.540000, 24.700000, 47.410000
-230.230000, 25.190000, 39.860000
-230.970000, 26.030000, 30.760000
-233.470000, 25.270000, 21.770000
-235.850000, 21.770000, 14.670000
-236.090000, 14.320000, 10.190000
-232.540000, 4.570000, 8.470000
-225.690000,-6.030000, 8.800000
-218.890000,-15.970000, 10.290000
-213.610000,-23.510000, 11.910000
-208.400000,-27.530000, 12.820000
-200.950000,-28.930000, 13.550000
-189.290000,-29.000000, 13.980000
-174.420000,-29.580000, 14.180000
-160.150000,-31.820000, 13.040000
-148.540000,-35.620000, 11.640000
-142.280000,-39.770000, 11.030000
-144.030000,-41.480000, 12.830000
-154.050000,-39.090000, 18.410000
-166.620000,-34.060000, 27.430000
-177.320000,-28.200000, 39.090000
-180.980000,-23.800000, 52.030000
-177.830000,-20.000000, 63.740000
-171.810000,-17.290000, 72.690000
-167.450000,-14.860000, 77.860000
-166.110000,-12.220000, 80.060000
-165.610000,-10.210000, 79.170000
-164.700000,-9.260000, 76.610000
-162.520000,-9.610000, 73.550000
-159.160000,-11.110000, 71.060000
-154.350000,-13.350000, 70.190000
-151.060000,-16.480000, 71.770000
-148.060000,-19.170000, 75.460000
-142.620000,-20.360000, 81.030000
-132.750000,-21.290000, 89.220000
-117.470000,-26.420000, 100.400000
-105.000000,-36.000000, 115.280000
-94.220000,-51.900000, 133.690000
-78.680000,-70.150000, 154.270000
-62.860000,-87.790000, 173.670000
-46.900000,-102.510000, 192.640000
-21.350000,-115.670000, 212.650000
 3.020000,-125.340000, 231.400000
 19.660000,-131.800000, 250.120000
 26.830000,-138.990000, 250.120000
 32.770000,-149.670000, 250.120000
 44.090000,-158.580000, 250.120000
 69.160000,-167.900000, 250.120000
 99.780000,-178.380000, 250.120000
 128.310000,-184.000000, 250.120000
 130.060000,-179.100000, 250.120000
 117.110000,-172.720000, 250.120000
 99.690000,-173.560000, 250.120000
 91.180000,-173.410000, 250.120000
 86.480000,-172.030000, 250.120000
 77.500000,-164.190000, 250.120000
 84.640000,-154.220000, 250.120000
 105.160000,-143.830000, 250.120000
 134.580000,-129.100000, 250.120000
 158.030000,-112.440000, 250.120000
 170.360000,-91.640000, 250.120000
 174.560000,-57.080000, 250.120000
 169.320000,-14.200000, 227.010000
 161.320000, 32.500000, 178.970000
 161.740000, 82.570000, 131.880000
 163.390000, 137.230000, 89.020000
 165.470000, 199.540000, 51.210000
 154.660000, 250.120000, 17.540000
 140.100000, 250.120000,-12.670000
 120.310000, 250.120000,-39.380000
 94.090000, 250.120000,-54.510000
 62.540000, 250.120000,-59.800000
 47.670000, 250.120000,-61.640000
 250.120000,-250.130000,-25.580000
 184.710000, 151.610000,-79.350000
-25.060000, 250.120000,-64.580000
-61.410000, 150.230000,-35.120000
 28.450000, 69.190000,-23.890000
 17.540000, 67.230000,-28.060000
-28.000000, 56.310000,-7.680000
-46.440000, 39.920000,-5.760000
-32.820000, 36.490000,-5.650000
-17.650000, 28.970000,-6.060000
-17.510000, 19.970000,-9.000000
-12.460000, 10.670000,-10.940000
-4.250000, 4.060000,-13.000000
 2.410000, 3.230000,-14.630000
 4.840000, 6.120000,-15.320000
 4.280000, 8.800000,-16.390000
 4.340000, 11.650000,-19.010000
 6.060000, 15.930000,-24.370000
 10.570000, 24.190000,-33.240000
 12.960000, 36.600000,-46.790000
 12.640000, 51.910000,-64.870000
 9.990000, 64.710000,-85.740000
 3.370000, 72.000000,-104.650000
 1.370000, 77.140000,-123.560000
 3.900000, 85.640000,-140.260000
-0.300000, 94.690000,-156.500000
-12.130000, 106.730000,-174.210000
-34.860000, 120.500000,-191.350000
-66.540000, 132.890000,-206.020000
-105.240000, 140.250000,-216.290000
-123.920000, 157.880000,-232.350000
-105.640000, 170.990000,-230.120000
-60.680000, 183.160000,-226.870000
-13.590000, 198.910000,-222.440000
 11.120000, 225.960000,-227.250000
 21.660000, 245.060000,-236.180000
 12.100000, 250.120000,-250.130000
-9.240000, 250.120000,-250.130000
-26.320000, 245.550000,-250.130000
-25.230000, 235.740000,-250.130000
-15.510000, 225.770000,-250.130000
-13.420000, 213.740000,-250.130000
-25.820000, 202.910000,-250.130000
-64.930000, 193.090000,-250.130000
-120.220000, 187.870000,-250.130000
-178.890000, 186.900000,-250.130000
-238.170000, 185.940000,-250.130000
-250.130000, 180.580000,-250.130000
-250.130000, 168.350000,-250.130000
-250.130000, 147.280000,-213.960000
-250.130000, 121.740000,-167.020000
-250.130000, 92.780000,-115.260000
-250.130000, 64.040000,-64.180000
-217.800000, 40.120000,-15.270000
-134.780000, 25.770000, 27.320000
-63.510000, 21.630000, 58.050000
-13.670000, 22.960000, 76.480000
 14.350000, 26.500000, 82.030000
 32.070000, 29.290000, 70.700000
 55.100000, 24.290000, 44.060000
 66.020000, 22.770000, 19.810000
 60.190000, 20.350000,-3.590000
 36.940000, 11.130000,-22.880000
-7.500000,-6.810000,-33.790000
-61.310000,-31.220000,-37.380000
-110.540000,-55.220000,-38.900000
-146.340000,-76.310000,-40.710000
-166.670000,-89.090000,-41.070000
-179.100000,-93.990000,-36.910000
-188.070000,-93.080000,-28.560000
-193.690000,-88.650000,-16.810000
-194.220000,-81.350000,-4.680000
-186.250000,-72.150000, 5.350000
-172.150000,-63.020000, 11.120000
-157.170000,-56.640000, 13.120000
-146.810000,-53.620000, 13.030000
-144.430000,-55.640000, 11.790000
-151.410000,-62.510000, 10.120000
-165.560000,-72.390000, 7.380000
-181.120000,-82.350000, 3.830000
-191.510000,-90.940000, 1.290000
-195.710000,-98.410000, 0.650000
-196.740000,-102.320000, 3.860000
-197.220000,-101.940000, 10.160000
-195.250000,-98.930000, 18.840000
-187.120000,-95.670000, 29.900000
-170.380000,-93.650000, 41.050000
-149.140000,-91.260000, 50.520000
-132.810000,-87.650000, 57.560000
-128.150000,-83.080000, 61.890000
-135.620000,-76.560000, 65.060000
-150.800000,-68.890000, 68.830000
-166.410000,-60.610000, 73.290000
-176.090000,-52.170000, 79.020000
-177.010000,-44.430000, 86.250000
-172.600000,-36.850000, 92.800000
-167.620000,-30.800000, 97.910000
-164.610000,-26.420000, 100.910000
-164.380000,-22.980000, 101.080000
-166.100000,-19.950000, 98.540000
-172.220000,-19.830000, 93.280000
-186.870000,-21.360000, 85.150000
-198.030000,-21.850000, 75.310000
-199.340000,-19.610000, 64.060000
-196.970000,-15.410000, 51.670000
-195.170000,-8.560000, 40.150000
-188.830000, 1.520000, 30.930000
-178.110000, 14.030000, 27.840000
-173.140000, 23.510000, 30.380000
-177.360000, 23.210000, 33.720000
-188.120000, 17.550000, 36.190000
-199.760000, 12.650000, 37.810000
-206.890000, 8.870000, 37.590000
-205.490000, 5.580000, 37.770000
-211.060000, 1.350000, 39.730000
-236.760000,-3.320000, 42.050000
-250.130000,-6.670000, 43.290000
-250.130000,-7.300000, 42.530000
-250.130000,-6.770000, 40.210000
-250.130000,-4.410000, 37.140000
-239.080000,-1.670000, 34.820000
-220.220000,-0.120000, 33.830000
-208.330000,-1.320000, 32.730000
-206.010000,-3.830000, 30.060000
-214.070000,-7.610000, 24.930000
-227.840000,-13.710000, 17.450000
-241.380000,-22.050000, 10.320000
-249.430000,-31.000000, 4.700000
-250.130000,-38.380000, 2.630000
-244.300000,-45.350000, 3.610000
-231.760000,-50.820000, 6.200000
-216.060000,-55.470000, 9.820000
-199.470000,-58.160000, 13.610000
-181.350000,-57.800000, 17.080000
-161.830000,-54.060000, 20.060000
-144.880000,-49.550000, 22.420000
-132.070000,-44.580000, 23.550000
-125.690000,-37.610000, 24.900000
-126.430000,-29.910000, 27.380000
-132.870000,-23.780000, 32.810000
-140.160000,-19.550000, 41.350000
-145.880000,-17.010000, 51.650000
-148.120000,-14.480000, 62.460000
-148.250000,-11.450000, 70.950000
-146.690000,-7.230000, 76.980000
-143.940000,-0.900000, 79.130000
-141.640000, 7.880000, 76.970000
-141.240000, 16.250000, 72.250000
-142.030000, 21.540000, 65.910000
-143.630000, 23.700000, 60.170000
-142.030000, 23.460000, 58.320000
-136.890000, 17.040000, 64.470000
-127.490000, 6.740000, 77.580000
-111.000000,-3.780000, 94.480000
-86.480000,-14.020000, 111.470000
-62.130000,-21.480000, 123.610000
-43.410000,-27.580000, 131.530000
-28.890000,-34.350000, 135.570000
-20.410000,-44.640000, 135.540000
-21.500000,-57.640000, 135.510000
-36.990000,-73.360000, 138.400000
-49.700000,-85.230000, 145.800000
-56.560000,-92.920000, 160.690000
-53.960000,-93.000000, 183.610000
-36.470000,-85.020000, 215.300000
-7.090000,-66.530000, 250.120000
 22.390000,-46.140000, 250.120000
 35.610000,-37.770000, 250.120000
 33.750000,-37.340000, 250.120000
 14.490000,-43.860000, 250.120000
-7.690000,-53.740000, 250.120000
-28.450000,-61.610000, 250.120000
-37.480000,-62.620000, 250.120000
-27.390000,-60.460000, 250.120000
-3.100000,-69.950000, 250.120000
 10.320000,-86.000000, 250.120000
 10.110000,-100.510000, 250.120000
-6.610000,-117.230000, 250.120000
-21.660000,-134.170000, 250.120000
-28.100000,-150.730000, 250.120000
-28.520000,-165.160000, 250.120000
-7.580000,-173.440000, 250.120000
 38.830000,-173.550000, 250.120000
 93.090000,-161.380000, 250.120000
 140.210000,-142.500000, 250.120000
 154.680000,-124.320000, 250.120000
 139.730000,-106.430000, 221.030000
 114.180000,-89.800000, 188.480000
 100.550000,-60.500000, 149.610000
 102.110000,-18.210000, 115.350000
 108.190000, 43.120000, 78.470000
 101.070000, 115.480000, 38.080000
 81.770000, 185.780000,-3.110000
 66.680000, 250.120000,-38.460000
 64.510000, 250.120000,-71.040000
 82.160000, 250.120000,-100.410000
 83.420000, 250.120000,-125.380000
 42.830000, 250.120000,-145.800000
 217.130000,-40.870000,-103.720000
 250.120000,-250.130000, 92.110000
 130.880000, 21.640000,-98.430000
 18.520000, 250.120000,-113.080000
-101.700000, 110.160000,-3.140000
-46.540000, 30.350000,-9.270000
 36.300000, 29.320000,-14.880000
 11.620000, 32.120000,-4.760000
-17.710000, 40.370000, 6.180000
-14.860000, 34.000000, 5.280000
-6.730000, 23.310000, 0.930000
-8.770000, 11.980000,-3.590000
-8.810000,-0.610000,-5.790000
-1.450000,-6.060000,-7.430000
 4.540000,-4.900000,-6.330000
 3.960000,-6.190000,-2.740000
 0.380000,-5.340000,-0.490000
-1.210000,-4.190000,-1.670000
-2.520000,-2.220000,-6.640000
-3.210000,-1.070000,-15.260000
-4.090000, 2.080000,-27.230000
-3.940000, 8.710000,-41.460000
-5.510000, 18.340000,-58.120000
-8.230000, 30.810000,-77.320000
-13.110000, 49.000000,-98.960000
-17.720000, 72.280000,-121.420000
-24.890000, 96.350000,-143.770000
-29.000000, 115.380000,-165.090000
-34.410000, 131.400000,-184.450000
-43.380000, 143.090000,-199.250000
-58.830000, 151.900000,-212.960000
-81.100000, 163.910000,-228.840000
-97.390000, 184.860000,-247.480000
-97.400000, 217.710000,-250.130000
-91.050000, 250.120000,-250.130000
-78.700000, 250.120000,-250.130000
-67.090000, 250.120000,-250.130000
-57.480000, 250.120000,-250.130000
-49.280000, 250.120000,-250.130000
-47.320000, 250.120000,-250.130000
-52.030000, 250.120000,-250.130000
-66.120000, 250.120000,-250.130000
-81.900000, 250.120000,-250.130000
-101.120000, 249.820000,-250.130000
-120.700000, 225.950000,-250.130000
-143.460000, 209.610000,-243.120000
-172.620000, 199.280000,-234.770000
-207.760000, 194.220000,-231.120000
-250.130000, 193.060000,-228.530000
-250.130000, 190.440000,-223.800000
-250.130000, 180.910000,-212.640000
-250.130000, 165.350000,-193.830000
-250.130000, 141.770000,-167.030000
-250.130000, 112.150000,-132.320000
-250.130000, 80.000000,-93.390000
-175.290000, 49.970000,-52.310000
-87.030000, 26.800000,-8.610000
-12.930000, 13.170000, 32.760000
 41.750000, 5.160000, 67.250000
 75.960000, 1.150000, 89.790000
 98.220000,-1.770000, 94.640000
 111.270000,-10.150000, 76.730000
 103.790000,-16.740000, 52.720000
 66.200000,-20.040000, 27.160000
 15.450000,-26.280000,-2.330000
-32.510000,-30.480000,-29.610000
-73.370000,-34.410000,-49.570000
-103.220000,-40.190000,-61.300000
-123.670000,-47.480000,-67.250000
-136.740000,-56.980000,-71.670000
-140.870000,-67.220000,-73.450000
-142.750000,-76.410000,-69.430000
-147.710000,-84.090000,-61.610000
-155.250000,-92.080000,-51.870000
-161.110000,-99.770000,-41.740000
-162.250000,-105.650000,-32.320000
-156.870000,-108.170000,-24.220000
-148.720000,-106.710000,-16.750000
-143.890000,-102.690000,-8.410000
-144.150000,-97.590000, 2.850000
-146.320000,-94.020000, 17.170000
-144.650000,-91.560000, 34.030000
-138.670000,-88.030000, 52.260000
-128.830000,-84.480000, 68.620000
-119.790000,-81.810000, 82.000000
-115.230000,-81.700000, 91.990000
-115.960000,-83.050000, 98.430000
-121.380000,-86.360000, 101.190000
-132.510000,-85.670000, 103.800000
-146.870000,-83.640000, 105.990000
-159.720000,-80.640000, 105.820000
-169.910000,-75.440000, 105.850000
-174.640000,-69.020000, 105.330000
-172.060000,-61.030000, 104.460000
-163.660000,-52.970000, 102.070000
-156.520000,-46.190000, 99.560000
-155.870000,-40.720000, 95.280000
-162.990000,-36.100000, 89.270000
-176.340000,-31.370000, 81.560000
-190.700000,-26.610000, 72.660000
-203.130000,-21.780000, 62.910000
-213.670000,-15.580000, 53.760000
-219.030000,-7.590000, 46.160000
-215.160000, 0.160000, 40.020000
-196.810000, 7.180000, 34.650000
-177.550000, 15.180000, 32.370000
-167.480000, 25.540000, 35.210000
-169.360000, 32.840000, 41.260000
-176.560000, 29.760000, 46.150000
-175.700000, 20.320000, 47.700000
-164.960000, 12.100000, 47.830000
-164.760000, 5.250000, 46.610000
-196.320000,-4.510000, 43.630000
-247.750000,-15.340000, 42.190000
-250.130000,-20.360000, 41.440000
-250.130000,-17.120000, 41.270000
-250.130000,-11.410000, 39.700000
-250.130000,-4.460000, 35.430000
-250.130000, 4.350000, 30.420000
-250.130000, 14.380000, 24.120000
-250.130000, 21.850000, 14.040000
-248.480000, 21.350000, 1.230000
-250.130000, 11.130000,-12.000000
-250.130000,-5.090000,-20.450000
-250.130000,-23.620000,-22.490000
-250.130000,-42.450000,-18.490000
-248.000000,-54.870000,-10.020000
-239.710000,-60.450000, 0.700000
-232.970000,-60.870000, 10.390000
-223.220000,-58.850000, 17.170000
-206.070000,-55.980000, 21.840000
-181.720000,-53.160000, 25.650000
-158.030000,-51.140000, 29.650000
-142.880000,-48.990000, 33.710000
-141.050000,-46.410000, 37.460000
-149.930000,-43.400000, 39.890000
-165.540000,-39.180000, 41.580000
-182.150000,-35.800000, 44.160000
-193.960000,-34.030000, 48.740000
-198.040000,-33.020000, 55.160000
-196.660000,-31.220000, 62.860000
-190.670000,-28.320000, 69.300000
-181.790000,-24.280000, 74.400000
-171.780000,-18.670000, 77.480000
-163.030000,-13.480000, 79.250000
-159.660000,-9.540000, 79.190000
-161.790000,-7.580000, 78.100000
-166.670000,-8.170000, 76.290000
-169.990000,-10.320000, 74.480000
-169.580000,-14.950000, 74.940000
-164.600000,-21.570000, 77.880000
-157.670000,-31.000000, 84.860000
-149.860000,-48.480000, 99.200000
-130.770000,-65.870000, 117.540000
-101.610000,-76.920000, 135.570000
-72.750000,-86.730000, 153.240000
-49.250000,-97.280000, 169.810000
-28.540000,-104.350000, 185.580000
-1.510000,-111.960000, 204.050000
 28.840000,-123.460000, 224.610000
 43.290000,-134.670000, 246.190000
 30.690000,-136.550000, 250.120000
-4.580000,-125.540000, 250.120000
-47.940000,-103.090000, 250.120000
-62.660000,-112.640000, 250.120000
-38.430000,-153.620000, 250.120000
-6.450000,-182.070000, 250.120000
 16.880000,-189.250000, 250.120000
 37.110000,-178.120000, 250.120000
 38.640000,-171.060000, 250.120000
 36.800000,-175.930000, 250.120000
 30.920000,-186.120000, 250.120000
 24.560000,-199.580000, 250.120000
 40.420000,-208.230000, 250.120000
 73.190000,-213.760000, 250.120000
 105.400000,-217.890000, 250.120000
 129.290000,-207.250000, 250.120000
 137.830000,-182.060000, 250.120000
 144.380000,-145.540000, 250.120000
 147.740000,-115.360000, 250.120000
 143.500000,-94.990000, 243.900000
 134.970000,-81.260000, 209.220000
 123.990000,-67.020000, 174.290000
 104.790000,-47.290000, 137.310000
 75.690000,-12.590000, 98.200000
 52.410000, 36.950000, 58.640000
 48.710000, 93.830000, 18.790000
 62.450000, 155.000000,-21.960000
 76.830000, 233.090000,-65.090000
 96.520000, 250.120000,-105.870000
 115.830000, 250.120000,-140.790000
 106.720000, 250.120000,-165.410000
 62.340000, 250.120000,-176.410000
 182.160000,-250.130000, 70.420000
 250.120000,-250.130000,-48.250000
 71.160000, 213.160000,-149.010000
-25.400000, 143.530000,-79.120000
-0.090000, 38.480000,-55.830000
 13.830000, 24.890000,-63.120000
-14.470000, 22.190000,-49.750000
-10.550000, 21.510000,-34.950000
 8.130000, 31.870000,-43.820000
 28.510000, 31.840000,-47.040000
 30.730000, 31.900000,-47.820000
 26.770000, 26.040000,-45.780000
 24.140000, 18.000000,-40.610000
 17.610000, 13.700000,-32.250000
 8.670000, 13.030000,-22.770000
 1.830000, 14.460000,-15.640000
 0.120000, 19.540000,-14.090000
 2.870000, 29.830000,-17.330000
 6.540000, 42.830000,-24.830000
 9.890000, 57.760000,-35.340000
 10.040000, 71.870000,-48.200000
 9.190000, 85.980000,-62.690000
 10.890000, 102.700000,-79.960000
 12.230000, 118.420000,-97.980000
 9.440000, 129.670000,-116.010000
 2.790000, 136.580000,-134.640000
-8.120000, 142.210000,-151.640000
-21.850000, 148.530000,-170.090000
-30.680000, 155.120000,-184.870000
-45.300000, 163.330000,-196.400000
-63.580000, 175.180000,-209.200000
-93.990000, 194.380000,-224.800000
-131.940000, 212.010000,-245.900000
-166.070000, 245.220000,-250.130000
-176.750000, 250.120000,-250.130000
-157.240000, 250.120000,-240.300000
-124.480000, 250.120000,-227.400000
-95.290000, 250.120000,-222.770000
-88.770000, 250.120000,-223.460000
-96.290000, 250.120000,-229.620000
-113.350000, 238.580000,-240.000000
-129.580000, 225.060000,-250.130000
-144.170000, 221.130000,-250.130000
-159.000000, 224.450000,-250.130000
-182.140000, 225.690000,-250.130000
-211.680000, 223.610000,-250.130000
-240.610000, 217.640000,-242.640000
-250.130000, 206.880000,-224.080000
-250.130000, 187.380000,-200.770000
-250.130000, 159.330000,-173.170000
-250.130000, 128.250000,-142.250000
-250.130000, 96.700000,-108.640000
-217.320000, 68.000000,-72.670000
-147.690000, 43.340000,-37.610000
-77.240000, 26.730000,-4.130000
-20.960000, 17.740000, 24.330000
 16.590000, 11.600000, 43.030000
 33.780000, 8.830000, 51.230000
 39.340000, 3.960000, 45.310000
 35.010000,-2.540000, 30.800000
 18.540000,-9.060000, 15.420000
-6.560000,-15.830000,-1.930000
-33.840000,-23.610000,-17.220000
-61.370000,-35.810000,-28.090000
-89.900000,-52.030000,-34.180000
-112.430000,-68.390000,-38.200000
-123.890000,-82.970000,-41.640000
-128.000000,-92.940000,-43.320000
-130.130000,-100.260000,-42.600000
-135.000000,-105.890000,-42.000000
-146.960000,-106.640000,-40.190000
-166.740000,-104.250000,-35.290000
-185.630000,-100.280000,-27.460000
-193.580000,-99.310000,-15.580000
-185.640000,-101.170000, 0.190000
-166.290000,-103.190000, 19.530000
-144.220000,-104.290000, 41.030000
-127.050000,-103.690000, 62.140000
-117.490000,-102.480000, 79.830000
-120.510000,-103.900000, 91.840000
-126.770000,-104.390000, 96.540000
-123.150000,-96.610000, 102.270000
-116.800000,-89.780000, 104.850000
-113.580000,-82.830000, 102.060000
-113.030000,-75.070000, 101.770000
-118.050000,-66.640000, 101.720000
-125.280000,-59.060000, 101.040000
-134.540000,-52.510000, 99.680000
-143.540000,-46.630000, 96.970000
-151.300000,-41.580000, 91.860000
-157.160000,-36.670000, 84.250000
-162.870000,-32.000000, 75.060000
-172.220000,-26.240000, 64.920000
-185.190000,-18.040000, 55.660000
-200.580000,-8.410000, 48.070000
-215.010000, 1.990000, 42.360000
-225.280000, 12.220000, 38.780000
-233.420000, 20.900000, 36.760000
-240.130000, 27.410000, 35.710000
-249.130000, 30.650000, 36.030000
-250.130000, 30.280000, 36.640000
-227.420000, 27.110000, 34.730000
-142.750000, 26.090000, 38.020000
-74.640000, 23.120000, 43.530000
-57.830000, 16.800000, 49.360000
-96.380000, 5.120000, 52.510000
-172.270000,-13.840000, 52.690000
-250.130000,-32.430000, 47.560000
-250.130000,-43.080000, 38.610000
-250.130000,-44.300000, 29.590000
-250.130000,-39.010000, 23.750000
-250.130000,-32.210000, 21.160000
-250.130000,-25.950000, 21.440000
-240.000000,-23.350000, 23.110000
-206.840000,-24.020000, 22.660000
-184.960000,-24.390000, 18.040000
-177.250000,-27.000000, 7.410000
-184.320000,-33.660000,-6.900000
-201.730000,-44.250000,-21.790000
-222.390000,-54.500000,-32.000000
-237.260000,-60.450000,-33.750000
-242.800000,-61.410000,-28.010000
-235.060000,-59.750000,-17.060000
-216.280000,-57.580000,-3.830000
-188.740000,-54.810000, 10.260000
-159.750000,-49.250000, 23.050000
-140.800000,-43.390000, 32.780000
-136.000000,-38.900000, 37.220000
-142.610000,-34.700000, 37.450000
-155.400000,-31.160000, 35.010000
-169.480000,-28.570000, 32.400000
-180.960000,-25.510000, 32.030000
-185.610000,-22.070000, 36.330000
-184.290000,-19.320000, 43.930000
-179.560000,-17.390000, 53.220000
-174.030000,-17.280000, 62.160000
-171.140000,-19.180000, 68.930000
-172.910000,-23.280000, 74.060000
-177.440000,-28.610000, 78.720000
-182.750000,-36.980000, 85.000000
-185.950000,-48.760000, 94.540000
-183.380000,-61.060000, 105.740000
-175.830000,-72.360000, 115.520000
-164.340000,-82.600000, 125.870000
-145.620000,-91.640000, 136.250000
-117.330000,-95.380000, 147.100000
-91.580000,-98.110000, 158.710000
-70.670000,-100.820000, 169.690000
-57.540000,-104.550000, 181.200000
-50.360000,-113.350000, 194.750000
-44.530000,-123.800000, 210.290000
-31.010000,-131.840000, 225.000000
-8.090000,-134.610000, 239.850000
 6.960000,-131.880000, 250.120000
 24.820000,-123.720000, 250.120000
 32.480000,-108.380000, 250.120000
 31.000000,-94.720000, 250.120000
 19.340000,-97.030000, 250.120000
 17.280000,-116.480000, 250.120000
 40.120000,-139.120000, 250.120000
 71.700000,-152.770000, 250.120000
 87.960000,-150.430000, 250.120000
 89.850000,-135.550000, 250.120000
 96.150000,-115.580000, 250.120000
 94.840000,-96.670000, 250.120000
 85.100000,-84.100000, 250.120000
 71.350000,-88.630000, 250.120000
 68.390000,-98.290000, 250.120000
 67.850000,-109.140000, 250.120000
 70.030000,-115.480000, 250.120000
 74.470000,-114.560000, 250.120000
 76.890000,-110.350000, 250.120000
 83.550000,-98.000000, 250.120000
 92.760000,-84.740000, 250.120000
 100.960000,-71.490000, 250.120000
 104.850000,-61.380000, 241.600000
 100.810000,-55.330000, 208.570000
 100.190000,-49.890000, 172.720000
 112.960000,-38.300000, 138.530000
 131.940000,-23.930000, 105.390000
 144.100000,-7.150000, 69.320000
 148.090000, 13.560000, 32.530000
 141.790000, 39.510000,-4.930000
 126.900000, 82.730000,-41.160000
 119.840000, 158.210000,-76.790000
 133.350000, 250.120000,-106.790000
 143.250000, 250.120000,-127.760000
 130.080000, 250.120000,-143.080000
 91.300000, 250.120000,-151.980000
 36.480000, 250.120000,-147.460000
 113.550000,-127.100000,-142.030000
 196.450000,-250.130000, 101.770000
 51.120000, 118.060000,-109.470000
-32.060000, 250.120000,-89.450000
-53.060000, 145.870000,-18.460000
 25.770000, 92.180000,-35.110000
 62.340000, 64.520000,-55.960000
 11.870000, 37.480000,-40.240000
-12.700000, 34.180000,-38.980000
-4.080000, 36.760000,-43.370000
 7.850000, 33.220000,-48.740000
 13.640000, 28.460000,-55.120000
 20.720000, 25.780000,-59.850000
 19.620000, 20.930000,-60.450000
 13.260000, 16.820000,-57.560000
 8.050000, 15.610000,-53.320000
 3.350000, 15.890000,-47.500000
-2.930000, 15.250000,-41.700000
-10.410000, 13.160000,-38.680000
-12.120000, 15.220000,-41.540000
-12.120000, 20.050000,-48.450000
-13.390000, 25.150000,-59.000000
-16.290000, 33.510000,-75.250000
-15.480000, 43.890000,-94.580000
-16.030000, 57.870000,-115.610000
-16.250000, 71.370000,-136.550000
-18.700000, 86.530000,-157.580000
-23.260000, 102.950000,-176.960000
-32.660000, 123.350000,-196.730000
-50.990000, 147.220000,-217.290000
-73.800000, 177.350000,-238.700000
-92.590000, 204.280000,-250.130000
-103.300000, 236.990000,-250.130000
-104.160000, 250.120000,-250.130000
-106.690000, 250.120000,-250.130000
-114.100000, 250.120000,-250.130000
-113.600000, 250.120000,-250.130000
-119.190000, 250.120000,-250.130000
-137.170000, 250.120000,-250.130000
-158.190000, 250.120000,-250.130000
-173.750000, 232.670000,-250.130000
-185.390000, 212.780000,-250.130000
-196.500000, 200.570000,-250.130000
-212.910000, 196.890000,-220.760000
-240.250000, 197.320000,-194.320000
-250.130000, 202.230000,-175.900000
-250.130000, 207.240000,-161.370000
-250.130000, 206.290000,-145.320000
-250.130000, 194.030000,-127.860000
-250.130000, 170.050000,-109.730000
-222.280000, 137.110000,-91.100000
-116.380000, 96.130000,-76.410000
-65.930000, 62.640000,-45.380000
-61.530000, 44.150000,-11.090000
-55.760000, 26.720000, 13.910000
-46.770000, 3.430000, 28.320000
-41.290000,-18.470000, 33.370000
-44.410000,-35.650000, 31.580000
-63.370000,-46.720000, 25.770000
-102.900000,-57.040000, 16.000000
-152.730000,-70.730000, 2.260000
-191.160000,-82.990000,-13.770000
-209.450000,-92.970000,-29.840000
-214.170000,-98.110000,-43.830000
-212.700000,-99.310000,-54.120000
-211.150000,-100.680000,-61.290000
-203.070000,-105.400000,-66.060000
-187.510000,-113.350000,-66.950000
-175.580000,-120.680000,-61.830000
-175.620000,-127.790000,-51.520000
-178.800000,-133.870000,-37.650000
-180.580000,-140.180000,-22.420000
-180.580000,-146.380000,-7.590000
-178.770000,-150.870000, 6.040000
-176.540000,-154.210000, 17.950000
-173.750000,-155.520000, 28.160000
-169.560000,-152.730000, 36.600000
-163.830000,-147.180000, 43.080000
-159.050000,-137.090000, 47.910000
-155.580000,-125.910000, 51.530000
-152.140000,-114.050000, 53.800000
-148.670000,-102.120000, 54.830000
-148.440000,-91.800000, 55.540000
-151.200000,-82.550000, 55.740000
-156.090000,-74.230000, 55.850000
-159.260000,-66.540000, 55.420000
-159.120000,-58.110000, 55.100000
-160.580000,-50.610000, 56.000000
-164.550000,-43.090000, 57.160000
-168.350000,-35.910000, 59.640000
-173.040000,-31.760000, 63.390000
-177.040000,-31.330000, 69.290000
-181.770000,-34.280000, 76.800000
-189.160000,-39.470000, 85.770000
-197.890000,-45.810000, 95.030000
-204.500000,-53.510000, 104.160000
-211.030000,-59.050000, 110.680000
-216.280000,-62.300000, 115.080000
-219.050000,-63.580000, 117.140000
-218.900000,-62.770000, 117.240000
-216.240000,-60.870000, 115.600000
-212.490000,-58.220000, 113.180000
-208.350000,-55.380000, 109.830000
-204.280000,-51.300000, 105.580000
-199.520000,-46.120000, 100.150000
-194.060000,-40.450000, 93.220000
-189.380000,-35.130000, 82.800000
-188.310000,-29.150000, 68.290000
-194.540000,-22.830000, 50.790000
-208.000000,-18.250000, 31.540000
-223.000000,-16.760000, 14.710000
-231.900000,-18.740000, 5.290000
-232.800000,-23.870000, 4.730000
-228.160000,-30.070000, 11.350000
-215.400000,-34.430000, 21.780000
-194.570000,-35.210000, 33.290000
-170.350000,-32.520000, 43.310000
-147.120000,-26.000000, 49.510000
-128.760000,-16.740000, 50.480000
-116.120000,-7.090000, 48.220000
-107.970000, 0.940000, 43.770000
-106.450000, 4.450000, 39.850000
-113.870000, 4.220000, 38.160000
-128.450000, 3.500000, 37.840000
-148.000000, 4.000000, 39.290000
-167.290000, 6.320000, 42.190000
-180.510000, 9.170000, 45.070000
-187.480000, 10.540000, 46.510000
-187.030000, 9.580000, 45.720000
-183.580000, 7.400000, 43.190000
-178.290000, 4.280000, 39.830000
-175.430000, 0.390000, 36.270000
-176.870000,-8.450000, 36.890000
-179.130000,-20.750000, 42.020000
-180.170000,-31.630000, 50.300000
-182.800000,-42.320000, 62.310000
-181.610000,-49.170000, 76.920000
-164.670000,-53.510000, 94.790000
-133.610000,-58.860000, 115.080000
-101.530000,-64.580000, 136.560000
-74.580000,-71.690000, 157.250000
-52.260000,-82.220000, 176.480000
-26.640000,-101.820000, 195.810000
-4.160000,-127.390000, 215.340000
 14.920000,-144.770000, 235.670000
 31.500000,-149.290000, 250.120000
 42.140000,-145.280000, 250.120000
 49.520000,-144.250000, 250.120000
 56.120000,-143.620000, 250.120000
 72.720000,-138.370000, 250.120000
 101.910000,-129.270000, 250.120000
 125.920000,-115.830000, 250.120000
 123.680000,-104.700000, 250.120000
 99.810000,-93.880000, 250.120000
 68.020000,-86.700000, 250.120000
 36.220000,-83.960000, 250.120000
 3.960000,-86.610000, 250.120000
-22.610000,-96.530000, 250.120000
-26.150000,-112.480000, 250.120000
-8.700000,-127.130000, 250.120000
 28.740000,-130.220000, 250.120000
 72.460000,-125.540000, 250.120000
 110.240000,-115.510000, 250.120000
 143.770000,-95.740000, 250.120000
 161.500000,-72.480000, 250.120000
 167.350000,-48.460000, 250.120000
 160.610000,-31.150000, 219.830000
 146.280000,-17.180000, 187.230000
 126.340000, 0.270000, 157.420000
 118.950000, 24.070000, 128.760000
 112.770000, 51.540000, 98.980000
 107.710000, 78.400000, 69.560000
 101.770000, 105.030000, 40.820000
 104.090000, 147.040000, 12.050000
 111.550000, 201.610000,-16.320000
 125.570000, 250.120000,-42.340000
 132.370000, 250.120000,-66.200000
 124.540000, 250.120000,-85.130000
 106.270000, 250.120000,-92.920000
 77.450000, 250.120000,-80.010000
 250.120000,-250.130000, 37.780000
 176.610000,-152.400000, 11.160000
 56.520000, 250.120000,-115.520000
-94.520000, 194.860000,-45.230000
-63.250000, 83.720000, 29.730000
 30.840000, 92.910000,-14.070000
 20.160000, 63.170000,-13.160000
-12.420000, 50.260000,-1.510000
-2.000000, 50.180000,-4.030000
 18.560000, 45.800000,-8.230000
 29.130000, 44.480000,-12.640000
 33.950000, 36.820000,-15.620000
 41.930000, 25.950000,-20.120000
 46.930000, 18.670000,-24.120000
 47.740000, 15.040000,-27.820000
 41.650000, 14.520000,-32.830000
 34.080000, 15.720000,-40.590000
 26.030000, 20.090000,-50.870000
 19.090000, 25.550000,-65.930000
 13.720000, 33.170000,-84.940000
 10.040000, 45.460000,-108.910000
 3.590000, 59.800000,-135.190000
-6.240000, 72.030000,-159.700000
-14.210000, 85.230000,-183.350000
-23.700000, 101.120000,-206.000000
-40.160000, 120.220000,-227.260000
-62.470000, 144.790000,-247.900000
-82.910000, 171.540000,-250.130000
-88.690000, 198.000000,-250.130000
-73.610000, 224.260000,-250.130000
-56.250000, 250.120000,-250.130000
-41.930000, 250.120000,-250.130000
-46.120000, 250.120000,-250.130000
-64.720000, 250.120000,-250.130000
-97.900000, 250.120000,-250.130000
-136.050000, 245.910000,-250.130000
-180.730000, 217.680000,-250.130000
-215.500000, 191.170000,-250.130000
-241.640000, 176.060000,-244.190000
-248.700000, 177.510000,-239.250000
-247.040000, 188.600000,-232.870000
-240.820000, 205.290000,-224.870000
-232.670000, 223.950000,-213.990000
-222.410000, 238.600000,-199.570000
-210.720000, 247.150000,-184.650000
-199.420000, 248.590000,-168.130000
-183.470000, 239.050000,-151.690000
-160.500000, 220.160000,-132.690000
-129.150000, 191.970000,-112.530000
-92.390000, 157.460000,-90.700000
-55.950000, 118.670000,-64.910000
-22.370000, 83.840000,-35.320000
 5.160000, 54.660000,-5.620000
 25.840000, 35.000000, 20.520000
 40.120000, 20.930000, 40.680000
 48.030000, 12.010000, 51.610000
 51.880000, 8.100000, 53.800000
 53.890000, 8.740000, 48.050000
 51.280000, 10.600000, 37.670000
 44.140000, 10.820000, 24.320000
 33.430000, 7.610000, 11.370000
 18.320000, 1.350000, 0.170000
-1.370000,-8.830000,-6.120000
-23.980000,-22.800000,-8.750000
-45.050000,-37.980000,-8.300000
-61.630000,-54.100000,-6.150000
-72.740000,-67.590000,-3.640000
-78.730000,-78.410000,-1.120000
-79.300000,-87.340000, 3.200000
-73.560000,-94.080000, 7.610000
-60.540000,-99.320000, 13.000000
-43.060000,-102.410000, 19.930000
-23.460000,-103.720000, 28.950000
-5.610000,-101.450000, 38.540000
 9.040000,-93.240000, 49.420000
 18.930000,-84.310000, 61.150000
 25.180000,-76.110000, 72.040000
 29.620000,-66.700000, 80.780000
 31.380000,-57.380000, 87.280000
 30.990000,-47.930000, 90.940000
 29.800000,-38.160000, 90.160000
 28.030000,-29.670000, 88.410000
 25.860000,-21.410000, 85.290000
 22.910000,-13.340000, 81.610000
 18.540000,-4.480000, 77.380000
 13.120000, 1.880000, 73.040000
 7.380000, 6.650000, 66.810000
 3.460000, 10.230000, 59.900000
-1.560000, 10.910000, 52.230000
-9.500000, 9.830000, 43.720000
-18.770000, 9.030000, 35.700000
-29.800000, 8.910000, 27.290000
-38.740000, 9.700000, 20.240000
-44.470000, 10.500000, 12.190000
-47.480000, 10.870000, 5.570000
-47.570000, 13.690000,-2.250000
-45.580000, 17.640000,-9.350000
-41.080000, 22.600000,-16.250000
-35.250000, 27.570000,-24.590000
-26.640000, 30.770000,-30.740000
-17.190000, 34.160000,-39.350000
-10.430000, 34.310000,-46.810000
-5.000000, 33.700000,-53.640000
 2.200000, 31.060000,-59.830000
 9.490000, 27.790000,-67.710000
 20.080000, 23.770000,-75.590000
 28.640000, 17.750000,-85.870000
 35.040000, 12.470000,-99.770000
 37.380000, 14.460000,-114.660000
 28.800000, 12.980000,-125.830000
 14.090000, 14.640000,-133.130000
 3.100000, 17.540000,-132.800000
 11.670000, 21.860000,-124.050000
 28.160000, 21.160000,-106.600000
 47.980000, 15.110000,-78.510000
 65.170000, 4.140000,-39.690000
 77.090000,-7.620000, 5.040000
 87.450000,-18.070000, 47.960000
 97.960000,-23.930000, 80.400000
 106.550000,-28.010000, 101.350000
 117.410000,-29.190000, 113.300000
 128.580000,-28.310000, 115.890000
 138.990000,-25.990000, 112.580000
 146.680000,-22.250000, 106.270000
 150.440000,-17.600000, 100.430000
 148.340000,-12.700000, 96.000000
 140.370000,-7.600000, 93.340000
 126.250000,-3.310000, 92.220000
 107.250000,-0.230000, 90.360000
 85.530000, 1.290000, 86.950000
 61.610000, 1.630000, 82.450000
 36.620000, 0.770000, 76.610000
 12.840000, 0.000000, 70.290000
-8.080000, 0.340000, 63.000000
-26.430000, 1.400000, 55.550000
-41.880000, 3.580000, 47.240000
-54.000000, 6.550000, 38.160000
-63.610000, 9.750000, 28.220000
