0.002210
0.002691
0.016024
0.009313
0.014264
0.014962
0.014856
0.014951
0.015059
0.014688
0.016719
0.012905
0.014999
0.014686
0.014791
0.014833
0.015733
0.013950
0.014980
0.014931
0.015005
0.014494
0.015432
0.015604
0.013370
0.015800
0.013912
0.015165
0.014355
0.014945
0.014924
0.014910
0.016228
0.013381
0.014659
0.015020
0.014976
0.014639
0.014922
0.014755
0.015769
0.014071
0.015152
0.014275
0.016087
0.013750
0.014870
0.014701
0.015147
0.014686
0.015093
0.014581
0.015605
0.014023
0.014842
0.014715
0.014855
0.015098
0.015001
0.014730
0.014751
0.014823
0.014950
0.014801
0.018249
0.011207
0.014824
0.014965
0.014948
0.014799
0.015093
0.015282
0.014172
0.015031
0.014750
0.015113
0.014575
0.014800
0.014909
0.014773
0.015381
0.015817
0.013326
0.014649
0.015007
0.014853
0.014758
0.014848
0.014877
0.014883
0.014766
0.017377
0.012604
0.014739
0.014827
0.015004
0.014647
0.014822
0.014837
0.014966
0.014574
0.014873
0.014772
0.016719
0.013186
0.014747
0.015208
0.014455
0.014726
0.014976
0.015427
0.014241
0.029878
0.006500
0.008219
0.014842
0.014666
0.015034
0.015362
0.014355
0.014630
0.016197
0.016766
0.011831
0.014716
0.014884
0.015099
0.015872
0.013524
0.014828
0.014985
0.015102
0.014873
0.016200
0.013070
0.014886
0.014827
0.014914
0.014702
0.016281
0.013682
0.015546
0.013993
0.015090
0.014513
0.015369
0.014401
0.016959
0.013970
0.013489
0.015041
0.014716
0.014802
0.014678
0.014979
0.015017
0.014554
0.015033
0.016728
0.012933
0.014752
0.014809
0.014867
0.014880
0.015289
0.014311
0.014933
0.014811
0.014882
0.014778
0.014714
0.014879
0.014944
0.015074
0.014760
0.014605
0.015654
0.014124
0.014905
0.014751
0.014676
0.015029
0.014858
0.014733
0.014858
0.014971
0.014631
0.015014
0.014822
0.015139
0.014338
0.014923
0.014881
0.014777
0.014880
0.015030
0.018042
0.011418
0.015329
0.014700
0.014390
0.014861
0.015272
0.014581
0.014786
0.015902
0.013864
0.014865
0.014712
0.015617
0.014615
0.014208
0.014820
0.014865
0.014993
0.014661
0.014887
0.014925
0.014962
0.014497
0.014870
0.015824
0.013997
0.014980
0.014612
0.015062
0.014796
0.015040
0.014517
0.014708
0.015314
0.014637
0.015421
0.014136
0.015708
0.014096
0.015504
0.015736
0.013279
0.014982
0.014522
0.016322
0.013911
0.014574
0.017363
0.016333
0.010937
0.014718
0.014909
0.014684
0.014848
0.014901
0.014710
0.016434
0.014176
0.014040
0.014749
0.014932
0.015212
0.014563
0.014959
0.014744
0.014722
0.018647
0.010906
0.014959
0.017274
0.012448
0.014692
0.014967
0.014729
0.015257
0.014576
0.014709
0.014691
0.014813
0.015024
0.014856
0.064615
0.006726
0.000241
0.000116
0.003977
0.013444
0.015075
0.015035
0.016974
0.012225
0.014827
0.014942
0.014880
0.014600
0.014896
0.014634
0.014832
0.015153
0.014786
0.014532
0.014837
0.014792
0.014843
0.015259
0.015003
0.014623
0.015116
0.014324
0.014837
0.014835
0.015342
0.014783
0.014503
0.015788
0.013947
0.017463
0.012604
0.014348
0.014760
0.014873
0.015638
0.014685
0.014050
0.017357
0.012325
0.063230
0.006183
0.000231
0.000115
0.004517
0.014655
0.014930
0.015709
0.014095
0.014713
0.014936
0.014786
0.014675
0.014955
0.014626
0.014966
0.014858
0.018250
0.011904
0.014327
0.015371
0.014226
0.016101
0.014383
0.013900
0.014975
0.014854
0.015002
0.017728
0.011745
0.014742
0.015542
0.016728
0.012974
0.014194
0.014762
0.014875
0.014770
0.015152
0.017251
0.012179
0.014623
0.014818
0.016049
0.013825
0.014744
0.014882
0.014642
0.014852
0.015012
0.014665
0.014668
0.020245
0.009556
0.015058
0.014579
0.015194
0.014559
0.014749
0.015296
0.014291
0.015101
0.014718
0.017997
0.011785
0.014721
0.014622
0.014947
0.014898
0.014850
0.015062
0.014580
0.014848
0.015232
0.014316
0.015068
0.014872
0.014935
0.014487
0.014810
0.015704
0.014527
0.014706
0.014520
0.014794
0.015152
0.015778
0.013373
0.015450
0.014297
0.014971
0.015216
0.014409
0.014815
0.015191
0.014442
0.014738
0.015052
0.014794
0.014951
0.019075
0.011188
0.017193
0.013984
0.012476
0.014659
0.014962
0.015109
0.014965
0.014542
0.016534
0.015019
0.012675
0.015259
0.014581
0.015024
0.014659
0.015326
0.015247
0.014030
0.014891
0.014765
0.014848
0.014898
0.015029
0.014951
0.014976
0.014258
0.014930
0.014794
0.014829
0.014708
0.014663
0.015337
0.015026
0.014336
0.018917
0.010732
0.014780
0.016015
0.013762
0.015043
0.014573
0.015954
0.013749
0.015211
0.015007
0.014412
0.014588
0.015272
0.016037
0.013272
0.015128
0.014923
0.014507
0.014802
0.014754
0.014764
0.014934
0.015056
0.033068
0.003236
0.010388
0.013399
0.014688
0.014352
0.014605
0.017229
0.012429
0.015819
0.013909
0.016305
0.013395
0.014536
0.015143
0.014694
0.014984
0.015237
0.014299
0.015209
0.014834
0.016303
0.013333
0.015113
0.014972
0.014470
0.014476
0.014852
0.014889
0.014839
0.015232
0.014500
0.014784
0.014829
0.014910
0.014744
0.015148
0.014501
0.014999
0.014738
0.015002
0.015039
0.014477
0.015803
0.013979
0.016322
0.014145
0.014133
0.014853
0.014732
0.014759
0.014699
0.015027
0.014757
0.014802
0.014952
0.014893
0.014994
0.014891
0.014610
0.015289
0.016285
0.013006
0.014965
0.014637
0.014926
0.014897
0.014711
0.016181
0.013661
0.015029
0.016642
0.013204
0.014671
0.014956
0.015072
0.014445
0.014758
0.015637
0.013816
0.015074
0.016785
0.013863
0.014082
0.014593
0.014676
0.014948
0.014864
0.015896
0.013848
0.014933
0.014696
0.014913
0.014818
0.015155
0.014930
0.016578
0.026733
0.002546
0.013566
0.014369
0.015072
0.014545
0.020494
0.009434
0.014582
0.014852
0.014889
0.015439
0.014299
0.018407
0.011381
0.014911
0.017389
0.012248
0.014655
0.015050
0.015195
0.014175
0.015022
0.014709
0.014858
0.014648
0.015016
0.014767
0.015062
0.014769
0.014488
0.015463
0.014470
0.014815
0.014872
0.014880
0.014971
0.014971
0.014348
0.017937
0.011733
0.014911
0.014761
0.018847
0.015442
0.010235
0.014906
0.014554
0.015079
0.017101
0.012546
0.014778
0.015186
0.014451
0.014828
0.014854
0.014996
0.014924
0.014646
0.014881
0.014846
0.014734
0.014785
0.014791
0.014685
0.014926
0.014879
0.015001
0.015411
0.015072
0.014652
0.013955
0.014902
0.014778
0.014992
0.014844
0.014607
0.015228
0.015714
0.013658
0.014844
0.014805
0.014635
0.015077
0.015033
0.014475
0.015410
0.014394
0.014872
0.019431
0.010369
0.015604
0.015995
0.012755
0.014925
0.015180
0.014338
0.014986
0.014604
0.017092
0.012988
0.014485
0.015253
0.014328
0.014729
0.017781
0.012552
0.014709
0.014367
0.019824
0.013139
0.014022
0.012358
0.014808
0.016242
0.022436
0.005923
0.014777
0.014999
0.016119
0.014239
0.014032
0.014684
0.014946
0.014804
0.014789
0.016484
0.013054
0.014848
0.014833
0.014760
0.014735
0.015346
0.014499
0.017032
0.012537
0.015035
0.014786
0.014726
0.014855
0.014940
0.014707
0.015112
0.014515
0.019868
0.009881
0.014773
0.015604
0.015355
0.014557
0.014031
0.014515
0.015183
0.014536
0.014788
0.015423
0.014273
0.014848
0.021309
0.008679
0.014489
0.015218
0.014706
0.014675
0.014778
0.017074
0.013289
0.014170
0.014818
0.018741
0.010948
0.014811
0.014718
0.018428
0.011354
0.014627
0.015212
0.014654
0.014877
0.014886
0.037766
0.002869
0.005048
0.014191
0.014246
0.014571
0.015027
0.014976
0.014674
0.014734
0.015208
0.014665
0.014618
0.014786
0.014797
0.016385
0.013557
0.015013
0.016616
0.012786
0.014681
0.014871
0.014815
0.021300
0.008491
0.016671
0.013137
0.014759
0.014819
0.014796
0.015697
0.013973
0.015287
0.016010
0.013255
0.014937
0.017343
0.012180
0.016193
0.013466
0.014994
0.014806
0.014827
0.016108
0.013585
0.014798
0.014860
0.014680
0.014914
0.014854
0.015069
0.014929
0.014471
0.014974
0.020931
0.009355
0.014117
0.014869
0.014990
0.014782
0.015117
0.014840
0.014294
0.015070
0.014924
0.014705
0.015295
0.014364
0.014809
0.014836
0.020534
0.009177
0.014881
0.014883
0.014712
0.016160
0.013647
0.017417
0.012890
0.014345
0.014716
0.015039
0.014617
0.014918
0.015909
0.013735
0.015079
0.014561
0.015018
0.016303
0.013350
0.014749
0.015113
0.014500
0.015044
0.014680
0.015028
0.015128
0.014467
0.014777
0.015056
0.014524
0.014891
0.015010
0.014615
0.015012
0.014706
0.015034
0.014980
0.015302
0.014186
0.015502
0.014131
0.014767
0.014821
0.014997
0.014875
0.014750
0.015367
0.014435
0.014517
0.014871
0.018078
0.011691
0.014828
0.014841
0.014828
0.015103
0.014863
0.014859
0.014524
0.014756
0.014949
0.014863
0.015547
0.014152
0.014777
0.014896
0.014625
0.016978
0.013075
0.014550
0.014961
0.014760
0.015003
0.014869
0.017590
0.011834
0.014929
0.014582
0.014947
0.014902
0.015661
0.014069
0.014621
0.014988
0.015241
0.014623
0.014682
0.014576
0.014875
0.014944
0.014970
0.014683
0.014813
0.015724
0.013884
0.014939
0.014743
0.015228
0.014422
0.015104
0.016381
0.013074
0.014776
0.014931
0.014648
0.015678
0.014504
0.017640
0.011728
0.014701
0.015395
0.017139
0.011978
0.014795
0.014998
0.014677
0.015048
0.014899
0.014407
0.015722
0.016213
0.012703
0.014761
0.014829
0.014941
0.016428
0.013501
0.014533
0.017764
0.011683
0.014788
0.014896
0.014721
0.014951
0.014819
0.014904
0.014878
0.014826
0.014991
0.015588
0.013910
0.014914
0.016885
0.012821
0.014774
0.016408
0.013344
0.014740
0.014632
0.014962
0.020447
0.009329
0.014915
0.014682
0.014838
0.015445
0.015394
0.013385
0.014986
0.014849
0.015011
0.015969
0.013614
0.015125
0.015059
0.014828
0.014185
0.014915
0.014896
0.014773
0.015021
0.014574
0.017513
0.012094
0.014818
0.014690
0.015272
0.014924
0.015043
0.014637
0.014484
0.014751
0.014849
0.014747
0.014713
0.015532
0.015207
0.014063
0.015594
0.013938
0.014855
0.014758
0.014966
0.026016
0.003512
0.014716
0.015084
0.014724
0.014842
0.017330
0.012732
0.014801
0.014445
0.014843
0.015067
0.014669
0.014913
0.014705
0.014965
0.014862
0.014597
0.014857
0.014884
0.018335
0.011324
0.014829
0.014968
0.014778
0.015100
0.016534
0.012706
0.014827
0.014921
0.014706
0.015967
0.013914
0.014723
0.015704
0.014286
0.014502
0.015230
0.014892
0.015723
0.015421
0.012947
0.014780
0.015788
0.013773
0.015074
0.014734
0.014824
0.014954
0.016149
0.013600
0.014460
0.014923
0.015794
0.014118
0.014698
0.014615
0.015600
0.014281
0.015495
0.014117
0.014801
0.014959
0.014944
0.014745
0.014730
0.014991
0.014806
0.014880
0.019784
0.009788
0.014974
0.016675
0.013703
0.014069
0.014906
0.014807
0.014697
0.014938
0.015020
0.014824
0.015104
0.014506
0.014797
0.014780
0.014919
0.015402
0.014333
0.014938
0.015292
0.014706
0.014357
0.015079
0.015586
0.013876
0.014864
0.014974
0.014689
0.014775
0.014948
0.014657
0.014809
0.016971
0.012757
0.014974
0.014787
0.014940
0.014719
0.014741
0.015072
0.014643
0.014906
0.014884
0.014781
0.015460
0.014314
0.014764
0.014912
0.014720
0.014677
0.015276
0.014676
0.015009
0.014678
0.014843
0.014745
0.014865
0.018610
0.011965
0.014034
0.014948
0.014941
0.014724
0.015256
0.018468
0.010816
0.014962
0.014697
0.015451
0.014386
0.014694
0.022332
0.007869
0.014508
0.015576
0.019084
0.010889
0.013988
0.014919
0.014451
0.015141
0.017550
0.012703
0.013890
0.014931
0.014960
0.016831
0.012826
0.014748
0.014827
0.014995
0.014669
0.014748
0.014955
0.014688
0.014910
0.014839
0.015063
0.014686
0.015102
0.014909
0.015466
0.013805
0.014839
0.015672
0.013937
0.014995
0.015124
0.014512
0.015153
0.016593
0.012695
0.014839
0.014935
0.014707
0.014937
0.015818
0.013839
0.014825
0.014582
0.015270
0.015210
0.014237
0.064919
0.006041
0.000244
0.000123
0.002859
0.015028
0.014842
0.014655
0.014771
0.014865
0.014792
0.014883
0.014819
0.014845
0.014757
0.015242
0.014484
0.014733
0.014784
0.016733
0.013248
0.014695
0.014672
0.014975
0.016357
0.013158
0.014798
0.014802
0.016239
0.013605
0.016459
0.014632
0.014567
0.013640
0.067241
0.009745
0.000253
0.000124
0.000115
0.011715
0.014624
0.014843
0.015168
0.015297
0.016662
0.012153
0.014925
0.017658
0.012799
0.014151
0.014621
0.014776
0.015953
0.013592
0.022414
0.007297
0.015714
0.014006
0.015041
0.014676
0.014798
0.014835
0.015007
0.014560
0.015144
0.014594
0.015245
0.014479
0.014775
0.014688
0.016129
0.013840
0.016332
0.013730
0.014854
0.014339
0.014767
0.015326
0.014510
0.014663
0.015224
0.014281
0.014920
0.014797
0.014923
0.014713
0.016851
0.014070
0.013689
0.014878
0.014960
0.014381
0.014907
0.014870
0.014827
0.015861
0.013928
0.014602
0.015160
0.014539
0.015161
0.014876
0.014700
0.014702
0.014858
0.014706
0.014829
0.015029
0.014542
0.019352
0.010360
0.014848
0.017691
0.012453
0.016611
0.012660
0.014679
0.015104
0.014546
0.014774
0.015312
0.014746
0.016572
0.012890
0.014765
0.014775
0.016619
0.013144
0.015101
0.014461
0.014904
0.023389
0.006280
0.015494
0.014191
0.014688
0.015430
0.014322
0.015218
0.014501
0.014907
0.014797
0.014686
0.015013
0.014858
0.014520
0.015112
0.014722
0.018722
0.010928
0.015160
0.014446
0.015617
0.014058
0.015838
0.023191
0.005945
0.016117
0.013360
0.014700
0.014759
0.014829
0.014759
0.015332
0.014433
0.014897
0.015791
0.013891
0.014954
0.014618
0.014993
0.014638
0.014909
0.014841
0.014786
0.015025
0.015007
0.014846
0.014358
0.014905
0.014812
0.015241
0.014516
0.014799
0.015753
0.014582
0.014230
0.015119
0.014480
0.015092
0.014607
0.014752
0.015490
0.014508
0.014745
0.014692
0.015264
0.014858
0.014331
0.016037
0.013879
0.014774
0.014951
0.014833
0.014796
0.014781
0.014854
0.016475
0.013318
0.014838
0.014718
0.015412
0.014329
0.015566
0.014266
0.014917
0.014906
0.014525
0.020819
0.008799
0.015020
0.014736
0.014886
0.014920
0.021486
0.007888
0.014971
0.014868
0.014825
0.017762
0.012077
0.014732
0.014803
0.015015
0.014632
0.014807
0.015123
0.014772
0.016586
0.012960
0.014745
0.014973
0.015456
0.014821
0.014247
0.014732
0.014985
0.015032
0.014675
0.014840
0.014947
0.014680
0.015985
0.013654
0.014798
0.015130
0.016315
0.013182
0.015717
0.013986
0.014765
0.014899
0.015821
0.013815
0.015143
0.014869
0.023434
0.006007
0.015213
0.014565
0.014497
0.014856
0.015001
0.014897
0.014836
0.014779
0.015162
0.014627
0.016128
0.013413
0.016299
0.013638
0.014679
0.014873
0.018112
0.011761
0.016985
0.012490
0.014750
0.015319
0.019136
0.009997
0.014943
0.014878
0.014936
0.015808
0.013958
0.014703
0.014907
0.014598
0.019510
0.011522
0.014132
0.015012
0.014011
0.014868
0.015914
0.014223
0.014318
0.014825
0.014765
0.014896
0.015066
0.014731
0.015052
0.015361
0.014035
0.015928
0.017067
0.011950
0.014370
0.014948
0.015194
0.018874
0.010280
0.017566
0.011877
0.015110
0.014936
0.014659
0.017149
0.012566
0.014801
0.017475
0.012407
0.015745
0.013802
0.014865
0.014566
0.014915
0.014801
0.015867
0.013871
0.014630
0.015025
0.016652
0.012981
0.017779
0.011964
0.014731
0.014847
0.014704
0.014854
0.014813
0.015129
0.014523
0.014689
0.015120
0.014855
0.014801
0.014744
0.014874
0.015010
0.014689
0.014894
0.014862
0.014763
0.014712
0.015309
0.014377
0.014834
0.014832
0.014702
0.014896
0.014792
0.014926
0.018526
0.011156
0.014822
0.015638
0.017045
0.011755
0.015036
0.014726
0.014831
0.014816
0.014875
0.015519
0.014007
0.014881
0.015443
0.014345
0.014607
0.016499
0.013561
0.014407
0.014930
0.015226
0.014357
0.014909
0.014985
0.015121
0.014400
0.017149
0.012878
0.014819
0.014369
0.014846
0.014874
0.014871
0.014779
0.015069
0.014677
0.014993
0.014671
0.014769
0.014982
0.014706
0.015665
0.013994
0.014921
0.014989
0.014819
0.014651
0.014787
0.014820
0.014862
0.016744
0.012962
0.014994
0.015332
0.014199
0.014752
0.015177
0.014385
0.014872
0.014894
0.015262
0.014403
0.014790
0.014816
0.014854
0.014731
0.014972
0.014729
0.022502
0.008980
0.013150
0.014844
0.014836
0.014801
0.015543
0.018071
0.010791
0.014704
0.015070
0.014684
0.017223
0.012561
0.014686
0.014985
0.014683
0.015175
0.014652
0.014783
0.014782
0.015136
0.015191
0.016828
0.012228
0.014652
0.014950
0.014663
0.014931
0.014808
0.017294
0.015830
0.011513
0.017769
0.011832
0.015467
0.014205
0.015602
0.013882
0.015081
0.014655
0.014986
0.015641
0.014057
0.014728
0.016688
0.013180
0.014701
0.015069
0.014567
0.014958
0.014921
0.016193
0.013422
0.014699
0.014919
0.014815
0.014868
0.014653
0.016381
0.015646
0.014917
0.014039
0.013234
0.014968
0.014938
0.014787
0.014917
0.014885
0.014622
0.014943
0.017902
0.011778
0.014847
0.014851
0.014925
0.014794
0.015022
0.014505
0.014815
0.018329
0.011303
0.015299
0.014801
0.015545
0.013853
0.014985
0.014908
0.014553
0.015378
0.014332
0.014978
0.015157
0.016569
0.013440
0.014092
0.014852
0.016538
0.013065
0.025090
0.004764
0.014514
0.015847
0.014185
0.015065
0.015655
0.015152
0.013507
0.014886
0.014827
0.014777
0.019900
0.009717
0.015094
0.014703
0.014681
0.015035
0.014682
0.015068
0.015831
0.014590
0.013967
0.015685
0.013895
0.016061
0.014026
0.014407
0.017286
0.013071
0.014232
0.019187
0.010557
0.014848
0.014806
0.014780
0.014861
0.014779
0.015796
0.014107
0.014779
0.015343
0.014651
0.020963
0.008190
0.014840
0.015103
0.015549
0.014262
0.014768
0.015370
0.014174
0.014839
0.016419
0.013036
0.016022
0.013944
0.014776
0.014766
0.015420
0.018113
0.011110
0.014767
0.015645
0.013794
0.015629
0.014236
0.015014
0.014719
0.017830
0.012061
0.015599
0.013829
0.014738
0.015752
0.013851
0.015810
0.014040
0.014916
0.014726
0.014949
0.014676
0.015423
0.014474
0.014837
0.014830
0.014746
0.014830
0.014782
0.014777
0.015811
0.014434
0.014336
0.014875
0.014804
0.014793
0.014888
0.015031
0.015731
0.013852
0.014648
0.014882
0.014830
0.014932
0.015416
0.016007
0.013041
0.014683
0.015139
0.014553
0.014804
0.014950
0.014721
0.016394
0.013223
0.014887
0.014767
0.015208
0.014471
0.015110
0.014581
0.014896
0.014933
0.014770
0.016782
0.014650
0.013361
0.014470
0.016656
0.012867
0.015035
0.015823
0.013661
0.015074
0.014683
0.014814
0.015687
0.014309
0.016150
0.013198
0.015551
0.014110
0.014957
0.014641
0.014821
0.014814
0.014668
0.014905
0.014976
0.014745
0.014682
0.015380
0.014542
0.014757
0.014948
0.015308
0.014049
0.015308
0.014545
0.014709
0.015279
0.015445
0.013910
0.016268
0.013577
0.014778
0.015042
0.014483
0.015361
0.014840
0.014408
0.014711
0.014841
0.014730
0.014917
0.014903
0.014844
0.014807
0.014996
0.014654
0.016429
0.013190
0.014982
0.014957
0.015966
0.013602
0.014868
0.014558
0.015627
0.014166
0.014571
0.020045
0.009716
0.014934
0.015000
0.026100
0.003976
0.014699
0.014821
0.014461
0.014630
0.014923
0.015800
0.013895
0.015016
0.014699
0.014853
0.014820
0.014770
0.014749
0.014739
0.014863
0.015286
0.014434
0.015341
0.014474
0.014787
0.014908
0.014585
0.014994
0.014648
0.015199
0.014593
0.014748
0.014957
0.015293
0.014623
0.014713
0.014528
0.014894
0.014993
0.014763
0.014615
0.015453
0.014828
0.014457
0.014943
0.014780
0.014819
0.014985
0.014563
0.015862
0.014622
0.017150
0.011713
0.014893
0.014905
0.014889
0.016365
0.013291
0.015465
0.014079
0.014918
0.014964
0.014615
0.015847
0.013917
0.015717
0.013846
0.014666
0.016564
0.013270
0.014769
0.015178
0.014962
0.014556
0.015119
0.015664
0.014080
0.014533
0.015599
0.014035
0.014900
0.015477
0.014293
0.015144
0.014444
0.015292
0.014226
0.014886
0.014921
0.014698
0.017004
0.013636
0.013867
0.015111
0.014920
0.015591
0.013899
0.014659
0.015072
0.014703
0.014989
0.014867
0.014835
0.014746
0.014971
0.014776
0.014812
0.015306
0.014314
0.015002
0.015058
0.014696
0.014651
0.015004
0.014840
0.014662
0.014972
0.015067
0.014910
0.015456
0.013888
0.014806
0.014879
0.014697
0.014978
0.014673
0.014749
0.015015
0.014899
0.015109
0.014566
0.014847
0.014682
0.014996
0.014562
0.014826
0.015759
0.016002
0.013175
0.014830
0.014771
0.015821
0.016021
0.012932
0.014810
0.014556
0.014887
0.015835
0.014073
0.014423
0.015271
0.017361
0.012101
0.015052
0.014797
0.016485
0.014534
0.013277
0.015164
0.014434
0.017435
0.012201
0.014730
0.015342
0.014556
0.014771
0.014704
0.016653
0.013156
0.014803
0.014849
0.014840
0.014856
0.014722
0.014939
0.014846
0.014832
0.014948
0.014741
0.016481
0.013144
0.015069
0.014953
0.014640
0.057045
0.000278
0.000151
0.003302
0.013278
0.014828
0.014672
0.015041
0.015245
0.015821
0.013789
0.014984
0.014475
0.014775
0.014902
0.017749
0.011971
0.015130
0.014501
0.015218
0.015382
0.013911
0.017966
0.011637
0.014755
0.015072
0.014857
0.015431
0.014222
0.014710
0.014749
0.016163
0.013600
0.014933
0.014872
0.014811
0.014968
0.014781
0.014763
0.014831
0.015922
0.015112
0.013271
0.015414
0.017259
0.064775
0.006386
0.000259
0.000133
0.002823
0.012595
0.014067
0.015129
0.014628
0.014773
0.016535
0.013107
0.015222
0.014462
0.014672
0.015268
0.014611
0.014839
0.014776
0.015630
0.013845
0.015108
0.014671
0.014883
0.014866
0.015000
0.014564
0.016781
0.012945
0.028267
0.007231
0.009325
0.014848
0.014496
0.014896
0.014799
0.014946
0.015168
0.014327
0.014925
0.014736
0.014759
0.014799
0.016097
0.013688
0.014965
0.017174
0.012360
0.014867
0.014864
0.016303
0.013287
0.014937
0.014721
0.017311
0.012444
0.014749
0.014919
0.014696
0.014754
0.014871
0.014926
0.014843
0.014797
0.014832
0.017282
0.012342
0.016699
0.017808
0.009881
0.014908
0.014916
0.014790
0.016900
0.012660
0.014929
0.015707
0.014740
0.013934
0.014660
0.015379
0.014700
0.015227
0.014265
0.015108
0.018337
0.011169
0.014652
0.015866
0.013840
0.014940
0.014661
0.014918
0.014953
0.014649
0.015547
0.014214
0.015334
0.015561
0.015325
0.012949
0.014832
0.016574
0.013176
0.014856
0.015189
0.015285
0.014004
0.015200
0.014467
0.014836
0.014810
0.015251
0.015431
0.022681
0.006330
0.014654
0.014698
0.014692
0.014974
0.015036
0.014448
0.015019
0.014651
0.014691
0.015017
0.014977
0.016439
0.013502
0.014325
0.015009
0.015016
0.014475
0.015481
0.014626
0.014554
0.014653
0.017763
0.014257
0.012362
0.014965
0.015227
0.014411
0.015544
0.014351
0.014874
0.014906
0.014553
0.015593
0.014090
0.021328
0.008368
0.014875
0.014821
0.014796
0.014777
0.015152
0.014706
0.014857
0.014522
0.015703
0.014080
0.014803
0.015184
0.015441
0.013882
0.014890
0.014814
0.014831
0.014726
0.025157
0.004572
0.014843
0.015267
0.014964
0.014569
0.014490
0.015298
0.014469
0.014553
0.019112
0.010756
0.014848
0.014735
0.014846
0.014823
0.015249
0.014510
0.014958
0.014954
0.014531
0.019230
0.013788
0.011597
0.014748
0.014944
0.014633
0.014636
0.015220
0.015036
0.014419
0.015549
0.014265
0.014937
0.014945
0.014579
0.017610
0.012182
0.014821
0.014738
0.014822
0.015056
0.014557
0.015097
0.014665
0.014783
0.014969
0.015363
0.014388
0.014733
0.014896
0.016464
0.013232
0.016113
0.013424
0.015189
0.014658
0.014819
0.014870
0.014958
0.014815
0.015277
0.014192
0.014732
0.015016
0.014831
0.016157
0.013509
0.014873
0.015150
0.014418
0.014894
0.014976
0.014917
0.014800
0.015062
0.014524
0.014843
0.014854
0.014733
0.014878
0.014722
0.014805
0.017914
0.012264
0.014781
0.014646
0.014771
0.014890
0.014716
0.016906
0.012867
0.014912
0.014845
0.015076
0.014555
0.015774
0.014395
0.015614
0.014963
0.013189
0.015213
0.014695
0.015027
0.014720
0.014768
0.014953
0.014757
0.014924
0.014901
0.014883
0.014784
0.017306
0.012344
0.015630
0.014082
0.014921
0.014653
0.015172
0.014577
0.015605
0.015791
0.013229
0.014785
0.014931
0.015083
0.014555
0.014857
0.016282
0.013461
0.014729
0.014899
0.014795
0.014778
0.015023
0.014713
0.014646
0.015346
0.016109
0.013422
0.014804
0.014738
0.014905
0.014746
0.015547
0.014368
0.014756
0.015387
0.014139
0.015045
0.014647
0.015128
0.014553
0.014837
0.019250
0.010597
0.015469
0.015170
0.013937
0.014691
0.014611
0.014860
0.014602
0.016534
0.013192
0.015406
0.014245
0.014706
0.015085
0.014804
0.014911
0.014578
0.014848
0.015054
0.014763
0.014804
0.014723
0.015117
0.015214
0.014423
0.014686
0.014803
0.014818
0.014939
0.014782
0.014819
0.014919
0.014813
0.014803
0.014999
0.017995
0.011425
0.014851
0.015073
0.014596
0.015213
0.014572
0.014649
0.015012
0.014775
0.014688
0.014879
0.014799
0.014784
0.016599
0.013119
0.014625
0.015258
0.014672
0.014666
0.015042
0.014774
0.014943
0.015426
0.014219
0.018024
0.011552
0.014965
0.014720
0.014803
0.015024
0.014711
0.014846
0.015000
0.014974
0.014654
0.014967
0.015385
0.014046
0.014778
0.014867
0.014783
0.016897
0.012708
0.015058
0.021634
0.007800
0.014909
0.014905
0.015904
0.013491
0.014789
0.015027
0.014786
0.015009
0.014559
0.014982
0.015172
0.016892
0.012446
0.014844
0.015263
0.014453
0.016370
0.014905
0.015396
0.015285
0.014249
0.012748
0.014847
0.014727
0.015266
0.014400
0.014807
0.014908
0.015151
0.014529
0.014798
0.015052
0.015607
0.013792
0.018038
0.011436
0.015019
0.014743
0.014895
0.015407
0.014534
0.015459
0.014184
0.014490
0.014886
0.015034
0.014935
0.014451
0.014831
0.014858
0.015316
0.014312
0.014937
0.014975
0.014706
0.014904
0.014603
0.015207
0.014616
0.023892
0.012452
0.008116
0.014758
0.014734
0.020922
0.008857
0.014896
0.014788
0.015986
0.014866
0.013571
0.014764
0.015500
0.014560
0.022433
0.007071
0.014739
0.015432
0.014252
0.015273
0.014248
0.015015
0.014773
0.014859
0.015816
0.013832
0.015586
0.014058
0.014808
0.014832
0.014830
0.015237
0.014384
0.015405
0.014152
0.015107
0.015020
0.016394
0.012806
0.014833
0.015158
0.014987
0.014981
0.014475
0.015499
0.014016
0.014858
0.014790
0.015135
0.014829
0.014519
0.015529
0.014638
0.014634
0.014772
0.014789
0.014703
0.014817
0.015023
0.016317
0.013455
0.015240
0.018206
0.011077
0.014760
0.014795
0.014621
0.014941
0.014841
0.014943
0.015142
0.014467
0.014682
0.015100
0.014719
0.014910
0.015003
0.014901
0.014542
0.015224
0.014628
0.016239
0.013410
0.015248
0.015042
0.014201
0.021151
0.008685
0.014736
0.014861
0.014721
0.014861
0.014964
0.014707
0.016354
0.016176
0.012049
0.015052
0.015619
0.013855
0.015973
0.013979
0.014797
0.014769
0.015983
0.013654
0.016705
0.012916
0.014739
0.014869
0.017563
0.012138
0.014972
0.015374
0.014351
0.019489
0.010101
0.014759
0.015824
0.013781
0.014866
0.015121
0.015800
0.013772
0.014947
0.014750
0.015842
0.013704
0.014878
0.015087
0.015131
0.014393
0.014974
0.014687
0.014842
0.014855
0.014762
0.014737
0.015390
0.014261
0.015025
0.015085
0.014768
0.014790
0.014749
0.017294
0.012453
0.014796
0.014709
0.018588
0.011270
0.014674
0.016898
0.012910
0.014985
0.014703
0.015445
0.014080
0.015113
0.014906
0.014615
0.015151
0.015955
0.013357
0.014813
0.015056
0.014921
0.014624
0.015178
0.018072
0.011246
0.015307
0.014403
0.016103
0.013341
0.015741
0.014122
0.014932
0.014720
0.015058
0.015224
0.014152
0.015020
0.015260
0.014348
0.014760
0.014830
0.015983
0.013817
0.014692
0.015013
0.014559
0.014882
0.014977
0.014791
0.014719
0.014979
0.016477
0.013155
0.015100
0.014399
0.014812
0.015555
0.014182
0.014990
0.014695
0.014797
0.014906
0.014844
0.014777
0.016005
0.013635
0.014926
0.015474
0.014951
0.014190
0.014708
0.014772
0.014608
0.015517
0.014919
0.014347
0.014694
0.015257
0.014572
0.014676
0.014738
0.014864
0.015806
0.013804
0.015750
0.014027
0.015738
0.014260
0.014807
0.014431
0.015244
0.014509
0.014765
0.014705
0.015040
0.014809
0.016242
0.015545
0.012687
0.014788
0.014994
0.014561
0.014773
0.015217
0.014777
0.020312
0.009425
0.014807
0.015297
0.014698
0.015509
0.013452
0.015022
0.015362
0.017714
0.011496
0.015753
0.013967
0.014843
0.014702
0.015080
0.014924
0.014477
0.015219
0.014469
0.021987
0.007792
0.014722
0.014763
0.014643
0.015376
0.014379
0.015737
0.014427
0.014772
0.015477
0.013849
0.014625
0.015333
0.014454
0.015133
0.014996
0.014275
0.015055
0.014977
0.014501
0.014752
0.015098
0.014803
0.014586
0.014954
0.014786
0.015217
0.014502
0.014641
0.015029
0.014724
0.014859
0.014991
0.014705
0.014861
0.014808
0.014685
0.014823
0.014722
0.015376
0.019741
0.009948
0.014724
0.016268
0.013672
0.014404
0.016682
0.012815
0.015001
0.014926
0.014690
0.014882
0.014807
0.015661
0.013965
0.014991
0.014749
0.017521
0.012181
0.014831
0.014792
0.015808
0.013965
0.014817
0.014832
0.015432
0.014076
0.014893
0.015513
0.014295
0.015000
0.015163
0.014273
0.016864
0.014222
0.013138
0.014812
0.014958
0.014756
0.015145
0.014793
0.015953
0.013547
0.014906
0.015245
0.015761
0.013675
0.014790
0.014799
0.014856
0.016877
0.012615
0.016874
0.012914
0.021269
0.008347
0.015305
0.014900
0.014401
0.014731
0.014964
0.015186
0.014520
0.014717
0.015431
0.017033
0.015186
0.011933
0.014696
0.014760
0.017362
0.013204
0.014166
0.014933
0.015535
0.014127
0.014747
0.017176
0.012541
0.014757
0.014705
0.015763
0.014264
0.014674
0.014773
0.015676
0.014462
0.014378
0.014767
0.014837
0.014735
0.016680
0.013517
0.014658
0.014758
0.014897
0.014504
0.014869
0.015070
0.014689
0.014998
0.014871
0.015936
0.015233
0.013377
0.071202
0.006072
0.000280
0.000144
0.000133
0.011662
0.014531
0.014759
0.016835
0.013117
0.015042
0.014235
0.015128
0.014390
0.015515
0.014591
0.015789
0.013697
0.017773
0.011832
0.015099
0.014583
0.014725
0.014963
0.014873
0.014886
0.015053
0.101317
0.005958
0.000221
0.000136
0.000099
0.000092
0.000090
0.010391
0.014849
0.103841
0.005813
0.000270
0.000143
0.000134
0.000129
0.000129
0.008564
0.014607
0.121106
0.005413
0.000368
0.000342
0.000141
0.000132
0.000130
0.000131
0.005916
0.014802
0.094059
0.006588
0.000279
0.000143
0.000134
0.000132
0.002480
0.014931
0.014758
0.096091
0.006339
0.000282
0.000142
0.000133
0.000131
0.007352
0.008416
0.014495
0.015330
0.016029
0.013283
0.092523
0.004136
0.000285
0.000147
0.000133
0.000130
0.006515
0.014700
0.014844
0.016228
0.013435
0.018146
0.011896
0.014493
0.015066
0.014517
0.015145
0.014770
0.014897
0.014404
0.015694
0.014706
0.014213
0.017922
0.011678
0.014870
0.014965
0.014635
0.014921
0.015067
0.014569
0.014791
0.014939
0.014790
0.017254
0.013203
0.013916
0.014768
0.014980
0.014774
0.014765
0.014815
0.014978
0.014828
0.014707
0.014776
0.015498
0.014679
0.014433
0.015316
0.014446
0.014823
0.014967
0.014515
0.014945
0.014618
0.015105
0.014764
0.014851
0.014882
0.014804
0.014902
0.016463
0.013017
0.014997
0.014719
0.014818
0.014849
0.014908
0.014696
0.014873
0.014862
0.014697
0.015127
0.014752
0.014713
0.014851
0.015252
0.014803
0.014337
0.020628
0.009065
0.014865
0.015762
0.014135
0.014776
0.014671
0.015369
0.014297
0.014735
0.014796
0.016860
0.013038
0.015067
0.014528
0.014789
0.014770
0.014714
0.014871
0.014828
0.014946
0.014923
0.015110
0.014630
0.014695
0.014746
0.014800
0.014797
0.014874
0.014805
0.014923
0.014823
0.014931
0.017087
0.012485
0.014832
0.014576
0.015068
0.014592
0.015079
0.014797
0.015092
0.014981
0.014463
0.014919
0.014635
0.014959
0.014716
0.014821
0.014900
0.014879
0.016438
0.013119
0.014835
0.014921
0.014591
0.015563
0.014320
0.014748
0.015679
0.013863
0.015347
0.014470
0.014912
0.016443
0.013189
0.014815
0.014848
0.015624
0.013864
0.014915
0.015010
0.014667
0.017906
0.011837
0.014673
0.018103
0.011981
0.014570
0.014714
0.014957
0.015021
0.014782
0.015114
0.014284
0.015266
0.014219
0.014867
0.015679
0.014517
0.014631
0.014610
0.014954
0.014863
0.014790
0.015114
0.014722
0.014657
0.014987
0.017318
0.012409
0.014775
0.015397
0.014478
0.014732
0.016642
0.014136
0.013596
0.014725
0.014872
0.014704
0.014836
0.015106
0.015760
0.014218
0.014410
0.014855
0.015300
0.014450
0.016102
0.013629
0.018762
0.011227
0.014482
0.014846
0.015986
0.013785
0.015596
0.014108
0.014590
0.015004
0.015152
0.014606
0.014860
0.015303
0.014212
0.015187
0.014520
0.019451
0.010358
0.014785
0.014817
0.015000
0.014689
0.014733
0.024421
0.005319
0.014782
0.014976
0.014872
0.016283
0.014526
0.014549
0.013903
0.014829
0.015027
0.017746
0.012154
0.014492
0.014847
0.014899
0.015449
0.014151
0.014807
0.014890
0.014885
0.014632
0.016322
0.013470
0.014963
0.014758
0.014638
0.014811
0.015038
0.015054
0.016037
0.013468
0.014887
0.014784
0.015051
0.014634
0.016418
0.013365
0.016710
0.012709
0.015115
0.014834
0.014784
0.014760
0.015116
0.014970
0.015208
0.014049
0.015501
0.014727
0.014487
0.014687
0.014734
0.014806
0.014793
0.015013
0.015153
0.014317
0.018451
0.011233
0.015036
0.014748
0.026106
0.003572
0.014850
0.014903
0.014849
0.015106
0.014524
0.014873
0.014841
0.014928
0.014769
0.014807
0.014825
0.015187
0.014713
0.014671
0.014884
0.014799
0.014752
0.014711
0.015810
0.014073
0.014739
0.014777
0.014895
0.015147
0.014587
0.015003
0.014548
0.014781
0.014975
0.014629
0.014991
0.014914
0.014728
0.014786
0.014866
0.014804
0.015355
0.015028
0.014104
0.017036
0.012688
0.014754
0.014815
0.014912
0.014694
0.014766
0.014912
0.014822
0.014828
0.015508
0.014562
0.014441
0.015148
0.014511
0.015001
0.014721
0.014686
0.014920
0.015773
0.014134
0.014707
0.014848
0.015801
0.013763
0.014777
0.014958
0.014544
0.015101
0.014837
0.015034
0.014510
0.014795
0.014793
0.014912
0.018998
0.010535
0.015201
0.014603
0.014877
0.014681
0.014942
0.015302
0.014327
0.015090
0.014533
0.014963
0.015096
0.014584
0.014718
0.015020
0.014586
0.015109
0.014596
0.014723
0.014926
0.014940
0.014928
0.014751
0.015052
0.014550
0.014688
0.016792
0.012835
0.015188
0.014681
0.014935
0.014744
0.014766
0.014891
0.014839
0.014848
0.014702
0.014924
0.014808
0.014903
0.014735
0.014989
0.014665
0.014725
0.014944
0.014826
0.014905
0.014776
0.014898
0.015142
0.014706
0.014508
0.014763
0.014983
0.014827
0.014809
0.014756
0.014890
0.014951
0.014806
0.014727
0.015013
0.015199
0.014231
0.015458
0.014302
0.014729
0.014901
0.014802
0.014800
0.015082
0.014692
0.015512
0.013990
0.015026
0.014700
0.014841
0.014779
0.014710
0.015190
0.015030
0.018167
0.011827
0.014160
0.014799
0.014848
0.014716
0.014926
0.014825
0.014849
0.014667
0.015101
0.017594
0.012077
0.014679
0.014997
0.014619
0.015705
0.015425
0.013299
0.014982
0.015687
0.014025
0.014845
0.015399
0.015800
0.013460
0.014493
0.014858
0.014785
0.015163
0.014768
0.014647
0.015844
0.013817
0.014912
0.015074
0.014606
0.014648
0.015213
0.015027
0.014567
0.014863
0.014808
0.014614
0.017484
0.012167
0.014749
0.015020
0.014834
0.014793
0.014857
0.014870
0.015176
0.015069
0.014383
0.014510
0.015061
0.014730
0.015006
0.014894
0.014723
0.014965
0.014923
0.015412
0.014171
0.015218
0.014421
0.014698
0.015572
0.014090
0.015149
0.014470
0.015000
0.014963
0.014857
0.016032
0.030023
0.005442
0.007725
0.015131
0.014757
0.014609
0.015021
0.014829
0.014779
0.014854
0.019342
0.010480
0.014558
0.014861
0.014843
0.015148
0.014393
0.023481
0.007081
0.014113
0.014848
0.015187
0.014611
0.014717
0.016244
0.014250
0.014196
0.014693
0.014843
0.014792
0.014875
0.016400
0.013173
0.014889
0.014746
0.014969
0.014897
0.014931
0.014912
0.014374
0.017863
0.011934
0.015457
0.014380
0.014806
0.015026
0.014697
0.014779
0.014957
0.014666
0.014881
0.014800
0.014688
0.015133
0.016448
0.013244
0.015568
0.014123
0.014776
0.015405
0.014211
0.014702
0.015023
0.014799
0.014965
0.016373
0.013308
0.014706
0.015325
0.014476
0.014762
0.014870
0.014916
0.015605
0.013882
0.015056
0.014874
0.015962
0.013563
0.015094
0.014630
0.015680
0.019872
0.009221
0.014687
0.014891
0.016282
0.013211
0.015776
0.015228
0.013812
0.014689
0.014774
0.015104
0.016374
0.013101
0.014693
0.014823
0.015381
0.014417
0.014852
0.014716
0.014990
0.015176
0.014527
0.015193
0.014357
0.015180
0.014646
0.014705
0.014780
0.015028
0.016301
0.013347
0.015935
0.013908
0.014499
0.015109
0.014989
0.014708
0.014676
0.014903
0.014877
0.014676
0.015683
0.013885
0.015234
0.014576
0.014900
0.014754
0.014898
0.014877
0.014725
0.014835
0.014819
0.014645
0.015500
0.014577
0.014532
0.015104
0.014834
0.014641
0.014727
0.014850
0.016032
0.013630
0.015236
0.014523
0.014727
0.014740
0.015420
0.014359
0.015595
0.014222
0.014538
0.015003
0.014835
0.014721
0.014744
0.015438
0.014277
0.014793
0.014831
0.015306
0.014506
0.015368
0.014222
0.014883
0.014896
0.014647
0.015337
0.014413
0.014799
0.019351
0.010436
0.014637
0.014971
0.014837
0.014721
0.016574
0.013241
0.014760
0.015023
0.014600
0.014714
0.015791
0.014107
0.014823
0.014730
0.014861
0.014782
0.014786
0.014840
0.014744
0.018948
0.010950
0.014784
0.015486
0.014542
0.014414
0.016568
0.013447
0.014397
0.014852
0.014826
0.014896
0.014915
0.014736
0.014791
0.014964
0.014821
0.014982
0.014659
0.014856
0.014795
0.014765
0.015438
0.014361
0.015039
0.014610
0.014647
0.014981
0.014777
0.014745
0.014973
0.014665
0.015177
0.014551
0.015336
0.014298
0.015043
0.014779
0.014725
0.014893
0.015002
0.019363
0.014263
0.010591
0.014861
0.017696
0.013052
0.013769
0.014960
0.015543
0.013933
0.014969
0.017467
0.012086
0.015026
0.014637
0.014721
0.014883
0.015203
0.014420
0.014966
0.015027
0.014612
0.015076
0.014518
0.014877
0.014869
0.015197
0.014373
0.014993
0.015101
0.015784
0.013294
0.015254
0.014482
0.015211
0.014392
0.015016
0.016074
0.013503
0.016337
0.013345
0.014922
0.014828
0.014745
0.014848
0.015182
0.014419
0.014895
0.014747
0.015131
0.014372
0.019349
0.010368
0.016256
0.013528
0.015048
0.015313
0.014150
0.014749
0.015182
0.014792
0.014615
0.014994
0.015011
0.014576
0.017115
0.012453
0.014689
0.015035
0.015331
0.014386
0.014695
0.015687
0.014304
0.014662
0.014761
0.014853
0.014782
0.015372
0.014458
0.014874
0.015834
0.013924
0.014881
0.014722
0.014757
0.014848
0.015313
0.014369
0.014891
0.014851
0.015511
0.014183
0.014910
0.015795
0.013677
0.016253
0.014010
0.014445
0.025187
0.004499
0.014823
0.070623
0.006714
0.000288
0.000150
0.000143
0.012455
0.013354
0.014882
0.014937
0.014839
0.014843
0.015140
0.014602
0.014800
0.014986
0.014561
0.015280
0.015436
0.013833
0.014877
0.015030
0.015177
0.014341
0.014794
0.016729
0.012981
0.015031
0.015133
0.014315
0.015026
0.014581
0.015025
0.014947
0.015303
0.014359
0.014908
0.014848
0.014587
0.015603
0.014722
0.014259
0.015117
0.222960
0.000295
0.000154
0.000145
0.000140
0.000140
0.000139
0.000137
0.000137
0.000138
0.000137
0.000143
0.000140
0.000139
0.001265
0.010913
0.014979
0.014622
0.015313
0.015666
0.013612
0.014857
0.015523
0.014434
0.014665
0.014752
0.014830
0.014818
0.017274
0.014846
0.012218
0.016116
0.013651
0.015705
0.013920
0.014856
0.015062
0.014632
0.014867
0.015079
0.014780
0.014868
0.014684
0.015711
0.014072
0.014795
0.014716
0.015058
0.015744
0.014066
0.014652
0.015056
0.014680
0.015334
0.014283
0.014616
0.015001
0.015425
0.014312
0.015781
0.013715
0.014951
0.014840
0.014937
0.015006
0.018590
0.011711
0.013712
0.015031
0.014790
0.015066
0.014564
0.014787
0.015441
0.014291
0.014855
0.015111
0.014545
0.014713
0.014889
0.016113
0.013525
0.014718
0.017680
0.014885
0.012196
0.014980
0.015050
0.014727
0.014316
0.015010
0.016002
0.013578
0.014703
0.015402
0.014305
0.014716
0.014846
0.014904
0.014729
0.014892
0.014921
0.014898
0.014676
0.015628
0.021445
0.007626
0.015250
0.014244
0.014827
0.015907
0.014304
0.014436
0.014673
0.014778
0.014987
0.014773
0.014961
0.014647
0.015486
0.014833
0.014160
0.014962
0.014751
0.014869
0.014781
0.014740
0.015247
0.014515
0.019238
0.010555
0.014686
0.015101
0.014733
0.014698
0.016194
0.013433
0.015097
0.014883
0.014881
0.014992
0.014407
0.014865
0.015605
0.013984
0.014851
0.015099
0.014512
0.015317
0.014531
0.014727
0.014945
0.014793
0.014719
0.014931
0.014824
0.014903
0.017184
0.012242
0.015654
0.013935
0.026692
0.003332
0.014759
0.014737
0.015331
0.014297
0.014748
0.015234
0.014423
0.014938
0.014765
0.015614
0.013984
0.014901
0.015161
0.014426
0.015242
0.014363
0.014995
0.018143
0.011476
0.014745
0.015202
0.014577
0.016673
0.012933
0.014918
0.014999
0.015757
0.013716
0.015188
0.014680
0.014538
0.014840
0.014906
0.016424
0.013180
0.016701
0.012860
0.014810
0.015087
0.014622
0.014926
0.015337
0.014189
0.014977
0.014764
0.014871
0.014652
0.015095
0.019736
0.009921
0.014797
0.014801
0.014869
0.016444
0.013334
0.014597
0.015200
0.014517
0.015140
0.015150
0.014151
0.014722
0.015576
0.014441
0.015926
0.013723
0.015991
0.013462
0.014978
0.014611
0.015333
0.015820
0.013932
0.014315
0.015061
0.014749
0.014716
0.014842
0.015476
0.014318
0.014891
0.014797
0.014734
0.014855
0.014931
0.014759
0.016412
0.029818
0.002999
0.010481
0.014576
0.014797
0.017573
0.012129
0.014752
0.014841
0.014943
0.014917
0.015041
0.014591
0.014739
0.014939
0.017810
0.012017
0.014701
0.014819
0.014912
0.014805
0.015582
0.014704
0.017079
0.012042
0.014819
0.014750
0.014941
0.016392
0.013531
0.015676
0.013745
0.014738
0.014968
0.014780
0.016722
0.012984
0.014783
0.015158
0.014600
0.015280
0.014340
0.016057
0.013837
0.015774
0.013769
0.015954
0.013643
0.015449
0.014253
0.015143
0.015603
0.020593
0.008806
0.017161
0.018394
0.014290
0.013954
0.011970
0.024504
0.027815
0.000299
0.019807
0.006867
0.007532
0.018382
0.018806
0.011499
0.018438
0.017175
0.005339
0.014875
0.015052
0.014532
0.014600
0.014573
0.014763
0.014783
0.014962
0.016842
0.013266
0.014458
0.015419
0.019977
0.012305
0.023124
0.005484
0.013914
0.013623
0.016142
0.021903
0.008817
0.016812
0.025763
0.008335
0.006026
0.014823
0.014950
0.014771
0.015748
0.013907
0.014782
0.015805
0.014179
0.014639
0.014647
0.015053
0.014794
0.014902
0.014775
0.015482
0.014444
0.014573
0.016173
0.013475
0.014941
0.014741
0.016159
0.013530
0.017335
0.012515
0.017500
0.015997
0.010848
0.019294
0.010958
0.016118
0.013344
0.014990
0.014537
0.016323
0.013853
0.014384
0.022061
0.007765
0.014409
0.014749
0.015792
0.015946
0.012983
0.014758
0.014681
0.014796
0.014937
0.014995
0.014560
0.014934
0.014882
0.014806
0.014790
0.015121
0.014617
0.015002
0.014659
0.015010
0.014477
0.015039
0.014921
0.014532
0.016984
0.012793
0.014991
0.015771
0.013592
0.014872
0.015757
0.013881
0.014865
0.014765
0.014670
0.014997
0.017110
0.012556
0.014673
0.015135
0.014898
0.014666
0.015416
0.014089
0.014959
0.014749
0.016190
0.013699
0.015416
0.014914
0.014306
0.014741
0.015004
0.014605
0.014775
0.015049
0.016395
0.013113
0.014871
0.015332
0.014360
0.014774
0.014833
0.014813
0.014895
0.014567
0.015047
0.014886
0.014688
0.016371
0.013551
0.014756
0.017168
0.012330
0.016564
0.013128
0.015243
0.015360
0.013940
0.017213
0.012419
0.014855
0.016215
0.013503
0.014874
0.014730
0.014993
0.014742
0.014707
0.019505
0.010773
0.014889
0.014227
0.014886
0.014757
0.014766
0.014841
0.014659
0.015249
0.014946
0.014571
0.014796
0.014879
0.014931
0.015489
0.014003
0.015098
0.015143
0.014651
0.014368
0.014928
0.014847
0.014563
0.015081
0.014637
0.016031
0.013983
0.014724
0.018142
0.011470
0.014860
0.014793
0.014825
0.014738
0.014974
0.014793
0.014803
0.019536
0.010388
0.014701
0.016348
0.013144
0.014600
0.016318
0.013648
0.015592
0.014196
0.015013
0.014494
0.015394
0.014282
0.019193
0.010447
0.015204
0.014425
0.017973
0.011676
0.014853
0.014737
0.015749
0.014001
0.016413
0.013357
0.014558
0.015038
0.014652
0.015628
0.014204
0.017357
0.013057
0.014208
0.014705
0.014808
0.014852
0.015046
0.014435
0.015021
0.014859
0.014780
0.014826
0.015062
0.014458
0.014816
0.015007
0.014848
0.015700
0.013894
0.014849
0.015552
0.014150
0.014817
0.014939
0.014842
0.015034
0.014914
0.017070
0.012609
0.014533
0.014810
0.014887
0.014838
0.014902
0.016466
0.020573
0.007767
0.015934
0.013438
0.015333
0.015699
0.013505
0.014793
0.015078
0.014733
0.014846
0.014643
0.014921
0.014858
0.014929
0.014805
0.014835
0.014886
0.014813
0.014856
0.014684
0.014899
0.014905
0.015706
0.014244
0.016184
0.013170
0.014994
0.014954
0.014675
0.015520
0.014343
0.020103
0.009775
0.014432
0.015106
0.014532
0.014883
0.015135
0.014837
0.014572
0.015228
0.014358
0.015045
0.015092
0.014415
0.014902
0.017174
0.012461
0.014860
0.014965
0.014752
0.014773
0.014838
0.016153
0.013632
0.014884
0.014757
0.014771
0.014861
0.014820
0.014772
0.018879
0.010731
0.017105
0.012780
0.015000
0.014686
0.014677
0.015007
0.014946
0.014854
0.015336
0.014963
0.014052
0.015214
0.014731
0.014543
0.014970
0.014929
0.014589
0.016021
0.013982
0.014453
0.014954
0.014862
0.015094
0.014613
0.014836
0.015100
0.014468
0.015918
0.013907
0.025821
0.003832
0.014916
0.014857
0.015247
0.014347
0.014848
0.014888
0.014769
0.014808
0.015166
0.014489
0.014975
0.014636
0.015055
0.014704
0.015090
0.014672
0.014658
0.015094
0.015065
0.014381
0.017222
0.012610
0.014785
0.015148
0.014467
0.014978
0.014646
0.014865
0.016255
0.013511
0.014741
0.018146
0.011542
0.014732
0.015028
0.014804
0.014879
0.014681
0.015065
0.014875
0.014542
0.014937
0.014943
0.014950
0.014649
0.014850
0.014672
0.015216
0.014564
0.014843
0.014816
0.015002
0.014803
0.014711
0.014801
0.014780
0.014843
0.014851
0.014726
0.015327
0.014518
0.014923
0.015006
0.014492
0.014771
0.014932
0.014910
0.017597
0.011910
0.015069
0.015398
0.014381
0.015324
0.014770
0.014204
0.014842
0.014940
0.014614
0.014925
0.017101
0.012567
0.015155
0.014548
0.014708
0.014898
0.016216
0.013400
0.014587
0.015026
0.014982
0.021194
0.008248
0.014981
0.014762
0.014757
0.014871
0.015135
0.014485
0.015024
0.014851
0.014483
0.018362
0.015595
0.010889
0.014766
0.014996
0.015164
0.014507
0.014610
0.015518
0.014161
0.014957
0.014530
0.015086
0.015395
0.014496
0.015201
0.014483
0.014333
0.014951
0.014756
0.014985
0.014806
0.014793
0.014826
0.014826
0.014763
0.014986
0.014681
0.014993
0.015768
0.013715
0.015884
0.013826
0.014795
0.015364
0.035134
0.000305
0.009873
0.013398
0.017319
0.012437
0.015082
0.018639
0.012167
0.014760
0.013570
0.014798
0.014832
0.015043
0.014419
0.015261
0.014637
0.014851
0.014894
0.014876
0.014838
0.016290
0.013455
0.014416
0.014964
0.014512
0.014956
0.015179
0.014759
0.015013
0.014314
0.014963
0.014701
0.016581
0.013432
0.014521
0.015991
0.013894
0.015125
0.014354
0.017845
0.011894
0.014843
0.015438
0.014161
0.014803
0.014989
0.015030
0.014452
0.015075
0.014597
0.014913
0.014768
0.014891
0.014800
0.015572
0.014329
0.014529
0.015214
0.014471
0.015012
0.015468
0.014120
0.014991
0.014582
0.015739
0.014366
0.014416
0.014743
0.015141
0.014695
0.014671
0.014981
0.014693
0.014814
0.091433
0.006082
0.000315
0.000168
0.000154
0.000149
0.005928
0.014408
0.015380
0.014267
0.015106
0.015560
0.014265
0.015171
0.014270
0.015735
0.014216
0.014819
0.014755
0.014779
0.014804
0.014874
0.015726
0.014043
0.014967
0.014570
0.015722
0.013954
0.014897
0.014756
0.016877
0.014661
0.013178
0.014762
0.016049
0.013816
0.014565
0.014976
0.015015
0.014881
0.014826
0.014772
0.014840
0.014760
0.015005
0.014774
0.066706
0.006988
0.000303
0.000165
0.003015
0.013324
0.013400
0.014805
0.016510
0.013094
0.015218
0.014464
0.014861
0.014827
0.014773
0.014849
0.016269
0.016889
0.011949
0.014285
0.014754
0.015083
0.014712
0.014964
0.030827
0.002983
0.010607
0.015010
0.014912
0.014704
0.014960
0.014687
0.014884
0.014704
0.014992
0.014715
0.015084
0.014680
0.020058
0.009569
0.014903
0.014816
0.014776
0.014859
0.015153
0.014622
0.014832
0.017181
0.012463
0.017144
0.013087
0.014350
0.014723
0.017994
0.011770
0.014901
0.014666
0.014873
0.014960
0.015866
0.013582
0.014966
0.014859
0.015405
0.014161
0.015016
0.014870
0.014951
0.016463
0.013028
0.015120
0.014406
0.014997
0.014857
0.015460
0.014185
0.014790
0.014868
0.014834
0.015569
0.014163
0.015007
0.015001
0.016913
0.012245
0.015144
0.014725
0.015550
0.014980
0.014872
0.013717
0.016003
0.013679
0.014762
0.014998
0.014776
0.014748
0.014798
0.014931
0.015079
0.015503
0.013924
0.014742
0.015109
0.014596
0.014961
0.014924
0.017601
0.012026
0.015358
0.015629
0.013278
0.015007
0.014730
0.014849
0.015443
0.014016
0.014867
0.015066
0.014694
0.015317
0.014309
0.017314
0.014259
0.012901
0.014642
0.015082
0.014752
0.014820
0.014938
0.015177
0.014462
0.014798
0.014786
0.014850
0.015274
0.014340
0.015085
0.015038
0.014490
0.014864
0.014718
0.014823
0.014682
0.015010
0.015171
0.014368
0.015131
0.014492
0.015595
0.014338
0.017070
0.012472
0.014664
0.015205
0.014582
0.014677
0.015078
0.014882
0.014702
0.014930
0.015621
0.019064
0.010967
0.016564
0.011729
0.017518
0.012244
0.015752
0.021028
0.007709
0.014892
0.014799
0.016435
0.013164
0.015038
0.014809
0.015511
0.014087
0.014949
0.014898
0.017553
0.011675
0.014960
0.014695
0.014928
0.014784
0.014868
0.014870
0.014737
0.015121
0.020149
0.009414
0.015195
0.014859
0.014865
0.014354
0.014942
0.014836
0.014739
0.014701
0.015258
0.014523
0.015081
0.014719
0.014683
0.014914
0.015245
0.014469
0.014880
0.014627
0.015324
0.014809
0.014600
0.014655
0.015233
0.015986
0.013279
0.020107
0.009700
0.014785
0.014780
0.014890
0.014611
0.015378
0.014257
0.014844
0.014909
0.014673
0.015036
0.014800
0.014803
0.015006
0.014631
0.015311
0.014489
0.016948
0.012429
0.015798
0.014050
0.015184
0.014283
0.015980
0.015040
0.013881
0.020025
0.009472
0.014923
0.014872
0.014977
0.014755
0.015472
0.013832
0.015174
0.014598
0.014969
0.014780
0.014808
0.015004
0.014540
0.016036
0.016255
0.012446
0.014713
0.015923
0.021588
0.009040
0.012923
0.016684
0.013057
0.014592
0.014951
0.014857
0.015311
0.014411
0.016590
0.013053
0.014822
0.014709
0.015271
0.014519
0.014766
0.015037
0.014661
0.014860
0.014827
0.014993
0.015365
0.014603
0.014209
0.015586
0.018215
0.010746
0.014978
0.014975
0.014743
0.014862
0.014787
0.016379
0.013567
0.014855
0.014669
0.014822
0.015284
0.014746
0.014439
0.014897
0.016885
0.012714
0.015612
0.014063
0.015027
0.014948
0.014659
0.015292
0.014440
0.014989
0.014585
0.014755
0.015973
0.013875
0.014894
0.014718
0.014812
0.014836
0.014715
0.014890
0.014934
0.014892
0.014802
0.014817
0.014920
0.014746
0.014916
0.014628
0.014932
0.016008
0.016205
0.013316
0.013989
0.014777
0.014661
0.014844
0.014874
0.015454
0.014540
0.014342
0.015245
0.014565
0.014862
0.016258
0.013328
0.014912
0.015648
0.014034
0.015013
0.014683
0.014824
0.014852
0.014935
0.014729
0.014816
0.014807
0.014842
0.014875
0.016401
0.013283
0.014716
0.015121
0.014647
0.014884
0.014947
0.014706
0.015434
0.014247
0.014915
0.014735
0.014867
0.015913
0.013891
0.020548
0.009105
0.014749
0.018879
0.010747
0.014841
0.014641
0.015933
0.014034
0.014845
0.014651
0.015277
0.014356
0.014950
0.014866
0.014916
0.015455
0.014948
0.014130
0.014819
0.015188
0.014441
0.015772
0.014101
0.016136
0.013723
0.016790
0.013614
0.013868
0.014770
0.017746
0.012087
0.015059
0.017436
0.011833
0.015372
0.016964
0.012292
0.014773
0.014936
0.023927
0.005720
0.014820
0.014729
0.015065
0.014483
0.015034
0.014708
0.014759
0.015071
0.015011
0.014819
0.016003
0.013513
0.014737
0.014969
0.014718
0.014802
0.015428
0.014317
0.014866
0.014971
0.014604
0.014684
0.015216
0.014542
0.015916
0.013889
0.014933
0.014602
0.014897
0.015929
0.014165
0.014341
0.015045
0.014678
0.014797
0.014895
0.015209
0.015008
0.014472
0.015068
0.016629
0.013680
0.013766
0.014923
0.014693
0.014940
0.015368
0.014344
0.014657
0.014970
0.014603
0.014758
0.015034
0.014845
0.014744
0.016044
0.013609
0.014899
0.015288
0.014350
0.015108
0.017571
0.013790
0.012912
0.014814
0.015577
0.014981
0.014110
0.014721
0.014717
0.014905
0.014756
0.014870
0.014720
0.014836
0.014881
0.014769
0.015174
0.014548
0.014818
0.014929
0.014781
0.015534
0.014615
0.014584
0.014497
0.014840
0.015249
0.016111
0.013414
0.014363
0.015947
0.013981
0.014715
0.014783
0.014927
0.014994
0.015516
0.014317
0.014559
0.017292
0.012423
0.021738
0.007674
0.014940
0.014796
0.015069
0.015852
0.013760
0.014829
0.014928
0.014699
0.014612
0.014981
0.014997
0.014608
0.017760
0.012260
0.014532
0.014835
0.014907
0.014700
0.014858
0.014867
0.014928
0.015991
0.013583
0.014838
0.014885
0.014922
0.014449
0.015033
0.014950
0.014514
0.016135
0.013784
0.014932
0.014630
0.016145
0.013571
0.014912
0.014864
0.014494
0.015078
0.014813
0.014915
0.016146
0.013826
0.014273
0.015048
0.014754
0.014780
0.014938
0.014776
0.014882
0.014973
0.015057
0.014427
0.015076
0.014421
0.014983
0.014905
0.014810
0.014799
0.014835
0.015872
0.021669
0.007199
0.022057
0.007266
0.015057
0.014753
0.014833
0.014732
0.015204
0.016887
0.012842
0.014578
0.014691
0.014859
0.014888
0.014897
0.014879
0.014469
0.015027
0.014819
0.015143
0.014393
0.015029
0.014843
0.016514
0.013796
0.014131
0.014875
0.015072
0.014988
0.014616
0.014651
0.017147
0.012640
0.014894
0.014929
0.014955
0.016034
0.013332
0.015828
0.013813
0.014936
0.015799
0.013979
0.014835
0.014914
0.016888
0.012681
0.015701
0.014017
0.014819
0.015386
0.014272
0.014788
0.014815
0.014783
0.014976
0.014771
0.014855
0.015088
0.014721
0.014981
0.014640
0.014910
0.014648
0.015120
0.014711
0.014967
0.014806
0.014754
0.015178
0.022687
0.006659
0.015239
0.014400
0.016181
0.013443
0.015593
0.014054
0.015305
0.015211
0.014069
0.015493
0.014651
0.014445
0.015174
0.014508
0.016202
0.013524
0.014722
0.014903
0.014809
0.014877
0.015324
0.015369
0.013910
0.014787
0.014851
0.014816
0.014884
0.017830
0.012574
0.013983
0.014949
0.015005
0.014970
0.014552
0.014739
0.015689
0.014007
0.014831
0.020059
0.009943
0.014976
0.014492
0.014853
0.015040
0.015077
0.014375
0.014802
0.014846
0.014902
0.016000
0.013733
0.016169
0.013514
0.014859
0.014690
0.014681
0.014945
0.015014
0.017716
0.011913
0.014736
0.014899
0.014779
0.014866
0.015903
0.013934
0.016000
0.013715
0.014874
0.016674
0.012906
0.014886
0.014731
0.014915
0.014841
0.015504
0.014602
0.014319
0.014895
0.015723
0.014012
0.014931
0.015060
0.014548
0.014708
0.014919
0.014842
0.014933
0.014833
0.014713
0.015029
0.015044
0.014285
0.014975
0.014774
0.014707
0.015051
0.017024
0.012641
0.014893
0.017524
0.011978
0.014916
0.014730
0.015821
0.014351
0.015538
0.013921
0.014577
0.014912
0.014806
0.015027
0.014589
0.014975
0.014748
0.014895
0.014711
0.015089
0.014891
0.016410
0.014124
0.013715
0.014970
0.014819
0.014731
0.015054
0.014512
0.015007
0.014651
0.015342
0.014197
0.015046
0.014802
0.014674
0.014773
0.014799
0.014799
0.014674
0.014927
0.015059
0.015146
0.014349
0.015420
0.015000
0.014169
0.016719
0.013549
0.015330
0.014040
0.015579
0.015563
0.012972
0.015135
0.014406
0.015011
0.014656
0.015128
0.014604
0.015021
0.014664
0.015663
0.014203
0.020730
0.008736
0.015139
0.014651
0.014791
0.014974
0.014668
0.014849
0.014820
0.014801
0.015106
0.014483
0.014875
0.015099
0.014544
0.014820
0.014914
0.014856
0.015023
0.014601
0.014900
0.019584
0.010011
0.015547
0.014303
0.014740
0.014738
0.015036
0.015525
0.014014
0.015612
0.014313
0.015470
0.014046
0.014567
0.016323
0.013873
0.014331
0.014874
0.015179
0.014323
0.015032
0.014710
0.014921
0.015959
0.013732
0.014772
0.014779
0.015398
0.014235
0.014850
0.015137
0.014547
0.015015
0.014925
0.014608
0.014821
0.016532
0.013138
0.014805
0.015869
0.014340
0.015155
0.019242
0.009586
0.015231
0.014415
0.014905
0.015031
0.064195
0.006571
0.000346
0.000184
0.005639
0.015025
0.011646
0.014736
0.014827
0.014876
0.014916
0.014819
0.014775
0.014993
0.014627
0.014886
0.014855
0.014644
0.015956
0.014045
0.014766
0.014902
0.014920
0.015014
0.014397
0.014811
0.014854
0.014895
0.014838
0.014872
0.014828
0.014712
0.015209
0.014271
0.015568
0.014152
0.015119
0.015251
0.056197
0.006741
0.000334
0.000183
0.011395
0.015086
0.013806
0.015213
0.014016
0.014904
0.014896
0.015383
0.019037
0.010229
0.015316
0.014173
0.014854
0.014798
0.014882
0.014862
0.015507
0.014164
0.014991
0.014767
0.014886
0.025402
0.004684
0.014296
0.015040
0.014639
0.014949
0.014755
0.016726
0.015581
0.012462
0.014659
0.014979
0.014742
0.015109
0.014438
0.015223
0.014498
0.015088
0.014475
0.015125
0.014747
0.014784
0.026229
0.003388
0.016001
0.013737
0.014751
0.016342
0.013518
0.015483
0.014169
0.015790
0.014554
0.014332
0.016562
0.013186
0.014636
0.014864
0.014853
0.014941
0.014774
0.015159
0.014516
0.014909
0.014828
0.014647
0.015326
0.014518
0.014819
0.015005
0.014557
0.014950
0.014622
0.014876
0.014880
0.014862
0.022056
0.007641
0.014805
0.014867
0.014921
0.014453
0.015037
0.014749
0.014977
0.015108
0.014430
0.017235
0.012497
0.014650
0.014845
0.014977
0.021052
0.008905
0.015257
0.014499
0.015147
0.015118
0.013808
0.016371
0.013877
0.016574
0.012632
0.014924
0.015153
0.017550
0.012488
0.016150
0.012648
0.014771
0.014880
0.015478
0.014248
0.015016
0.014590
0.015103
0.014364
0.014963
0.015108
0.015002
0.017042
0.012196
0.015189
0.014868
0.014900
0.014463
0.014800
0.014939
0.014669
0.017067
0.012687
0.015892
0.014126
0.014410
0.014794
0.014674
0.014891
0.014991
0.014773
0.027715
0.003043
0.013709
0.014963
0.014850
0.014720
0.014928
0.015036
0.014583
0.014749
0.015049
0.014679
0.014791
0.014745
0.015059
0.014634
0.015280
0.017214
0.011864
0.015002
0.014940
0.015302
0.014187
0.015936
0.014609
0.014256
0.015065
0.014326
0.014775
0.014982
0.017800
0.011697
0.014950
0.016239
0.013356
0.015037
0.014937
0.014525
0.014955
0.015939
0.013630
0.014948
0.014709
0.015583
0.014001
0.015292
0.014725
0.015110
0.014470
0.017112
0.013722
0.013444
0.015008
0.018239
0.011269
0.015215
0.014467
0.014891
0.014735
0.018427
0.011199
0.014936
0.014903
0.014680
0.014882
0.015060
0.014733
0.014716
0.014755
0.021962
0.007710
0.015383
0.014690
0.014652
0.018368
0.011116
0.014876
0.014821
0.017210
0.012370
0.016235
0.013553
0.017026
0.012811
0.015086
0.014126
0.014917
0.015263
0.016393
0.013029
0.014849
0.015597
0.014167
0.014725
0.014940
0.014732
0.014641
0.015050
0.014615
0.014878
0.014815
0.015135
0.014577
0.018715
0.010918
0.014863
0.014568
0.015428
0.014559
0.014726
0.014841
0.014689
0.015025
0.014862
0.017363
0.012253
0.014558
0.014987
0.015078
0.015940
0.013601
0.014770
0.014883
0.015057
0.014592
0.014625
0.015134
0.014927
0.014606
0.015370
0.014772
0.014304
0.015253
0.014427
0.014861
0.015042
0.014666
0.014890
0.014656
0.015021
0.014734
0.014845
0.014911
0.014888
0.014998
0.017627
0.012043
0.015934
0.026353
0.003544
0.013394
0.014905
0.014888
0.014796
0.017796
0.012041
0.014714
0.014943
0.016674
0.013035
0.014713
0.014738
0.015069
0.015276
0.014659
0.014578
0.015897
0.013723
0.015184
0.014496
0.015001
0.014814
0.014838
0.014760
0.015003
0.014758
0.014763
0.016532
0.012949
0.015392
0.014675
0.024614
0.005011
0.014726
0.016290
0.013366
0.015100
0.015579
0.014084
0.014433
0.015084
0.014852
0.015390
0.014228
0.016730
0.013030
0.015366
0.014254
0.015737
0.013876
0.015095
0.015292
0.014293
0.015644
0.013895
0.014971
0.014561
0.018979
0.016994
0.014252
0.009297
0.016122
0.013747
0.014736
0.014691
0.020892
0.009730
0.014138
0.014632
0.015193
0.015003
0.014720
0.015293
0.014152
0.014640
0.017576
0.012309
0.014647
0.014969
0.014854
0.015780
0.013761
0.014907
0.021557
0.008024
0.015249
0.015024
0.014089
0.015051
0.014760
0.014774
0.014980
0.014984
0.014471
0.014964
0.014911
0.014606
0.014987
0.014928
0.015439
0.014282
0.014505
0.015171
0.015307
0.014364
0.014857
0.014701
0.014975
0.014748
0.014773
0.014719
0.016620
0.013084
0.014844
0.014888
0.014533
0.014961
0.014898
0.014921
0.014626
0.014862
0.014839
0.015556
0.014192
0.015468
0.015579
0.013544
0.014822
0.016443
0.012966
0.015246
0.014574
0.014805
0.015005
0.014632
0.015013
0.014716
0.014823
0.014815
0.020371
0.009295
0.015291
0.014471
0.014633
0.015940
0.014017
0.014628
0.014766
0.015943
0.014006
0.014780
0.014784
0.014718
0.016063
0.013483
0.014924
0.014831
0.014661
0.015184
0.014598
0.014934
0.014746
0.015006
0.014713
0.014711
0.014743
0.014907
0.014920
0.014686
0.015232
0.014319
0.015002
0.016762
0.012951
0.014736
0.014958
0.014856
0.015204
0.014360
0.014872
0.014890
0.015811
0.014151
0.014297
0.014905
0.014896
0.014752
0.015363
0.014286
0.014830
0.014807
0.014805
0.015105
0.014553
0.015016
0.014853
0.014695
0.016949
0.012761
0.014799
0.014913
0.014709
0.014948
0.015691
0.014789
0.013912
0.014989
0.014797
0.014838
0.014702
0.022980
0.006708
0.014954
0.015389
0.014644
0.014530
0.016603
0.012716
0.014945
0.015150
0.014545
0.014985
0.014813
0.014709
0.014784
0.016083
0.014704
0.013826
0.014924
0.014576
0.016259
0.013549
0.014822
0.030665
0.002832
0.010908
0.014962
0.016722
0.012654
0.014913
0.015005
0.014786
0.014868
0.014695
0.015366
0.014644
0.014501
0.014720
0.014975
0.014829
0.014852
0.015174
0.017032
0.013596
0.013654
0.015574
0.013856
0.015502
0.014915
0.014197
0.014798
0.014840
0.015237
0.014446
0.014899
0.014757
0.015038
0.014929
0.014657
0.014920
0.015936
0.013756
0.014552
0.014985
0.014918
0.014936
0.014713
0.024154
0.005571
0.015766
0.014671
0.013968
0.014871
0.014702
0.015273
0.014667
0.014825
0.014803
0.015353
0.014649
0.014858
0.014316
0.015038
0.014976
0.014848
0.014628
0.015130
0.014697
0.014602
0.015013
0.014848
0.014757
0.018781
0.011107
0.018158
0.011423
0.014909
0.572412
0.000344
0.000203
0.000178
0.000174
0.000182
0.000173
0.000171
0.000171
0.000170
0.000170
0.000170
0.000169
0.000170
0.000171
0.003877
0.000338
0.000188
0.000174
0.000172
0.000171
0.000170
0.000168
0.000167
0.000168
0.000155
0.000130
0.000130
0.000130
0.000129
0.000129
0.000129
0.000130
0.000129
0.000130
0.000129
0.000129
0.000131
0.001171
0.010002
0.014911
0.014988
0.014842
0.014951
0.014998
0.015397
0.013966
0.014958
0.014689
0.015030
0.015106
0.015245
0.014083
0.016443
0.013343
0.016065
0.013536
