-12.400000,-49.590000, 0.800000
-15.300000,-37.720000, 15.950000
-17.890000,-29.870000, 24.700000
-11.930000,-20.930000, 29.240000
-7.120000,-12.280000, 28.030000
-4.800000,-5.670000, 22.760000
 3.610000, 0.470000, 15.060000
 11.960000, 9.340000, 9.640000
 13.360000, 20.670000, 8.130000
 9.650000, 31.340000, 9.490000
 4.740000, 41.180000, 10.170000
 0.830000, 48.990000, 7.390000
-0.610000, 54.080000,-0.960000
 0.090000, 55.880000,-12.560000
 2.950000, 56.570000,-21.370000
 5.270000, 58.440000,-22.700000
 6.400000, 60.180000,-17.160000
 5.810000, 59.410000,-9.620000
 4.770000, 56.310000,-5.160000
 5.030000, 51.920000,-5.170000
 6.280000, 46.690000,-5.990000
 8.050000, 42.860000,-4.400000
 12.050000, 41.750000,-1.340000
 16.320000, 43.620000, 0.930000
 16.340000, 46.350000, 0.920000
 11.220000, 50.030000,-0.330000
 4.660000, 54.730000,-2.540000
-0.640000, 58.770000,-4.870000
-1.980000, 60.540000,-6.360000
 0.010000, 60.660000,-5.770000
 4.150000, 59.290000,-4.380000
 10.450000, 56.220000,-5.030000
 13.920000, 50.610000,-8.320000
 14.530000, 45.820000,-11.730000
 14.580000, 42.410000,-12.490000
 14.930000, 39.060000,-12.030000
 18.370000, 36.290000,-12.950000
 22.750000, 33.490000,-15.050000
 22.820000, 30.900000,-14.850000
 19.590000, 27.730000,-12.420000
 15.770000, 23.870000,-8.720000
 13.360000, 20.380000,-5.250000
 13.960000, 16.400000,-2.120000
 17.130000, 10.570000, 0.480000
 19.510000, 4.090000, 2.580000
 19.520000,-1.650000, 5.700000
 16.380000,-8.020000, 9.740000
 12.420000,-14.900000, 13.090000
 11.810000,-20.570000, 14.640000
 13.860000,-25.120000, 14.640000
 15.950000,-29.420000, 14.190000
 16.330000,-32.560000, 14.150000
 14.160000,-36.480000, 14.790000
 12.270000,-44.730000, 13.710000
 11.790000,-58.330000, 10.390000
 13.760000,-78.620000, 3.670000
 17.930000,-100.670000,-2.270000
 19.540000,-118.150000,-1.730000
 22.450000,-129.090000, 3.960000
 24.610000,-133.540000, 12.730000
 25.600000,-133.210000, 20.530000
 27.560000,-129.240000, 23.480000
 28.150000,-126.450000, 20.660000
 24.340000,-127.270000, 17.880000
 16.320000,-131.610000, 19.640000
 9.380000,-138.640000, 25.160000
 4.960000,-148.130000, 31.770000
 2.830000,-155.770000, 38.220000
 2.310000,-161.500000, 43.790000
 3.450000,-163.240000, 46.220000
 8.040000,-163.100000, 46.120000
 11.600000,-161.230000, 45.790000
 10.590000,-158.820000, 47.350000
 5.770000,-157.600000, 50.710000
-1.720000,-158.720000, 55.720000
-10.390000,-161.770000, 60.190000
-17.490000,-166.490000, 63.160000
-21.250000,-172.960000, 64.840000
-19.800000,-181.530000, 65.870000
-13.620000,-190.450000, 68.220000
-2.210000,-200.850000, 70.610000
 10.500000,-211.640000, 72.030000
 17.860000,-223.050000, 71.570000
 18.360000,-232.730000, 68.080000
 11.120000,-241.410000, 63.000000
 1.060000,-247.960000, 57.120000
-6.620000,-250.130000, 50.120000
-12.390000,-250.010000, 42.860000
-15.800000,-245.770000, 36.580000
-19.540000,-240.040000, 33.380000
-18.900000,-234.120000, 32.270000
-10.200000,-222.190000, 35.610000
 2.060000,-204.220000, 40.250000
 16.120000,-191.280000, 36.610000
 23.530000,-179.620000, 22.150000
 24.130000,-168.350000, 4.560000
 16.530000,-159.980000, 0.890000
 0.780000,-154.850000, 15.100000
-12.380000,-155.560000, 35.920000
-11.520000,-163.820000, 51.670000
-0.020000,-173.650000, 59.690000
 9.420000,-182.790000, 61.480000
 12.520000,-190.900000, 58.670000
 11.530000,-197.270000, 53.800000
 10.190000,-202.830000, 49.130000
 11.210000,-207.170000, 46.240000
 13.810000,-210.160000, 46.410000
 15.520000,-212.290000, 47.380000
 15.560000,-215.000000, 48.190000
 12.430000,-218.240000, 49.960000
 8.290000,-220.980000, 50.840000
 6.260000,-221.280000, 50.430000
 4.150000,-219.070000, 47.710000
 2.990000,-215.700000, 41.310000
-0.670000,-213.480000, 29.580000
 1.520000,-213.900000, 15.810000
 14.000000,-212.220000, 7.540000
 27.900000,-212.380000, 13.060000
 40.630000,-222.060000, 29.460000
 39.540000,-231.700000, 50.480000
 37.410000,-234.790000, 68.630000
 45.100000,-231.980000, 78.350000
 57.670000,-225.820000, 77.620000
 65.880000,-212.900000, 70.110000
 57.790000,-199.290000, 60.720000
 27.420000,-186.090000, 53.590000
-9.690000,-178.400000, 56.240000
-29.800000,-184.640000, 63.790000
-29.540000,-202.190000, 67.870000
-15.750000,-224.090000, 68.410000
-3.220000,-235.350000, 67.230000
-2.460000,-235.540000, 66.420000
-6.380000,-229.560000, 65.830000
-8.210000,-222.290000, 63.750000
-8.020000,-217.360000, 59.790000
-3.800000,-214.220000, 55.220000
-1.210000,-213.380000, 50.280000
 1.150000,-214.480000, 47.270000
 1.910000,-222.260000, 48.410000
 2.910000,-235.170000, 50.810000
 6.550000,-249.740000, 51.160000
 9.310000,-250.130000, 48.860000
 7.800000,-250.130000, 45.870000
 2.370000,-250.130000, 43.480000
-5.580000,-250.130000, 40.330000
-13.640000,-250.130000, 36.480000
-19.030000,-247.080000, 33.230000
-18.450000,-232.510000, 33.530000
-9.640000,-223.060000, 36.980000
 6.500000,-216.230000, 40.490000
 22.110000,-212.190000, 41.610000
 28.270000,-209.350000, 38.740000
 25.270000,-209.810000, 31.320000
 12.190000,-211.000000, 22.060000
-4.140000,-212.540000, 20.880000
-16.090000,-206.640000, 31.750000
-22.850000,-197.200000, 48.510000
-18.660000,-191.750000, 57.770000
-6.610000,-188.540000, 56.950000
 0.000000,-187.120000, 49.390000
 5.940000,-186.840000, 36.080000
 14.780000,-186.890000, 23.350000
 20.830000,-185.000000, 20.120000
 18.000000,-178.350000, 25.410000
 13.970000,-171.480000, 30.520000
 12.520000,-166.320000, 30.600000
 10.880000,-161.810000, 26.530000
 7.280000,-156.920000, 20.680000
 4.640000,-153.530000, 15.090000
 2.670000,-152.260000, 10.960000
 1.770000,-149.910000, 9.460000
 2.280000,-146.220000, 8.260000
 4.060000,-138.390000, 5.990000
 6.910000,-126.030000, 5.150000
 3.610000,-113.830000, 9.830000
 2.630000,-105.990000, 22.110000
-9.760000,-94.940000, 34.950000
-21.070000,-81.530000, 39.220000
-12.710000,-66.370000, 34.960000
-0.410000,-59.310000, 25.160000
 17.650000,-54.110000, 15.270000
 36.840000,-51.660000, 5.020000
 43.890000,-52.640000,-1.580000
 36.540000,-52.960000, 0.000000
 21.310000,-46.000000, 8.690000
 11.860000,-34.450000, 14.440000
 9.510000,-20.260000, 13.870000
 6.060000,-5.450000, 7.690000
 1.630000, 8.900000,-2.380000
-6.000000, 19.780000,-11.640000
-13.300000, 26.640000,-14.900000
-17.670000, 28.970000,-12.320000
-18.320000, 27.000000,-6.690000
-14.950000, 22.570000,-2.130000
-8.540000, 18.950000, 0.620000
 0.800000, 18.890000, 0.150000
 8.640000, 20.830000,-2.430000
 9.830000, 24.480000,-4.060000
 5.730000, 27.960000,-1.520000
-1.830000, 29.950000, 3.710000
-7.540000, 30.810000, 8.590000
-10.630000, 29.510000, 11.220000
-11.460000, 26.730000, 12.400000
-11.580000, 23.670000, 13.710000
-10.140000, 21.290000, 15.440000
-7.900000, 18.920000, 16.290000
-5.220000, 16.510000, 15.530000
-4.130000, 14.130000, 12.350000
-4.360000, 12.690000, 6.180000
-6.830000, 13.100000,-0.600000
-9.710000, 13.710000,-6.600000
-11.760000, 14.310000,-11.230000
-11.270000, 16.270000,-12.000000
-7.260000, 17.890000,-9.780000
-1.880000, 19.460000,-6.480000
 3.050000, 19.740000,-4.250000
 6.280000, 19.050000,-2.770000
 6.570000, 18.050000,-0.510000
 5.580000, 17.020000, 1.880000
 3.060000, 16.250000, 2.930000
 0.770000, 15.910000, 1.610000
-1.870000, 15.830000,-1.160000
-3.820000, 16.420000,-3.060000
-5.630000, 17.190000,-3.390000
-6.160000, 18.090000,-2.250000
-4.140000, 16.690000,-0.240000
-1.350000, 13.780000, 1.460000
 1.650000, 8.090000, 2.100000
 3.550000, 1.250000, 2.730000
 6.030000,-8.660000, 3.190000
 7.900000,-18.770000, 4.720000
 8.830000,-29.910000, 6.820000
 13.230000,-43.060000, 8.320000
 18.160000,-55.770000, 8.650000
 25.870000,-69.840000, 7.770000
 36.740000,-84.220000, 6.210000
 46.510000,-99.180000, 5.610000
 51.640000,-113.070000, 6.560000
 49.010000,-125.330000, 8.650000
 40.300000,-135.790000, 11.590000
 29.610000,-143.640000, 14.740000
 18.500000,-147.190000, 18.180000
 9.460000,-146.870000, 22.410000
 4.050000,-143.300000, 26.660000
 1.860000,-139.480000, 31.440000
 5.740000,-133.850000, 35.180000
 11.740000,-128.600000, 36.840000
 16.690000,-125.990000, 34.410000
 20.310000,-126.700000, 31.120000
 18.010000,-127.740000, 31.800000
 9.230000,-129.540000, 37.700000
-0.900000,-131.060000, 43.790000
-7.400000,-133.710000, 47.410000
-10.110000,-136.850000, 50.110000
-10.220000,-141.700000, 52.940000
-7.500000,-148.970000, 57.070000
-1.290000,-158.410000, 61.130000
 8.110000,-169.350000, 65.090000
 14.730000,-181.980000, 68.860000
 14.970000,-195.250000, 71.430000
 10.230000,-207.290000, 72.340000
 4.320000,-217.850000, 70.350000
-3.160000,-226.120000, 67.850000
-12.760000,-230.640000, 66.100000
-18.910000,-231.740000, 61.270000
-21.140000,-229.160000, 54.160000
-20.460000,-224.400000, 46.800000
-18.260000,-219.720000, 39.960000
-11.400000,-212.890000, 32.780000
 0.290000,-198.990000, 22.700000
 12.990000,-183.290000, 8.580000
 20.380000,-165.200000,-7.040000
 13.800000,-149.590000,-11.830000
-6.010000,-143.420000, 2.880000
-25.480000,-139.780000, 28.550000
-27.680000,-144.070000, 49.670000
-15.090000,-157.610000, 59.530000
 8.400000,-175.770000, 60.320000
 27.680000,-192.450000, 57.410000
 34.730000,-206.410000, 53.120000
 34.050000,-217.550000, 48.860000
 30.020000,-224.330000, 46.030000
 28.310000,-227.930000, 44.140000
 28.020000,-228.010000, 44.440000
 28.280000,-225.600000, 46.980000
 29.030000,-225.270000, 50.510000
 32.290000,-223.510000, 54.340000
 35.500000,-219.730000, 57.130000
 35.870000,-215.300000, 58.060000
 30.370000,-215.410000, 54.740000
 23.040000,-221.670000, 46.020000
 17.180000,-233.170000, 36.200000
 18.390000,-242.730000, 31.730000
 30.550000,-250.130000, 36.050000
 47.410000,-250.130000, 48.190000
 45.280000,-250.130000, 65.310000
 38.810000,-250.130000, 79.830000
 38.680000,-250.130000, 88.670000
 49.840000,-250.130000, 89.880000
 71.490000,-234.960000, 81.710000
 78.000000,-221.430000, 71.320000
 50.820000,-208.970000, 65.790000
 11.480000,-201.290000, 73.390000
-10.040000,-207.060000, 81.930000
-7.790000,-225.380000, 80.650000
-4.660000,-241.840000, 75.380000
-4.460000,-246.800000, 71.070000
-3.510000,-240.450000, 69.030000
-5.910000,-230.700000, 68.670000
-6.750000,-219.020000, 68.960000
-1.370000,-209.930000, 69.110000
 2.900000,-204.230000, 68.210000
-0.220000,-202.700000, 69.660000
-4.450000,-205.960000, 72.630000
-8.160000,-216.860000, 72.910000
-8.080000,-233.300000, 68.430000
-3.960000,-249.070000, 59.610000
 0.450000,-250.130000, 50.960000
-0.390000,-250.130000, 46.370000
-7.290000,-250.130000, 45.220000
-16.350000,-250.130000, 46.430000
-22.440000,-250.130000, 46.810000
-18.790000,-247.220000, 44.320000
-6.300000,-239.060000, 43.950000
 4.140000,-231.210000, 47.830000
 12.380000,-231.230000, 46.970000
 16.150000,-230.920000, 36.640000
 18.420000,-227.830000, 26.030000
 7.970000,-220.220000, 21.610000
-6.830000,-208.550000, 19.990000
-14.800000,-196.660000, 17.020000
-16.130000,-190.350000, 15.740000
-14.870000,-191.520000, 21.460000
-9.060000,-195.600000, 35.030000
 5.600000,-202.310000, 47.260000
 19.090000,-207.620000, 50.610000
 22.900000,-208.700000, 47.320000
 18.760000,-207.060000, 41.160000
 11.110000,-202.970000, 33.290000
 6.120000,-195.410000, 25.970000
 3.450000,-185.740000, 19.690000
 2.910000,-174.570000, 14.790000
 2.290000,-161.260000, 11.930000
 2.450000,-150.380000, 11.030000
 4.100000,-143.870000, 12.260000
 5.000000,-140.590000, 14.610000
 5.490000,-139.670000, 17.590000
 3.100000,-138.780000, 18.710000
-0.330000,-135.610000, 16.800000
-3.000000,-128.710000, 13.320000
-6.410000,-116.410000, 11.690000
-12.490000,-102.490000, 12.220000
-15.150000,-91.420000, 14.540000
-18.800000,-72.930000, 17.350000
-15.390000,-58.140000, 18.400000
 7.950000,-44.510000, 18.030000
 34.150000,-38.880000, 17.510000
 52.290000,-34.300000, 18.550000
 64.380000,-33.910000, 15.160000
 58.160000,-37.110000, 12.250000
 39.800000,-39.870000, 12.160000
 22.470000,-41.620000, 11.490000
 11.270000,-41.060000, 8.620000
 2.110000,-38.160000, 3.380000
-6.640000,-29.820000,-2.060000
-11.020000,-19.870000,-6.480000
-11.410000,-11.930000,-8.600000
-10.260000,-4.650000,-6.180000
-6.730000, 2.480000, 0.010000
-2.190000, 7.660000, 7.240000
 4.090000, 12.950000, 12.610000
 14.310000, 18.180000, 13.880000
 23.190000, 22.930000, 10.850000
 24.960000, 28.380000, 7.500000
 20.650000, 34.090000, 5.960000
 13.260000, 39.830000, 7.070000
 5.100000, 42.980000, 9.400000
-1.290000, 43.360000, 10.070000
-5.320000, 41.030000, 8.520000
-9.090000, 35.740000, 5.450000
-7.820000, 29.410000, 1.640000
-1.540000, 24.460000, 0.920000
 5.170000, 20.480000, 3.690000
 11.860000, 15.750000, 6.380000
 15.950000, 12.090000, 5.370000
 17.210000, 9.290000,-0.080000
 16.450000, 7.860000,-5.830000
 14.770000, 8.970000,-8.090000
 11.700000, 11.590000,-7.100000
 7.060000, 13.270000,-6.570000
 2.160000, 14.410000,-6.590000
-0.160000, 13.780000,-5.580000
 1.350000, 12.530000,-3.700000
 4.700000, 10.380000,-0.920000
 8.720000, 6.390000, 1.900000
 10.280000, 2.640000, 5.320000
 9.610000, 0.000000, 7.080000
 8.520000,-1.340000, 6.320000
 7.570000,-2.900000, 4.140000
 6.380000,-3.650000, 1.470000
 7.390000,-5.220000,-1.540000
 9.000000,-7.040000,-3.670000
 9.870000,-8.350000,-4.640000
 8.890000,-10.550000,-3.900000
 9.020000,-14.380000,-3.320000
 9.070000,-17.640000,-3.100000
 12.250000,-22.620000,-2.860000
 17.220000,-29.010000,-2.140000
 22.550000,-37.030000,-3.260000
 26.130000,-44.800000,-4.790000
 26.660000,-52.190000,-6.860000
 26.290000,-58.280000,-6.630000
 23.980000,-63.040000,-1.550000
 19.240000,-67.880000, 4.780000
 14.410000,-74.470000, 10.250000
 9.750000,-81.890000, 14.700000
 5.670000,-93.230000, 20.070000
 2.580000,-106.910000, 27.960000
 1.030000,-121.930000, 38.390000
 0.310000,-136.040000, 50.110000
-2.060000,-148.350000, 60.370000
-6.060000,-157.640000, 66.610000
-9.610000,-165.480000, 68.150000
-10.570000,-172.100000, 67.470000
-6.570000,-177.980000, 67.580000
-2.160000,-184.580000, 69.810000
-2.020000,-192.320000, 72.010000
-4.890000,-201.000000, 71.430000
-9.850000,-209.980000, 68.360000
-18.140000,-214.310000, 60.870000
-23.630000,-215.540000, 51.000000
-26.580000,-213.960000, 43.930000
-26.500000,-208.380000, 43.390000
-21.770000,-200.960000, 45.920000
-14.700000,-193.440000, 44.050000
-9.580000,-185.270000, 33.290000
-6.480000,-181.830000, 14.480000
-0.630000,-182.030000,-4.330000
 7.030000,-181.290000,-9.780000
 5.870000,-178.940000, 3.280000
-1.930000,-179.270000, 25.590000
-9.440000,-181.050000, 44.830000
-14.120000,-182.970000, 53.870000
-10.210000,-186.350000, 49.960000
 2.520000,-191.500000, 39.030000
 15.790000,-195.380000, 32.090000
 19.980000,-196.700000, 32.710000
 16.840000,-197.660000, 35.920000
 14.630000,-199.190000, 37.320000
 13.770000,-199.090000, 37.900000
 12.450000,-199.240000, 39.320000
 11.370000,-199.840000, 40.670000
 11.360000,-201.060000, 41.240000
 13.290000,-201.160000, 42.480000
 14.630000,-200.450000, 44.330000
 14.060000,-199.510000, 44.870000
 12.060000,-198.120000, 42.670000
 10.120000,-196.750000, 37.990000
 10.030000,-194.770000, 32.630000
 11.030000,-194.220000, 27.960000
 11.940000,-195.690000, 24.010000
 14.210000,-197.410000, 21.600000
 19.210000,-196.980000, 20.880000
 25.000000,-193.910000, 20.190000
 32.610000,-199.780000, 19.960000
 39.460000,-212.140000, 23.370000
 42.280000,-219.690000, 32.220000
 45.850000,-221.280000, 41.450000
 53.720000,-218.100000, 47.120000
 63.530000,-209.410000, 48.980000
 73.800000,-196.370000, 49.130000
 77.500000,-182.060000, 48.420000
 61.540000,-171.010000, 50.460000
 31.580000,-165.300000, 55.350000
 12.000000,-167.040000, 56.820000
 6.180000,-175.460000, 55.120000
 4.780000,-186.190000, 54.610000
 4.140000,-193.120000, 56.180000
 4.640000,-193.870000, 58.590000
 6.170000,-189.650000, 59.290000
 7.410000,-184.580000, 57.610000
 8.140000,-180.000000, 52.420000
 6.480000,-176.510000, 46.170000
 2.740000,-173.350000, 44.110000
-1.600000,-172.450000, 46.840000
-4.990000,-175.940000, 52.410000
-7.530000,-185.140000, 57.770000
-6.800000,-196.850000, 61.530000
-0.460000,-212.110000, 62.260000
 9.430000,-227.610000, 60.120000
 15.340000,-239.090000, 56.450000
 13.540000,-245.160000, 53.970000
 8.240000,-246.130000, 50.610000
 1.860000,-242.160000, 43.990000
-3.770000,-233.580000, 35.850000
-5.510000,-226.750000, 29.780000
-3.160000,-220.130000, 24.580000
-0.010000,-216.410000, 16.730000
 3.470000,-213.930000, 8.750000
 4.430000,-210.410000, 10.830000
-4.050000,-201.660000, 21.640000
-20.100000,-192.310000, 31.270000
-24.930000,-188.310000, 35.960000
-22.900000,-185.790000, 39.980000
-14.340000,-188.620000, 45.770000
-2.340000,-196.820000, 52.640000
 7.920000,-205.150000, 56.080000
 8.440000,-210.910000, 53.530000
 3.850000,-212.750000, 46.070000
 0.950000,-209.850000, 35.960000
 2.850000,-202.920000, 26.610000
 6.670000,-195.120000, 21.470000
 10.830000,-189.520000, 19.940000
 12.750000,-185.580000, 21.520000
 15.510000,-184.010000, 24.890000
 20.580000,-184.080000, 28.680000
 25.510000,-187.160000, 30.250000
 27.760000,-191.620000, 28.410000
 26.330000,-196.800000, 24.510000
 18.670000,-202.380000, 19.070000
 10.370000,-205.560000, 13.190000
 5.720000,-204.190000, 7.530000
 8.380000,-199.310000, 3.550000
 16.160000,-189.220000, 5.940000
 25.680000,-175.320000, 16.960000
 26.240000,-163.160000, 33.370000
 18.630000,-147.710000, 49.100000
 4.850000,-128.970000, 58.110000
 5.450000,-114.790000, 56.120000
 20.050000,-108.580000, 45.090000
 38.190000,-104.900000, 29.410000
 49.350000,-101.450000, 16.340000
 49.670000,-98.630000, 7.580000
 41.790000,-95.480000, 5.950000
 31.630000,-90.930000, 9.070000
 22.810000,-85.740000, 10.400000
 15.300000,-80.250000, 8.380000
 7.750000,-71.700000, 7.500000
 2.380000,-60.410000, 8.740000
-0.160000,-49.710000, 9.290000
-0.820000,-42.360000, 9.570000
-0.940000,-37.120000, 9.320000
 1.030000,-34.700000, 8.670000
 3.510000,-32.870000, 8.350000
 6.560000,-29.950000, 8.810000
 7.460000,-26.240000, 8.900000
 6.250000,-21.680000, 8.180000
 2.790000,-16.290000, 6.740000
-0.630000,-10.650000, 6.210000
-3.070000,-5.490000, 7.600000
-5.090000,-1.370000, 9.610000
-4.910000, 0.410000, 9.850000
-3.580000,-0.140000, 9.120000
-2.530000,-1.370000, 8.480000
-0.930000,-3.160000, 9.410000
 2.040000,-3.580000, 11.920000
 4.200000,-2.170000, 14.720000
 7.060000,-0.050000, 16.540000
 8.280000, 0.930000, 15.900000
 5.570000, 2.970000, 11.940000
 1.900000, 3.860000, 4.290000
-0.120000, 4.290000,-3.960000
-1.390000, 4.920000,-9.900000
-1.740000, 7.000000,-10.380000
-0.460000, 11.580000,-7.380000
 1.320000, 17.270000,-2.880000
 1.590000, 22.400000, 0.680000
-0.620000, 24.480000, 1.600000
-2.450000, 24.410000,-0.120000
-2.090000, 22.480000,-2.630000
-1.030000, 18.540000,-4.660000
 0.740000, 15.020000,-5.160000
 2.480000, 11.520000,-3.960000
 4.610000, 8.740000,-0.810000
 5.090000, 6.300000, 2.130000
 6.140000, 3.950000, 3.170000
 6.800000, 2.230000, 3.240000
 7.050000, 0.580000, 2.940000
 7.290000,-1.350000, 2.700000
 8.590000,-3.310000, 2.480000
 9.320000,-5.700000, 3.030000
 10.050000,-8.580000, 3.830000
 10.970000,-11.330000, 4.780000
 11.430000,-13.340000, 5.510000
 12.450000,-16.830000, 5.050000
 13.600000,-22.620000, 3.060000
 15.100000,-28.510000, 0.900000
 18.730000,-38.210000,-1.800000
 24.140000,-50.540000,-5.110000
 27.170000,-64.510000,-6.270000
 27.790000,-78.750000,-5.420000
 28.390000,-93.510000,-3.500000
 28.250000,-106.610000,-0.290000
 27.480000,-118.330000, 5.170000
 26.410000,-127.040000, 12.460000
 23.960000,-132.020000, 20.110000
 20.200000,-134.810000, 26.230000
 16.240000,-135.170000, 30.380000
 12.920000,-134.250000, 33.100000
 10.390000,-133.220000, 35.360000
 7.800000,-132.600000, 37.800000
 4.560000,-132.120000, 39.030000
 2.760000,-132.240000, 38.540000
 3.460000,-131.620000, 37.480000
 5.000000,-129.380000, 38.320000
 4.480000,-126.330000, 39.700000
 4.290000,-123.680000, 39.760000
 4.700000,-121.530000, 39.060000
 6.170000,-120.260000, 39.670000
 8.590000,-121.350000, 42.580000
 12.400000,-124.030000, 46.300000
 14.680000,-128.650000, 49.220000
 14.610000,-135.430000, 51.040000
 13.800000,-142.030000, 53.180000
 10.930000,-148.600000, 55.580000
 7.850000,-155.060000, 55.800000
 2.380000,-161.320000, 53.360000
-2.500000,-165.220000, 49.800000
-5.690000,-169.290000, 47.640000
-5.480000,-169.910000, 47.680000
-1.370000,-171.410000, 47.620000
 9.860000,-170.470000, 41.480000
 19.320000,-167.050000, 29.390000
 11.560000,-159.680000, 19.600000
 4.050000,-151.840000, 19.080000
 2.460000,-147.970000, 33.670000
-2.030000,-150.690000, 57.780000
-4.160000,-159.250000, 74.700000
-0.440000,-172.410000, 74.040000
 3.320000,-184.510000, 62.120000
 3.250000,-191.510000, 50.000000
 1.940000,-195.480000, 41.800000
 4.480000,-197.870000, 37.510000
 10.000000,-198.830000, 38.160000
 15.420000,-199.610000, 43.740000
 19.520000,-203.740000, 52.160000
 19.450000,-206.320000, 60.960000
 15.380000,-204.450000, 67.210000
 12.380000,-202.380000, 67.740000
 10.540000,-200.270000, 61.610000
 9.250000,-198.570000, 50.950000
 6.780000,-196.660000, 40.620000
 3.210000,-196.770000, 32.560000
-0.450000,-199.800000, 28.500000
 2.570000,-204.370000, 28.140000
 10.540000,-214.410000, 33.090000
 17.240000,-226.900000, 44.870000
 15.690000,-233.350000, 60.370000
 12.210000,-230.880000, 73.080000
 26.580000,-220.490000, 74.830000
 50.650000,-209.620000, 65.440000
 67.260000,-200.090000, 53.500000
 68.490000,-191.150000, 46.430000
 52.430000,-185.670000, 48.380000
 27.510000,-182.290000, 55.250000
 9.970000,-182.740000, 55.540000
 1.660000,-188.750000, 45.110000
-6.730000,-193.170000, 34.570000
-10.680000,-188.040000, 32.170000
-6.560000,-179.610000, 35.670000
 1.580000,-170.700000, 41.050000
 10.150000,-163.850000, 47.820000
 16.120000,-161.480000, 54.830000
 18.290000,-161.510000, 59.530000
 15.190000,-165.770000, 60.760000
 6.110000,-170.610000, 60.690000
-4.090000,-172.160000, 61.960000
-9.670000,-172.560000, 64.310000
-9.640000,-174.840000, 64.900000
-5.600000,-179.610000, 62.620000
-0.890000,-186.420000, 57.540000
 1.190000,-195.780000, 53.640000
-0.160000,-204.870000, 53.090000
-3.530000,-215.190000, 55.920000
-7.560000,-224.450000, 61.760000
-7.740000,-229.670000, 65.610000
-5.120000,-229.760000, 66.500000
-5.120000,-227.740000, 64.630000
-7.130000,-225.290000, 58.550000
-8.060000,-222.840000, 48.080000
-5.420000,-224.060000, 34.480000
-2.610000,-226.050000, 24.820000
-3.040000,-220.580000, 17.190000
-5.890000,-212.380000, 2.210000
 3.710000,-212.700000,-19.510000
 14.610000,-208.190000,-24.490000
 10.800000,-189.000000,-2.500000
-8.810000,-164.450000, 27.920000
-27.730000,-147.800000, 51.760000
-25.350000,-143.920000, 60.700000
-15.220000,-150.280000, 59.600000
 0.060000,-166.580000, 53.540000
 20.370000,-186.700000, 45.780000
 32.360000,-204.050000, 40.530000
 28.180000,-214.320000, 40.070000
 17.460000,-218.480000, 40.610000
 8.190000,-217.290000, 39.780000
 4.350000,-215.610000, 38.540000
 6.300000,-210.940000, 38.750000
 13.790000,-208.120000, 39.800000
 20.800000,-205.610000, 38.800000
 22.600000,-201.770000, 33.800000
 19.840000,-197.550000, 26.540000
 14.540000,-192.990000, 17.960000
 9.570000,-185.770000, 8.250000
 5.330000,-175.250000,-2.190000
 4.670000,-159.480000,-9.000000
 1.870000,-137.600000,-8.290000
-0.960000,-119.670000,-0.940000
 0.540000,-105.020000, 12.200000
-5.300000,-86.520000, 27.480000
-9.390000,-70.360000, 34.220000
-4.640000,-62.580000, 29.700000
 15.170000,-66.000000, 21.890000
 34.550000,-71.880000, 16.530000
 45.450000,-79.610000, 13.770000
 40.570000,-86.930000, 14.050000
 26.590000,-89.250000, 18.310000
 10.960000,-88.450000, 23.080000
-0.020000,-88.310000, 25.430000
-3.490000,-89.840000, 26.030000
-3.140000,-88.810000, 25.390000
-1.930000,-83.610000, 22.720000
-0.800000,-74.120000, 18.980000
 1.070000,-63.530000, 15.320000
 3.210000,-52.790000, 13.220000
 2.550000,-44.250000, 13.740000
 2.790000,-37.650000, 15.370000
 3.590000,-34.830000, 14.690000
 2.080000,-33.120000, 11.800000
-1.660000,-31.600000, 8.600000
-5.330000,-29.120000, 7.790000
-8.770000,-25.220000, 10.410000
-9.490000,-22.480000, 14.600000
-6.840000,-21.230000, 18.860000
-2.890000,-20.170000, 21.960000
 2.800000,-18.230000, 22.410000
 5.380000,-16.030000, 20.880000
 4.140000,-12.770000, 18.600000
 0.730000,-9.470000, 16.950000
-1.900000,-5.830000, 15.330000
-3.000000,-1.320000, 13.450000
-1.530000, 2.910000, 10.890000
 1.960000, 5.610000, 7.660000
 4.870000, 9.640000, 2.650000
 5.030000, 12.670000,-2.350000
 1.480000, 15.770000,-5.210000
-3.510000, 19.130000,-6.600000
-6.570000, 21.670000,-8.010000
-6.960000, 23.740000,-8.390000
-6.240000, 24.770000,-6.970000
-4.760000, 25.150000,-5.460000
-2.100000, 23.960000,-4.220000
 0.390000, 21.830000,-2.180000
 2.760000, 19.260000,-0.070000
 3.220000, 16.530000, 1.170000
 3.570000, 14.010000, 1.480000
 3.570000, 11.960000, 1.510000
 1.660000, 11.520000, 2.620000
-0.860000, 13.200000, 4.350000
 0.420000, 14.250000, 4.770000
 2.510000, 14.840000, 3.860000
 5.380000, 14.540000, 1.980000
 7.900000, 13.030000,-0.240000
 11.370000, 8.260000,-3.260000
 14.820000, 1.870000,-7.100000
 15.900000,-4.920000,-9.300000
 16.100000,-15.560000,-7.960000
 19.080000,-27.900000,-3.880000
 30.670000,-44.090000,-2.320000
 44.770000,-61.190000,-3.840000
 53.580000,-79.450000,-4.710000
 56.430000,-95.770000,-2.640000
 53.770000,-108.050000, 2.460000
 46.500000,-115.350000, 8.110000
 36.820000,-117.610000, 12.870000
 27.250000,-115.370000, 16.850000
 20.570000,-111.950000, 21.320000
 16.450000,-109.140000, 26.800000
 12.440000,-106.900000, 34.060000
 11.760000,-106.970000, 40.960000
 11.860000,-112.070000, 43.540000
 12.510000,-117.110000, 40.870000
 12.120000,-121.550000, 36.480000
 9.130000,-121.850000, 36.610000
 5.370000,-121.610000, 40.570000
 1.150000,-122.700000, 46.040000
-2.540000,-125.020000, 51.770000
-4.140000,-127.360000, 56.350000
-4.350000,-130.280000, 59.890000
-3.580000,-134.030000, 62.020000
-1.010000,-139.870000, 62.780000
 2.560000,-146.450000, 63.100000
 6.060000,-152.400000, 63.300000
 7.280000,-156.600000, 63.110000
 6.420000,-160.070000, 63.100000
 2.560000,-162.450000, 63.120000
-2.360000,-162.930000, 62.810000
-6.850000,-162.000000, 61.460000
-11.610000,-160.850000, 57.150000
-17.570000,-161.350000, 50.950000
-22.030000,-163.090000, 45.220000
-23.610000,-165.350000, 39.340000
-20.340000,-166.090000, 28.780000
-15.810000,-168.650000, 14.830000
-7.250000,-166.660000, 6.120000
 2.850000,-159.010000, 6.870000
 10.690000,-146.670000, 12.450000
 8.610000,-133.320000, 23.120000
-5.140000,-123.560000, 36.770000
-18.280000,-120.320000, 47.730000
-25.490000,-127.120000, 51.810000
-22.790000,-140.050000, 48.880000
-11.690000,-154.530000, 43.820000
-3.900000,-161.720000, 42.140000
-1.770000,-161.240000, 42.030000
-1.520000,-156.710000, 40.540000
-1.200000,-151.000000, 38.660000
-1.520000,-147.020000, 37.600000
 0.310000,-147.200000, 37.880000
 2.290000,-149.630000, 39.360000
 4.370000,-154.030000, 41.340000
 5.750000,-159.220000, 43.670000
 6.700000,-164.670000, 44.330000
 7.990000,-170.510000, 43.030000
 6.890000,-176.600000, 40.770000
 5.120000,-181.930000, 39.490000
 1.270000,-185.660000, 38.300000
-1.600000,-189.740000, 36.100000
-1.270000,-194.900000, 31.730000
-0.330000,-201.720000, 26.860000
 1.580000,-208.720000, 24.140000
 6.820000,-211.110000, 23.870000
 13.850000,-211.720000, 26.150000
 17.730000,-221.380000, 28.310000
 10.720000,-231.780000, 27.960000
 2.830000,-234.730000, 30.930000
 9.960000,-225.470000, 40.020000
 34.310000,-214.010000, 48.460000
 62.870000,-202.750000, 51.450000
 80.250000,-193.440000, 51.440000
 74.960000,-184.830000, 54.790000
 62.280000,-178.840000, 59.820000
 49.590000,-181.740000, 55.360000
 30.940000,-189.080000, 44.480000
 6.910000,-194.730000, 33.320000
-5.700000,-194.270000, 26.120000
-8.390000,-192.160000, 24.380000
-5.240000,-188.290000, 28.380000
 5.000000,-183.360000, 36.330000
 18.380000,-178.550000, 44.380000
 25.950000,-176.000000, 50.220000
 26.580000,-173.610000, 53.780000
 21.030000,-172.520000, 57.760000
 13.320000,-174.340000, 62.370000
 8.320000,-178.010000, 67.250000
 8.560000,-183.060000, 70.070000
 8.900000,-190.280000, 69.900000
 7.690000,-197.450000, 66.410000
 4.400000,-205.690000, 61.380000
 1.910000,-213.950000, 57.720000
 1.570000,-222.770000, 58.160000
 5.270000,-228.930000, 61.330000
 8.230000,-231.460000, 66.520000
 6.280000,-231.340000, 73.320000
-0.810000,-229.830000, 80.250000
-5.300000,-228.060000, 82.670000
-7.930000,-227.310000, 78.300000
-7.120000,-229.390000, 66.350000
-4.470000,-232.120000, 52.650000
-3.770000,-234.380000, 41.220000
-7.680000,-232.450000, 27.590000
-14.870000,-231.020000, 8.920000
-19.610000,-231.350000,-12.550000
-12.330000,-228.800000,-16.470000
-7.280000,-214.130000, 8.930000
-12.870000,-194.170000, 42.420000
-18.190000,-177.140000, 62.690000
-16.920000,-168.210000, 68.500000
-13.030000,-167.250000, 63.470000
-9.520000,-173.680000, 53.480000
-4.710000,-181.060000, 45.900000
-5.200000,-186.400000, 45.760000
-11.000000,-187.580000, 48.630000
-16.150000,-186.250000, 49.410000
-17.470000,-182.740000, 48.030000
-15.850000,-180.160000, 46.870000
-13.350000,-180.820000, 47.040000
-8.930000,-183.270000, 47.340000
-3.820000,-187.320000, 47.360000
-0.380000,-192.350000, 46.330000
-3.160000,-196.410000, 44.510000
-8.800000,-199.050000, 39.520000
-9.900000,-198.900000, 28.230000
-9.580000,-194.120000, 12.380000
-7.220000,-181.190000,-2.240000
-4.060000,-162.820000,-11.490000
-4.680000,-143.310000,-13.160000
-8.160000,-128.530000,-7.860000
-14.490000,-112.050000, 3.480000
-15.410000,-88.670000, 18.250000
-3.650000,-70.480000, 20.560000
 15.000000,-64.670000, 6.260000
 30.250000,-64.540000,-12.910000
 34.950000,-65.900000,-21.210000
 33.840000,-67.050000,-15.050000
 31.030000,-68.630000,-3.290000
 30.030000,-72.320000, 2.520000
 30.130000,-75.680000, 0.660000
 26.200000,-75.770000,-3.910000
 21.500000,-71.290000,-6.580000
 16.670000,-64.020000,-6.350000
 15.060000,-56.330000,-4.970000
 17.180000,-50.310000,-4.220000
 19.770000,-44.610000,-2.600000
 20.570000,-40.000000,-0.510000
 19.030000,-35.480000, 0.480000
 17.000000,-30.940000,-0.720000
 14.060000,-25.580000,-1.930000
 11.210000,-19.930000,-2.000000
 9.080000,-14.000000,-0.870000
 6.770000,-8.000000, 0.660000
 3.930000,-1.830000, 2.930000
 1.280000, 2.430000, 4.430000
-1.220000, 5.380000, 4.820000
-1.560000, 7.030000, 5.020000
-0.390000, 8.420000, 6.270000
 1.700000, 9.880000, 8.480000
 3.640000, 11.910000, 11.320000
 4.150000, 14.540000, 14.630000
 4.630000, 16.500000, 16.970000
 5.250000, 17.310000, 18.360000
 6.420000, 18.010000, 18.720000
 7.290000, 16.180000, 17.510000
 5.060000, 12.670000, 15.130000
-0.040000, 8.590000, 12.350000
-4.580000, 5.720000, 7.350000
-7.370000, 5.490000, 1.030000
-8.350000, 5.430000,-2.920000
-8.320000, 7.260000,-3.870000
-6.900000, 10.270000,-4.040000
-6.210000, 12.990000,-4.100000
-5.260000, 15.540000,-3.350000
-4.030000, 18.440000,-1.830000
-2.670000, 18.960000,-0.100000
-1.030000, 18.470000, 1.140000
 0.560000, 16.080000, 1.870000
 1.150000, 12.160000, 1.500000
 0.660000, 7.320000, 0.980000
-0.640000, 3.740000, 0.700000
-0.930000, 0.700000, 1.250000
-1.080000,-1.490000, 1.410000
-0.090000,-3.900000, 0.200000
 2.320000,-6.660000,-1.150000
 5.700000,-11.390000,-3.060000
 10.200000,-16.610000,-5.580000
 16.410000,-23.760000,-8.900000
 26.830000,-36.290000,-12.910000
 39.610000,-52.440000,-16.800000
 50.770000,-68.820000,-17.930000
 55.410000,-84.260000,-14.190000
 53.950000,-96.670000,-8.000000
 47.810000,-105.380000,-1.330000
 38.860000,-109.300000, 4.380000
 29.380000,-109.190000, 10.180000
 21.240000,-106.460000, 17.540000
 15.210000,-103.500000, 26.190000
 10.370000,-103.430000, 33.510000
 9.520000,-107.800000, 37.020000
 11.580000,-114.730000, 35.800000
 13.880000,-121.540000, 32.530000
 15.340000,-125.040000, 31.090000
 14.310000,-124.420000, 34.020000
 11.220000,-122.030000, 38.300000
 4.900000,-118.210000, 41.660000
-1.190000,-114.110000, 43.690000
-4.170000,-112.250000, 44.640000
-3.220000,-113.660000, 45.670000
 0.270000,-115.000000, 47.580000
 5.030000,-117.250000, 50.790000
 8.510000,-121.340000, 54.220000
 8.990000,-126.320000, 57.640000
 7.600000,-131.330000, 59.850000
 6.600000,-136.930000, 60.930000
 5.850000,-142.930000, 61.740000
 5.900000,-148.810000, 63.610000
 6.770000,-153.440000, 66.960000
 6.890000,-158.040000, 70.520000
 5.490000,-161.580000, 72.790000
 2.360000,-164.060000, 73.120000
-3.030000,-166.100000, 71.140000
-10.210000,-168.190000, 65.760000
-16.000000,-170.430000, 58.890000
-18.990000,-172.930000, 53.980000
-19.450000,-176.120000, 52.570000
-15.400000,-177.570000, 51.620000
-5.860000,-170.340000, 45.120000
 3.030000,-160.370000, 31.890000
 10.860000,-146.610000, 17.190000
 8.760000,-128.890000, 11.350000
-8.290000,-113.510000, 22.320000
-25.340000,-102.400000, 42.170000
-32.630000,-102.580000, 57.990000
-28.430000,-112.090000, 64.260000
-13.980000,-130.080000, 62.510000
-0.090000,-147.230000, 57.870000
 4.540000,-160.960000, 51.890000
 3.900000,-169.050000, 43.200000
 2.250000,-168.980000, 35.260000
 4.230000,-163.900000, 32.030000
 5.980000,-159.490000, 33.760000
 4.030000,-156.930000, 38.170000
 2.120000,-157.480000, 41.360000
 1.070000,-159.850000, 42.510000
-0.890000,-162.440000, 42.740000
-2.390000,-164.090000, 42.590000
-3.380000,-167.900000, 42.400000
-3.460000,-174.770000, 40.090000
-4.050000,-184.040000, 34.190000
-2.640000,-195.640000, 27.700000
-2.000000,-204.790000, 24.510000
 0.930000,-209.190000, 24.900000
 3.380000,-211.930000, 28.020000
-0.800000,-215.190000, 31.470000
-9.900000,-219.910000, 29.230000
-17.840000,-222.210000, 23.600000
-15.730000,-217.130000, 24.280000
 4.700000,-204.910000, 32.060000
 36.540000,-196.970000, 36.500000
 62.060000,-194.110000, 36.640000
 64.710000,-189.690000, 39.640000
 53.820000,-184.660000, 47.800000
 43.660000,-183.880000, 53.320000
 35.780000,-189.730000, 49.670000
 15.870000,-194.580000, 45.540000
-0.510000,-197.780000, 44.330000
-5.780000,-197.770000, 44.760000
-4.440000,-193.980000, 46.100000
 0.720000,-189.270000, 46.420000
 7.480000,-183.960000, 46.360000
 13.030000,-178.250000, 47.050000
 14.870000,-173.250000, 49.960000
 13.200000,-170.120000, 55.510000
 9.920000,-170.220000, 61.860000
 7.050000,-172.260000, 67.540000
 7.450000,-179.060000, 69.700000
 10.020000,-188.800000, 67.430000
 9.540000,-199.380000, 64.140000
 3.830000,-210.180000, 62.370000
-3.870000,-224.470000, 62.930000
-7.190000,-240.110000, 65.850000
-0.840000,-250.130000, 65.400000
 7.240000,-250.130000, 62.000000
 8.480000,-250.130000, 59.480000
 2.310000,-250.130000, 60.670000
-3.420000,-250.130000, 61.040000
-6.750000,-250.130000, 56.750000
-8.370000,-250.130000, 49.740000
-12.070000,-250.130000, 42.180000
-13.610000,-250.130000, 35.710000
-11.530000,-250.130000, 30.790000
-5.850000,-250.130000, 24.140000
 4.330000,-245.940000, 15.300000
 15.940000,-234.680000, 10.430000
 21.070000,-215.670000, 13.450000
 8.800000,-196.020000, 25.920000
-16.830000,-184.060000, 43.040000
-33.670000,-180.570000, 54.840000
-31.940000,-186.110000, 55.850000
-17.480000,-196.560000, 50.590000
-3.000000,-204.380000, 47.780000
 1.600000,-206.320000, 48.320000
-0.180000,-200.950000, 47.420000
-2.910000,-192.840000, 41.230000
-0.720000,-180.950000, 33.000000
 4.000000,-169.980000, 27.990000
 6.670000,-162.490000, 29.240000
 3.450000,-157.560000, 34.180000
-4.370000,-155.580000, 38.350000
-14.610000,-155.060000, 39.940000
-22.580000,-153.260000, 37.810000
-25.900000,-149.220000, 30.610000
-22.930000,-142.800000, 18.240000
-17.080000,-130.250000, 4.440000
-11.610000,-111.610000,-7.510000
-6.700000,-88.030000,-13.790000
-11.320000,-71.220000,-11.410000
-21.530000,-57.490000, 0.960000
-40.550000,-42.910000, 16.650000
-42.850000,-35.450000, 27.470000
-29.010000,-34.590000, 30.440000
-13.510000,-43.620000, 26.930000
 13.230000,-57.470000, 17.690000
 37.260000,-73.040000, 5.020000
 35.360000,-82.350000,-1.930000
 21.970000,-84.900000,-1.640000
 9.980000,-84.190000, 0.800000
 5.120000,-78.680000, 3.800000
 6.480000,-67.890000, 6.300000
 10.020000,-54.580000, 6.010000
 12.740000,-41.280000, 1.970000
 13.350000,-30.580000,-1.100000
 11.280000,-24.220000, 0.220000
 7.540000,-21.620000, 4.450000
 4.710000,-20.910000, 7.210000
 3.730000,-23.800000, 5.670000
 2.920000,-27.980000, 1.540000
 3.630000,-30.700000,-2.490000
 7.280000,-28.720000,-2.910000
 12.340000,-23.960000, 0.450000
 14.950000,-14.920000, 5.620000
 14.510000,-5.360000, 7.660000
 12.610000, 2.000000, 4.920000
 8.340000, 5.380000,-0.330000
 4.910000, 5.410000,-6.340000
 3.630000, 2.160000,-10.720000
 1.690000,-2.260000,-11.790000
 0.110000,-4.940000,-9.640000
 0.610000,-5.550000,-6.460000
 1.970000,-4.250000,-3.170000
 3.160000,-2.580000,-0.740000
 5.310000,-1.390000, 0.280000
 7.530000,-0.390000, 0.110000
 9.210000,-0.700000,-0.110000
 8.960000,-0.150000,-0.290000
 8.480000, 2.390000,-0.700000
 7.660000, 4.670000,-1.400000
 5.700000, 5.900000,-1.870000
 3.490000, 6.660000,-1.900000
 1.970000, 6.740000,-1.960000
 1.540000, 6.220000,-1.620000
 3.740000, 6.000000,-0.670000
 4.950000, 5.630000, 0.500000
 4.190000, 5.150000, 1.080000
 3.670000, 4.870000, 0.490000
 2.840000, 4.760000,-0.290000
 2.140000, 4.470000,-0.840000
-0.040000, 3.960000,-1.070000
-1.580000, 4.160000,-0.510000
-3.020000, 4.560000,-0.090000
-2.730000, 4.730000, 0.300000
-0.910000, 5.330000, 0.710000
 1.900000, 5.350000, 0.410000
 4.280000, 4.090000,-1.590000
 6.860000, 1.740000,-4.160000
 9.700000,-2.980000,-8.030000
 13.800000,-12.170000,-11.250000
 18.790000,-21.910000,-10.980000
 29.250000,-32.830000,-6.620000
 42.230000,-46.440000,-0.910000
 56.090000,-59.830000, 5.120000
 67.510000,-71.640000, 9.980000
 70.320000,-81.030000, 13.120000
 62.850000,-87.000000, 15.380000
 50.560000,-90.190000, 18.110000
 35.480000,-91.670000, 21.800000
 20.530000,-93.480000, 28.300000
 10.650000,-97.620000, 37.610000
 4.290000,-102.720000, 45.170000
 6.350000,-108.650000, 42.780000
 15.700000,-114.690000, 31.030000
 24.860000,-119.250000, 19.750000
 26.610000,-119.010000, 17.110000
 20.480000,-115.090000, 22.800000
 9.640000,-111.000000, 31.350000
 0.270000,-109.060000, 38.510000
-5.690000,-110.090000, 42.120000
-10.860000,-114.010000, 44.940000
-13.060000,-119.400000, 48.840000
-10.940000,-125.740000, 55.540000
-7.160000,-133.090000, 63.510000
-6.480000,-140.540000, 71.120000
-7.750000,-151.550000, 76.880000
-6.380000,-167.430000, 78.090000
 0.130000,-183.270000, 73.950000
 5.500000,-194.520000, 68.290000
 5.930000,-201.680000, 65.470000
 0.880000,-206.180000, 66.060000
-5.140000,-209.320000, 66.680000
-10.510000,-210.620000, 64.260000
-16.320000,-208.760000, 57.780000
-22.710000,-204.290000, 48.530000
-24.300000,-200.820000, 39.730000
-20.860000,-193.120000, 36.640000
-15.760000,-179.140000, 36.920000
-8.920000,-170.190000, 31.300000
-4.610000,-162.960000, 18.120000
-0.670000,-156.700000, 6.950000
-4.380000,-153.650000, 10.250000
-17.730000,-153.700000, 28.880000
-29.740000,-158.660000, 50.110000
-29.190000,-165.480000, 58.920000
-19.140000,-173.350000, 52.900000
-8.740000,-180.000000, 43.830000
-1.220000,-184.130000, 37.590000
 3.800000,-184.870000, 35.010000
 6.850000,-183.300000, 35.930000
 7.770000,-182.880000, 38.170000
 7.360000,-183.700000, 40.180000
 7.600000,-186.000000, 40.810000
 9.280000,-190.450000, 38.680000
 12.220000,-197.470000, 36.760000
 12.910000,-204.440000, 39.320000
 9.750000,-209.200000, 44.280000
 3.990000,-212.720000, 47.780000
-0.680000,-212.940000, 47.090000
-3.090000,-210.450000, 42.710000
-0.030000,-209.170000, 36.320000
 9.450000,-214.490000, 29.830000
 22.380000,-224.190000, 25.380000
 34.120000,-232.090000, 23.350000
 44.930000,-233.480000, 24.570000
 52.610000,-244.930000, 29.320000
 50.770000,-250.130000, 34.100000
 40.390000,-250.130000, 34.440000
 34.370000,-250.130000, 35.040000
 41.090000,-246.870000, 35.660000
 56.060000,-226.790000, 38.010000
 65.680000,-201.310000, 42.040000
 62.690000,-176.470000, 47.530000
 42.340000,-156.830000, 54.240000
 22.560000,-151.980000, 58.730000
 16.840000,-165.610000, 57.010000
 16.940000,-189.600000, 55.700000
 15.500000,-212.840000, 60.410000
 13.000000,-219.150000, 67.750000
 15.550000,-216.510000, 70.840000
 16.700000,-207.630000, 67.920000
 17.610000,-192.350000, 58.630000
 19.830000,-173.560000, 46.990000
 20.960000,-155.430000, 36.940000
 17.500000,-142.090000, 33.830000
 11.450000,-133.070000, 38.180000
 6.240000,-132.190000, 47.830000
-2.870000,-139.800000, 60.000000
-9.770000,-153.150000, 71.030000
-7.020000,-173.290000, 74.580000
 5.390000,-195.500000, 69.000000
 17.030000,-215.000000, 61.710000
 19.670000,-232.220000, 63.100000
 16.610000,-242.320000, 72.430000
 10.060000,-243.510000, 79.190000
 0.480000,-242.760000, 76.390000
-8.750000,-238.770000, 65.510000
-12.720000,-232.020000, 51.040000
-11.160000,-225.230000, 41.240000
-7.130000,-217.200000, 42.270000
-5.700000,-208.120000, 48.780000
-5.590000,-203.630000, 45.670000
-3.970000,-200.800000, 27.020000
 2.030000,-195.320000, 8.950000
 0.780000,-190.640000, 8.250000
-10.980000,-184.520000, 27.610000
-27.490000,-181.380000, 56.290000
-34.350000,-187.820000, 76.070000
-25.130000,-199.450000, 77.340000
-11.830000,-212.030000, 64.860000
-1.190000,-223.130000, 49.140000
 4.920000,-229.700000, 41.960000
 6.410000,-228.180000, 45.540000
 10.070000,-221.460000, 53.270000
 12.000000,-213.050000, 59.610000
 8.280000,-206.350000, 60.450000
 3.920000,-202.570000, 54.930000
-0.660000,-200.490000, 47.250000
-4.530000,-199.940000, 40.380000
-6.360000,-199.280000, 35.800000
-4.930000,-198.090000, 31.710000
-2.650000,-192.670000, 26.030000
 0.120000,-181.870000, 18.480000
 2.690000,-164.480000, 8.610000
 5.400000,-142.410000,-2.970000
 8.830000,-118.040000,-10.840000
 10.180000,-93.280000,-10.880000
 5.100000,-74.970000,-4.130000
-2.540000,-57.060000, 10.360000
-7.490000,-42.450000, 26.440000
 2.210000,-41.580000, 33.950000
 21.700000,-51.620000, 27.700000
 41.390000,-63.930000, 16.730000
 46.800000,-74.000000, 10.980000
 37.740000,-80.670000, 13.670000
 24.030000,-80.990000, 20.540000
 16.160000,-80.250000, 24.800000
 13.160000,-79.060000, 25.490000
 11.780000,-76.770000, 23.910000
 12.880000,-73.930000, 20.780000
 13.900000,-69.770000, 16.670000
 12.480000,-63.440000, 15.010000
 9.740000,-54.530000, 16.060000
 6.410000,-46.630000, 16.870000
 3.960000,-39.580000, 15.200000
 2.770000,-32.450000, 11.380000
 2.090000,-27.770000, 6.900000
 0.590000,-25.250000, 2.320000
-2.070000,-23.020000, 0.120000
-4.000000,-21.870000, 0.520000
-4.270000,-20.810000, 2.800000
-4.520000,-19.380000, 5.350000
-4.380000,-18.580000, 5.770000
-2.530000,-16.730000, 3.650000
 0.380000,-14.800000, 0.160000
 1.730000,-10.320000,-1.090000
-0.630000,-3.490000,-0.880000
-3.470000, 4.860000, 0.540000
-4.140000, 13.080000, 4.070000
-3.390000, 21.320000, 8.750000
-1.860000, 28.510000, 11.570000
-0.500000, 32.350000, 10.010000
-0.660000, 34.000000, 4.020000
-1.310000, 32.710000,-4.980000
-2.140000, 28.840000,-12.970000
-1.940000, 25.370000,-16.160000
-2.030000, 22.850000,-15.420000
-2.590000, 20.970000,-11.810000
-3.090000, 19.480000,-7.450000
-2.970000, 18.910000,-3.120000
-2.190000, 17.670000, 0.830000
-1.650000, 15.570000, 3.900000
-2.750000, 12.350000, 5.690000
-5.480000, 8.670000, 5.380000
-8.450000, 6.380000, 3.370000
-10.290000, 5.000000, 1.680000
-10.040000, 5.160000, 0.580000
-8.370000, 6.870000,-1.030000
-3.950000, 8.760000,-3.320000
 0.170000, 10.610000,-4.710000
 3.850000, 12.400000,-4.320000
 7.080000, 11.290000,-3.780000
 7.170000, 9.000000,-2.950000
 5.020000, 5.380000,-1.050000
 3.040000, 0.000000, 1.310000
 1.650000,-6.620000, 3.530000
 3.530000,-14.780000, 3.830000
 8.120000,-23.990000, 2.290000
 14.710000,-34.860000,-0.770000
 26.040000,-47.460000,-4.610000
 41.000000,-60.970000,-8.240000
 52.280000,-72.900000,-8.460000
 56.700000,-83.020000,-7.270000
 53.660000,-90.010000,-3.850000
 44.010000,-93.220000, 1.020000
 33.670000,-91.730000, 7.830000
 23.770000,-87.600000, 15.760000
 16.290000,-85.040000, 24.190000
 10.400000,-85.530000, 31.350000
 6.000000,-90.060000, 34.980000
 6.160000,-97.440000, 33.410000
 11.800000,-105.460000, 29.030000
 15.550000,-109.300000, 27.630000
 13.800000,-109.500000, 31.040000
 8.430000,-105.620000, 36.110000
 3.810000,-101.800000, 39.830000
 1.800000,-98.510000, 41.440000
 1.530000,-96.920000, 42.520000
 1.380000,-98.320000, 43.220000
 0.740000,-101.160000, 44.900000
 0.190000,-104.270000, 48.290000
-0.230000,-108.920000, 51.900000
-0.220000,-115.640000, 54.210000
 0.610000,-124.450000, 54.810000
 2.320000,-134.350000, 54.350000
 2.750000,-144.840000, 54.180000
-0.220000,-154.060000, 54.850000
-3.900000,-161.000000, 56.750000
-6.260000,-166.610000, 58.200000
-8.290000,-171.950000, 59.090000
-10.710000,-175.870000, 58.230000
-14.270000,-178.800000, 55.720000
-18.720000,-179.910000, 51.700000
-21.660000,-181.710000, 48.510000
-22.460000,-184.550000, 48.000000
-22.830000,-186.960000, 47.910000
-18.770000,-189.620000, 43.170000
-10.800000,-191.430000, 33.200000
-3.160000,-190.220000, 23.290000
 3.190000,-185.530000, 16.970000
 3.060000,-180.740000, 15.090000
-7.820000,-176.770000, 23.410000
-22.740000,-176.320000, 39.710000
-28.190000,-183.660000, 53.650000
-21.160000,-197.800000, 56.900000
-1.620000,-211.130000, 50.490000
 16.290000,-217.810000, 43.180000
 23.480000,-217.710000, 39.900000
 23.900000,-212.820000, 40.930000
 22.000000,-205.030000, 43.390000
 18.450000,-196.040000, 45.290000
 15.700000,-188.450000, 43.890000
 13.410000,-185.540000, 40.210000
 12.600000,-186.000000, 37.270000
 12.810000,-187.540000, 36.540000
 15.290000,-190.580000, 38.320000
 19.880000,-193.380000, 40.980000
 24.100000,-195.020000, 43.150000
 24.350000,-194.460000, 41.660000
 22.170000,-194.870000, 35.840000
 17.260000,-196.060000, 29.950000
 12.010000,-199.350000, 27.920000
 8.500000,-206.320000, 30.280000
 8.610000,-213.090000, 36.690000
 4.410000,-221.620000, 43.540000
-0.630000,-230.370000, 43.940000
-2.450000,-236.560000, 37.580000
 5.140000,-236.180000, 32.830000
 22.320000,-230.270000, 35.420000
 48.160000,-220.690000, 41.930000
 76.740000,-210.710000, 46.000000
 91.930000,-197.670000, 50.340000
 88.670000,-181.320000, 55.050000
 75.200000,-166.780000, 58.260000
 49.720000,-158.970000, 56.030000
 22.350000,-159.540000, 47.640000
-5.320000,-162.870000, 38.190000
-21.580000,-168.220000, 35.400000
-24.600000,-176.150000, 42.120000
-12.800000,-186.110000, 53.540000
 6.040000,-196.540000, 62.700000
 18.000000,-204.040000, 65.920000
 20.740000,-207.240000, 65.600000
 13.770000,-205.700000, 66.500000
 5.300000,-200.740000, 70.540000
 0.410000,-194.290000, 75.810000
 0.620000,-186.600000, 80.410000
 5.440000,-180.380000, 82.000000
 9.310000,-178.070000, 79.350000
 9.910000,-181.090000, 74.040000
 8.910000,-190.110000, 68.730000
 6.450000,-204.970000, 64.690000
 5.560000,-223.410000, 61.650000
 5.010000,-240.110000, 59.250000
 0.740000,-250.130000, 58.350000
-5.130000,-250.130000, 58.700000
-9.140000,-250.130000, 60.900000
-9.900000,-250.130000, 62.880000
-12.580000,-250.130000, 60.220000
-13.900000,-250.130000, 51.640000
-12.830000,-250.130000, 42.400000
-8.110000,-250.100000, 34.600000
-5.430000,-241.760000, 21.740000
-13.510000,-240.380000, 2.380000
-11.390000,-239.390000,-1.400000
-1.570000,-234.240000, 20.510000
 0.860000,-226.450000, 50.020000
 6.030000,-221.890000, 66.830000
 10.270000,-217.740000, 69.190000
 5.530000,-212.550000, 63.550000
-1.030000,-208.580000, 50.640000
-3.770000,-203.480000, 35.880000
-5.500000,-195.360000, 28.360000
-4.460000,-183.400000, 28.560000
-1.210000,-171.410000, 31.450000
 4.370000,-163.620000, 31.960000
 10.580000,-160.290000, 30.430000
 17.480000,-160.460000, 29.410000
 20.620000,-163.730000, 31.660000
 19.400000,-167.650000, 33.740000
 16.480000,-170.920000, 31.150000
 13.840000,-170.010000, 23.140000
 11.610000,-160.540000, 12.900000
 9.930000,-145.560000, 4.620000
 8.370000,-125.930000, 2.200000
 0.320000,-106.030000, 2.670000
-10.800000,-90.870000, 1.600000
-22.760000,-75.320000, 4.750000
-21.230000,-60.450000, 13.940000
-6.380000,-55.090000, 23.760000
 4.670000,-49.640000, 23.520000
 12.110000,-45.770000, 13.170000
 10.090000,-44.470000, 3.080000
 3.000000,-43.160000, 1.860000
-1.210000,-43.380000, 8.190000
-3.370000,-45.580000, 15.900000
-2.040000,-46.730000, 20.960000
 0.340000,-48.270000, 20.420000
 1.120000,-47.470000, 16.050000
-1.770000,-41.810000, 10.480000
-5.070000,-32.470000, 6.930000
-7.390000,-21.540000, 6.740000
-7.870000,-12.060000, 11.170000
-5.770000,-3.800000, 18.370000
 0.280000, 0.590000, 22.390000
 8.130000, 0.180000, 18.890000
 12.450000,-1.950000, 9.320000
 9.180000,-3.590000,-0.230000
-0.500000,-3.530000,-5.450000
-10.340000,-2.010000,-7.120000
-15.800000, 2.930000,-7.120000
-15.860000, 10.910000,-6.760000
-12.470000, 20.300000,-5.940000
-6.600000, 27.830000,-5.930000
-0.320000, 31.100000,-5.960000
 2.320000, 31.050000,-4.940000
 0.090000, 29.290000,-3.050000
-1.320000, 25.510000,-1.480000
-0.590000, 21.320000,-1.290000
 1.610000, 18.010000,-1.120000
 5.460000, 15.810000,-0.890000
 8.870000, 15.480000,-0.450000
 9.580000, 15.160000,-1.060000
 6.670000, 15.820000,-1.750000
 1.740000, 17.720000,-1.970000
-2.450000, 19.360000,-1.860000
-4.200000, 20.690000,-1.610000
-4.560000, 19.450000,-1.410000
-3.480000, 17.450000,-0.500000
-1.680000, 14.240000, 0.160000
-0.780000, 10.190000, 0.770000
-1.410000, 5.700000, 1.580000
-2.670000, 1.740000, 1.760000
-3.970000,-0.330000, 1.550000
-3.990000,-1.380000, 0.990000
-2.510000,-1.090000, 1.670000
-1.960000, 0.350000, 3.520000
-1.520000, 1.860000, 5.230000
-0.160000, 3.470000, 5.930000
 1.260000, 4.050000, 4.610000
 2.670000, 4.060000, 2.440000
 3.510000, 2.640000, 0.860000
 3.290000, 0.420000, 1.610000
 3.500000,-1.920000, 3.220000
 2.810000,-6.620000, 3.450000
 2.380000,-13.520000, 1.720000
 5.050000,-23.270000,-0.370000
 12.590000,-36.000000,-3.390000
 27.820000,-51.100000,-6.730000
 45.610000,-66.630000,-8.370000
 58.040000,-80.580000,-7.930000
 61.290000,-90.700000,-5.370000
 55.510000,-97.160000,-1.630000
 44.650000,-101.740000, 3.290000
 32.730000,-104.380000, 9.890000
 23.790000,-104.460000, 17.540000
 18.030000,-104.600000, 24.820000
 14.260000,-106.360000, 29.830000
 11.590000,-106.870000, 31.850000
 8.310000,-103.830000, 28.770000
 10.890000,-102.440000, 20.470000
 17.890000,-101.240000, 14.380000
 20.190000,-97.390000, 16.890000
 18.220000,-93.540000, 25.220000
 10.100000,-90.730000, 32.890000
-0.690000,-90.740000, 37.450000
-8.430000,-94.320000, 40.870000
-10.360000,-100.060000, 46.290000
-8.740000,-109.240000, 54.710000
-4.570000,-118.820000, 63.810000
 1.330000,-127.320000, 69.950000
 6.290000,-136.400000, 71.730000
 9.880000,-147.520000, 69.370000
 10.760000,-161.150000, 65.430000
 9.220000,-175.180000, 62.910000
 4.960000,-187.670000, 63.770000
-3.570000,-198.000000, 68.010000
-11.640000,-206.270000, 71.030000
-17.320000,-212.010000, 69.120000
-24.190000,-214.840000, 61.480000
-28.960000,-216.600000, 50.860000
-35.570000,-219.090000, 42.190000
-41.640000,-220.610000, 36.480000
-39.810000,-218.920000, 29.640000
-31.860000,-218.710000, 21.850000
-19.140000,-216.430000, 16.670000
-5.820000,-210.320000, 15.670000
 5.030000,-200.870000, 19.510000
 5.670000,-190.640000, 31.100000
-2.290000,-184.000000, 45.300000
-11.030000,-186.180000, 53.570000
-6.610000,-196.130000, 51.990000
 11.030000,-207.560000, 45.350000
 23.070000,-213.740000, 41.990000
 23.200000,-213.810000, 42.790000
 18.450000,-207.820000, 44.420000
 10.380000,-199.580000, 45.300000
 4.200000,-192.990000, 45.220000
 2.000000,-191.060000, 44.670000
 6.640000,-192.460000, 44.990000
 14.080000,-195.780000, 45.480000
 20.450000,-200.200000, 47.430000
 24.810000,-204.540000, 49.060000
 26.350000,-208.290000, 48.640000
 27.430000,-211.930000, 46.090000
 27.480000,-215.410000, 41.010000
 25.090000,-219.900000, 34.470000
 19.150000,-226.110000, 29.290000
 16.350000,-230.480000, 27.000000
 20.290000,-232.030000, 27.510000
 25.410000,-234.220000, 29.440000
 23.600000,-244.430000, 31.860000
 22.880000,-250.130000, 33.070000
 33.190000,-250.130000, 34.730000
 53.630000,-250.130000, 40.220000
 73.960000,-241.850000, 47.260000
 87.880000,-230.030000, 52.590000
 86.280000,-215.980000, 57.350000
 67.610000,-203.870000, 63.250000
 38.190000,-198.840000, 71.340000
 10.570000,-204.200000, 75.210000
 1.950000,-219.970000, 74.900000
-0.330000,-231.710000, 73.770000
 2.290000,-235.290000, 73.430000
 3.260000,-235.230000, 72.090000
-1.180000,-232.060000, 71.410000
-5.870000,-225.120000, 70.950000
-7.220000,-215.890000, 69.190000
-6.550000,-207.320000, 64.610000
-6.220000,-198.940000, 60.760000
-3.130000,-190.090000, 61.500000
 2.380000,-185.070000, 65.320000
 5.570000,-187.790000, 67.080000
 5.350000,-196.140000, 65.460000
 1.890000,-208.740000, 61.190000
-4.310000,-222.090000, 55.540000
-11.130000,-231.870000, 52.560000
-16.260000,-239.760000, 54.930000
-15.930000,-245.760000, 60.220000
-8.260000,-248.020000, 63.320000
 2.750000,-245.980000, 61.350000
 6.320000,-242.270000, 54.260000
 1.540000,-240.640000, 44.550000
-0.890000,-243.680000, 40.050000
-3.680000,-240.100000, 46.220000
-6.900000,-233.040000, 55.560000
-7.060000,-233.830000, 53.370000
-3.110000,-233.610000, 38.900000
 2.950000,-229.270000, 26.770000
 7.730000,-219.460000, 23.900000
 8.300000,-204.390000, 29.590000
 1.730000,-191.450000, 39.020000
-4.050000,-185.190000, 46.190000
-6.400000,-184.860000, 49.350000
-5.030000,-189.060000, 48.380000
 1.240000,-192.410000, 46.510000
 7.370000,-192.490000, 45.820000
 7.800000,-188.770000, 46.230000
 8.510000,-183.800000, 43.870000
 13.150000,-179.820000, 38.940000
 16.720000,-176.150000, 33.130000
 17.230000,-173.010000, 29.960000
 14.640000,-169.150000, 29.590000
 11.130000,-165.760000, 31.740000
 5.960000,-163.470000, 34.310000
 1.060000,-160.870000, 34.280000
-1.020000,-156.840000, 30.080000
-1.300000,-151.950000, 21.310000
 1.060000,-143.810000, 11.010000
 4.410000,-133.690000, 0.660000
 8.190000,-120.030000,-3.710000
 3.740000,-107.840000, 0.820000
-4.320000,-100.120000, 10.480000
-16.280000,-77.540000, 19.940000
-14.600000,-57.610000, 21.000000
-7.180000,-45.440000, 16.970000
 3.930000,-37.150000, 10.830000
 19.480000,-36.020000, 2.700000
 28.480000,-41.610000,-6.380000
 22.380000,-45.950000,-8.670000
 4.410000,-45.070000, 1.500000
-9.090000,-42.670000, 15.690000
-11.320000,-40.530000, 23.600000
-8.270000,-36.100000, 23.410000
-4.120000,-27.690000, 16.150000
-2.990000,-18.160000, 7.550000
-6.500000,-11.410000, 3.310000
-9.790000,-9.580000, 4.910000
-12.620000,-10.940000, 9.360000
-13.540000,-13.130000, 12.590000
-11.400000,-15.620000, 12.020000
-8.800000,-15.520000, 8.630000
-6.060000,-12.830000, 3.390000
-3.240000,-7.660000,-0.730000
-0.910000,-0.380000,-2.800000
-0.880000, 7.550000,-1.840000
-4.160000, 15.420000,-0.190000
-5.800000, 20.930000,-0.030000
-6.480000, 23.640000,-1.820000
-6.650000, 23.000000,-4.320000
-6.160000, 20.580000,-6.000000
-4.490000, 18.580000,-5.220000
-4.070000, 16.960000,-2.370000
-5.190000, 17.610000, 0.150000
-6.910000, 20.500000,-0.100000
-7.470000, 25.380000,-3.030000
-5.620000, 27.860000,-7.070000
-3.030000, 28.980000,-8.940000
-1.170000, 27.640000,-7.570000
-0.260000, 24.480000,-3.640000
 0.450000, 19.980000,-0.720000
 0.420000, 16.060000, 0.380000
 0.350000, 14.820000, 0.600000
-1.250000, 13.550000,-0.850000
-1.270000, 10.900000,-3.610000
 0.870000, 8.140000,-6.610000
 4.470000, 5.220000,-7.740000
 8.340000, 0.430000,-6.630000
 12.040000,-3.740000,-3.480000
 14.790000,-8.840000, 1.890000
 13.980000,-15.840000, 6.920000
 13.150000,-26.780000, 8.860000
 12.720000,-40.270000, 8.920000
 14.770000,-56.250000, 7.060000
 18.460000,-73.100000, 6.580000
 20.680000,-87.740000, 8.200000
 23.380000,-97.770000, 9.450000
 28.830000,-103.960000, 10.040000
 38.300000,-106.720000, 10.490000
 46.250000,-106.310000, 10.030000
 50.150000,-104.350000, 8.330000
 49.800000,-102.640000, 6.290000
 45.840000,-101.040000, 6.540000
 39.160000,-98.020000, 10.220000
 31.250000,-93.570000, 18.300000
 22.610000,-89.690000, 27.550000
 15.530000,-87.130000, 32.740000
 10.520000,-86.170000, 30.830000
 10.320000,-85.510000, 23.910000
 12.680000,-84.590000, 16.540000
 17.620000,-83.780000, 13.260000
 21.480000,-83.010000, 15.030000
 22.090000,-81.120000, 19.510000
 19.670000,-80.140000, 23.060000
 13.930000,-80.380000, 23.840000
 7.720000,-81.340000, 22.830000
 2.030000,-81.670000, 23.160000
-1.270000,-82.320000, 27.080000
-0.990000,-84.440000, 33.240000
 1.430000,-88.910000, 39.070000
 5.280000,-95.720000, 42.250000
 7.810000,-102.770000, 44.230000
 8.150000,-108.700000, 45.360000
 8.960000,-115.190000, 46.330000
 11.060000,-122.300000, 46.740000
 15.590000,-129.640000, 47.690000
 21.250000,-135.090000, 49.900000
 20.640000,-138.640000, 52.780000
 16.320000,-140.870000, 55.350000
 7.770000,-141.380000, 56.580000
-0.320000,-142.420000, 55.530000
-5.620000,-144.130000, 52.430000
-8.800000,-145.030000, 49.270000
-8.260000,-148.710000, 45.250000
-7.100000,-157.840000, 39.810000
-5.220000,-167.700000, 35.100000
-1.970000,-175.260000, 34.510000
 2.620000,-179.880000, 40.330000
 5.750000,-180.750000, 50.700000
 6.930000,-176.050000, 59.140000
 4.700000,-164.390000, 57.330000
 3.540000,-152.170000, 42.300000
 9.890000,-140.080000, 23.160000
 13.830000,-131.410000, 18.010000
 5.160000,-129.280000, 31.840000
-2.380000,-130.510000, 53.470000
-4.820000,-136.350000, 68.520000
-4.380000,-145.290000, 72.420000
 0.910000,-152.230000, 66.980000
 5.030000,-154.760000, 57.360000
 6.090000,-154.730000, 48.270000
 8.700000,-152.300000, 41.730000
 12.830000,-149.320000, 39.930000
 15.120000,-146.830000, 41.420000
 14.810000,-146.030000, 43.770000
 10.860000,-148.000000, 45.410000
 6.710000,-152.320000, 45.590000
 3.030000,-155.970000, 47.050000
-0.410000,-158.370000, 51.570000
-2.250000,-161.360000, 56.740000
-3.220000,-169.220000, 58.220000
-3.160000,-179.840000, 53.830000
 2.420000,-190.200000, 44.780000
 11.800000,-208.550000, 35.120000
 22.510000,-230.570000, 28.430000
 16.590000,-245.450000, 26.260000
 13.550000,-249.390000, 30.280000
 23.510000,-235.740000, 37.550000
 44.470000,-212.480000, 42.440000
 65.550000,-186.100000, 40.570000
 73.300000,-157.170000, 35.050000
 61.030000,-126.410000, 31.900000
 36.220000,-106.120000, 37.860000
 11.560000,-99.210000, 47.540000
-1.740000,-104.380000, 52.250000
-6.890000,-119.190000, 51.380000
-0.970000,-134.110000, 46.960000
 13.070000,-142.940000, 44.830000
 20.700000,-147.470000, 48.360000
 19.850000,-147.670000, 53.780000
 13.240000,-145.250000, 54.880000
 5.960000,-142.480000, 51.910000
 3.320000,-139.670000, 48.990000
 3.170000,-137.950000, 48.530000
 1.630000,-138.350000, 51.570000
-0.090000,-142.820000, 57.180000
 0.270000,-150.770000, 63.150000
 1.830000,-161.010000, 65.710000
 1.300000,-170.380000, 65.670000
-2.250000,-177.340000, 64.170000
-5.090000,-184.360000, 62.710000
-6.120000,-188.300000, 62.130000
-3.870000,-189.990000, 62.850000
-1.790000,-194.160000, 63.540000
-2.080000,-200.120000, 63.570000
-7.330000,-207.310000, 63.190000
-14.910000,-216.810000, 62.510000
-22.480000,-229.410000, 61.670000
-28.230000,-241.810000, 59.640000
-27.080000,-250.130000, 55.240000
-21.930000,-250.130000, 48.640000
-18.320000,-250.130000, 40.640000
-16.900000,-248.670000, 33.900000
-14.180000,-236.390000, 31.340000
-7.130000,-221.920000, 32.290000
 0.790000,-207.840000, 35.040000
 3.230000,-195.120000, 40.540000
-3.350000,-189.020000, 46.340000
-15.900000,-190.700000, 49.180000
-24.590000,-198.790000, 47.870000
-28.450000,-209.120000, 43.480000
-22.810000,-216.160000, 38.700000
-13.110000,-217.780000, 37.690000
-1.930000,-214.810000, 40.960000
 6.510000,-207.850000, 45.180000
 11.750000,-197.340000, 46.460000
 13.480000,-189.250000, 44.890000
 13.070000,-186.050000, 41.810000
 12.620000,-185.900000, 38.570000
 12.150000,-186.090000, 36.670000
 11.170000,-184.930000, 36.590000
 7.860000,-184.240000, 36.580000
 1.960000,-183.870000, 34.560000
-4.250000,-183.800000, 29.840000
-9.030000,-180.130000, 23.740000
-9.630000,-175.030000, 16.380000
-4.780000,-167.870000, 9.290000
 2.200000,-156.900000, 5.760000
 7.700000,-143.600000, 8.640000
 7.160000,-132.690000, 16.380000
-3.380000,-126.400000, 23.750000
-17.030000,-112.780000, 27.960000
-18.320000,-101.510000, 28.000000
-2.070000,-97.980000, 24.130000
 25.640000,-103.500000, 15.930000
 45.800000,-105.380000, 9.170000
 48.190000,-103.610000, 7.800000
 42.610000,-101.250000, 12.570000
 30.290000,-101.100000, 21.200000
 23.670000,-102.000000, 27.710000
 22.230000,-100.110000, 28.640000
 14.370000,-89.350000, 24.900000
-0.400000,-74.060000, 17.220000
-15.830000,-61.650000, 7.010000
-23.610000,-52.380000,-0.970000
-24.830000,-42.860000,-2.960000
-18.440000,-36.370000,-0.990000
-8.510000,-32.800000, 1.830000
-0.800000,-29.150000, 4.260000
 2.880000,-25.710000, 6.030000
 3.830000,-20.660000, 6.290000
 3.230000,-14.420000, 5.050000
 1.640000,-7.340000, 1.380000
-1.900000,-1.520000,-4.220000
-4.790000, 1.510000,-9.440000
-7.450000, 1.180000,-12.160000
-7.900000,-0.410000,-10.790000
-6.230000,-3.510000,-6.140000
-4.210000,-6.080000,-1.800000
-2.420000,-6.540000,-0.820000
-1.230000,-5.030000,-3.380000
-0.990000,-1.900000,-4.900000
-0.960000, 3.570000,-3.230000
-1.540000, 8.970000, 0.670000
-2.760000, 13.030000, 3.670000
-6.520000, 15.000000, 3.020000
-9.240000, 12.610000,-1.460000
-8.540000, 7.980000,-7.620000
-4.180000, 2.070000,-10.940000
-0.660000,-3.280000,-9.870000
 2.270000,-6.280000,-5.910000
 4.350000,-6.840000,-1.280000
 5.460000,-5.260000, 1.520000
 4.280000,-2.270000, 2.110000
 1.940000, 1.090000, 1.630000
-0.520000, 2.960000, 1.090000
-1.870000, 2.670000, 0.900000
-1.560000, 0.230000, 0.000000
 0.400000,-3.000000,-0.560000
 2.130000,-5.250000,-0.400000
 2.510000,-6.340000,-0.740000
 1.510000,-6.860000,-0.760000
 0.410000,-5.930000, 0.910000
 0.040000,-3.960000, 3.060000
 0.880000,-3.900000, 3.700000
 1.260000,-5.160000, 2.920000
 1.420000,-6.970000, 1.410000
 1.280000,-9.770000, 0.250000
 1.920000,-13.690000, 0.000000
 1.780000,-17.100000, 1.350000
 2.770000,-20.780000, 2.920000
 5.580000,-25.610000, 2.010000
 9.640000,-30.280000,-0.560000
 18.290000,-35.800000,-3.600000
 29.800000,-42.850000,-6.250000
 43.880000,-53.220000,-9.120000
 61.880000,-64.820000,-11.460000
 74.960000,-73.980000,-10.460000
 77.030000,-78.610000,-5.000000
 68.320000,-81.310000, 2.480000
 56.390000,-79.960000, 11.140000
 43.870000,-78.190000, 17.660000
 32.580000,-78.260000, 23.650000
 21.640000,-80.000000, 30.960000
 14.570000,-84.530000, 39.210000
 10.310000,-91.190000, 42.240000
 12.250000,-97.920000, 37.150000
 17.480000,-103.360000, 28.810000
 19.620000,-106.670000, 25.570000
 17.200000,-106.670000, 28.660000
 12.190000,-106.380000, 35.490000
 2.950000,-107.210000, 42.180000
-5.370000,-111.130000, 46.290000
-8.800000,-117.690000, 49.690000
-6.510000,-126.480000, 54.320000
 0.040000,-135.770000, 59.870000
 6.620000,-147.260000, 64.080000
 10.250000,-159.230000, 66.740000
 9.610000,-170.330000, 67.530000
 6.990000,-179.420000, 67.450000
 2.240000,-185.520000, 66.830000
-3.770000,-188.140000, 66.700000
-9.510000,-186.270000, 66.660000
-14.640000,-183.310000, 64.480000
-19.560000,-180.390000, 59.870000
-24.020000,-179.210000, 53.570000
-26.810000,-181.180000, 48.040000
-28.900000,-183.650000, 41.350000
-31.270000,-184.880000, 30.620000
-30.480000,-192.560000, 14.290000
-19.360000,-203.540000,-0.830000
 0.080000,-204.470000, 4.670000
 4.740000,-194.820000, 27.770000
-7.250000,-183.200000, 46.570000
-17.050000,-175.580000, 50.740000
-14.840000,-173.170000, 45.300000
-9.880000,-179.280000, 40.740000
 0.050000,-191.120000, 43.130000
 10.120000,-202.980000, 51.690000
 13.640000,-211.380000, 58.460000
 9.630000,-217.560000, 58.740000
 2.540000,-220.740000, 52.060000
-3.160000,-221.650000, 42.490000
-5.690000,-220.260000, 34.360000
-4.640000,-216.820000, 30.420000
 0.150000,-213.190000, 30.960000
 7.190000,-209.100000, 34.320000
 13.590000,-206.370000, 38.200000
 19.160000,-205.760000, 39.120000
 22.540000,-207.720000, 36.560000
 25.030000,-210.820000, 33.160000
 25.250000,-214.990000, 30.690000
 23.350000,-219.320000, 30.120000
 20.200000,-221.910000, 31.840000
 18.320000,-223.650000, 34.090000
 19.870000,-224.620000, 34.690000
 24.930000,-225.360000, 33.700000
 31.290000,-229.020000, 33.170000
 35.900000,-240.740000, 36.030000
 36.830000,-250.130000, 40.320000
 34.960000,-250.130000, 43.560000
 38.600000,-250.130000, 47.100000
 52.660000,-242.510000, 50.770000
 67.950000,-226.010000, 52.300000
 74.840000,-204.750000, 51.510000
 68.370000,-185.930000, 48.620000
 48.620000,-168.780000, 45.550000
 25.750000,-159.780000, 42.610000
 8.870000,-164.060000, 41.040000
-2.670000,-172.700000, 43.070000
-7.380000,-180.270000, 49.100000
-1.650000,-185.160000, 56.250000
 6.700000,-187.390000, 60.070000
 14.060000,-184.640000, 59.340000
 15.900000,-176.510000, 55.830000
 12.660000,-165.350000, 51.640000
 8.890000,-156.020000, 49.440000
 4.690000,-150.010000, 51.540000
 1.770000,-148.020000, 57.930000
 2.610000,-151.970000, 65.380000
 3.670000,-159.410000, 70.780000
 4.770000,-171.830000, 72.610000
 4.990000,-188.480000, 69.490000
 4.930000,-206.140000, 61.370000
 5.490000,-220.030000, 52.600000
 7.320000,-231.200000, 46.000000
 6.250000,-240.610000, 43.610000
 0.420000,-244.920000, 46.020000
-5.810000,-244.460000, 50.080000
-10.370000,-243.290000, 51.300000
-12.870000,-240.000000, 49.870000
-11.800000,-240.020000, 48.910000
-11.410000,-230.060000, 46.170000
-13.220000,-225.160000, 36.540000
-10.830000,-232.420000, 17.270000
-0.870000,-237.050000, 3.210000
 7.880000,-230.900000, 9.910000
-6.090000,-220.110000, 34.380000
-30.710000,-206.830000, 53.420000
-31.820000,-200.020000, 52.470000
-14.720000,-201.100000, 40.870000
 2.960000,-205.730000, 36.720000
 12.600000,-212.620000, 44.280000
 16.600000,-218.370000, 56.000000
 15.140000,-221.170000, 63.410000
 9.600000,-219.790000, 63.690000
 3.740000,-216.930000, 59.410000
 2.900000,-212.780000, 52.160000
 6.380000,-207.600000, 44.780000
 12.470000,-201.090000, 39.350000
 17.660000,-192.820000, 36.960000
 16.840000,-183.910000, 36.190000
 12.510000,-175.180000, 32.030000
 9.070000,-169.100000, 24.270000
 5.440000,-165.970000, 17.310000
 1.360000,-161.450000, 15.830000
-3.480000,-153.110000, 18.270000
-5.590000,-138.690000, 20.060000
-2.070000,-124.790000, 22.320000
 2.030000,-120.060000, 26.250000
-3.650000,-109.130000, 28.620000
-13.730000,-96.560000, 21.470000
-13.700000,-84.250000, 10.990000
-7.130000,-76.300000, 4.870000
 6.250000,-73.320000, 5.600000
 19.560000,-76.560000, 8.480000
 20.300000,-82.810000, 11.860000
 9.610000,-87.190000, 16.870000
-0.190000,-89.490000, 22.320000
-2.060000,-92.120000, 22.910000
 4.780000,-92.160000, 19.140000
 13.290000,-87.620000, 16.930000
 16.870000,-76.190000, 16.240000
 13.930000,-60.970000, 14.060000
 5.380000,-45.780000, 9.230000
-2.400000,-31.700000, 4.370000
-8.770000,-20.250000, 2.490000
-11.960000,-12.510000, 2.110000
-11.560000,-7.940000, 0.190000
-10.840000,-5.660000,-3.000000
-10.380000,-3.310000,-4.950000
-8.520000,-0.960000,-3.220000
-4.220000, 2.840000, 0.910000
 0.850000, 7.440000, 3.820000
 2.380000, 12.110000, 4.870000
 1.350000, 16.800000, 3.580000
-2.100000, 21.260000, 0.430000
-5.200000, 23.940000,-4.670000
-8.020000, 26.400000,-9.780000
-10.850000, 28.560000,-12.220000
-10.820000, 31.360000,-11.450000
-8.970000, 34.130000,-9.340000
-5.900000, 35.040000,-7.190000
-1.780000, 35.500000,-5.840000
 1.620000, 33.340000,-7.040000
 3.240000, 30.230000,-10.960000
 1.730000, 27.240000,-12.440000
-1.370000, 23.780000,-11.000000
-3.800000, 20.570000,-7.030000
-5.730000, 15.770000,-2.350000
-6.410000, 11.250000, 1.680000
-6.870000, 6.580000, 3.090000
-6.720000, 3.740000, 1.870000
-5.640000, 1.180000,-0.110000
-2.940000, 0.400000, 0.350000
-0.820000,-1.250000, 2.460000
 3.670000,-4.640000, 4.770000
 9.060000,-9.580000, 6.080000
 13.820000,-15.350000, 5.900000
 16.790000,-22.460000, 4.150000
 19.100000,-30.020000, 0.760000
 22.680000,-36.940000,-3.610000
 28.190000,-43.250000,-7.000000
 34.450000,-48.800000,-9.070000
 41.580000,-53.740000,-9.660000
 45.480000,-57.360000,-7.740000
 45.540000,-61.430000,-3.080000
 41.540000,-64.620000, 3.670000
 34.410000,-67.460000, 10.980000
 26.350000,-71.610000, 16.650000
 19.230000,-75.970000, 19.630000
 12.580000,-82.040000, 20.350000
 6.970000,-88.210000, 20.220000
 5.580000,-93.420000, 19.780000
 6.790000,-97.540000, 18.870000
 8.560000,-99.240000, 18.550000
 8.320000,-98.530000, 18.930000
 6.020000,-96.590000, 20.530000
 3.960000,-95.030000, 22.920000
 1.580000,-94.210000, 25.190000
 0.060000,-93.850000, 27.540000
-1.200000,-95.220000, 31.780000
-3.030000,-98.530000, 36.510000
-4.420000,-102.390000, 40.910000
-5.680000,-105.910000, 43.220000
-7.900000,-110.030000, 43.830000
-8.290000,-114.260000, 43.500000
-6.960000,-119.440000, 42.670000
-4.450000,-126.180000, 41.660000
-0.740000,-133.530000, 42.440000
 4.190000,-142.870000, 46.480000
 8.930000,-153.300000, 54.350000
 13.610000,-163.870000, 62.460000
 14.960000,-172.450000, 67.330000
 10.700000,-178.430000, 65.360000
 5.380000,-181.090000, 56.140000
-0.390000,-183.160000, 45.090000
-5.050000,-187.250000, 38.110000
-7.360000,-191.190000, 36.380000
-6.060000,-192.620000, 41.190000
-3.960000,-190.920000, 48.220000
 0.020000,-184.000000, 48.800000
 7.870000,-177.270000, 36.770000
 17.140000,-168.600000, 17.040000
 23.090000,-160.210000, 2.830000
 18.910000,-154.350000, 4.900000
 5.290000,-152.900000, 21.270000
-10.170000,-155.070000, 40.670000
-17.680000,-161.120000, 50.830000
-12.880000,-169.430000, 46.190000
 0.320000,-173.560000, 34.730000
 11.080000,-175.030000, 27.530000
 16.430000,-174.630000, 29.300000
 17.120000,-173.800000, 35.040000
 17.180000,-173.300000, 41.220000
 16.300000,-174.740000, 46.640000
 14.000000,-179.640000, 49.740000
 13.020000,-186.440000, 50.440000
 14.020000,-193.950000, 49.030000
 17.390000,-199.380000, 47.550000
 20.050000,-204.250000, 46.880000
 21.770000,-207.160000, 47.120000
 19.850000,-208.540000, 47.880000
 16.750000,-209.040000, 47.590000
 13.390000,-208.310000, 44.350000
 11.250000,-207.920000, 38.060000
 11.440000,-208.610000, 31.870000
 14.560000,-209.450000, 27.750000
 22.770000,-206.640000, 26.800000
 27.770000,-208.160000, 29.010000
 38.410000,-216.070000, 33.930000
 40.870000,-217.730000, 38.800000
 42.740000,-216.920000, 45.800000
 45.290000,-212.510000, 56.930000
 47.370000,-206.650000, 66.100000
 47.910000,-200.210000, 67.400000
 42.800000,-195.030000, 61.790000
 29.060000,-187.760000, 55.700000
 12.220000,-182.380000, 53.160000
 1.580000,-182.210000, 51.710000
-0.150000,-182.800000, 48.820000
 0.450000,-181.850000, 44.310000
 1.570000,-176.320000, 38.770000
 2.440000,-168.900000, 34.320000
 0.700000,-159.830000, 32.930000
-2.000000,-149.490000, 34.500000
-4.480000,-141.820000, 37.530000
-8.450000,-135.820000, 40.700000
-13.540000,-131.780000, 42.160000
-18.200000,-130.670000, 44.030000
-21.490000,-130.120000, 46.550000
-20.080000,-131.510000, 49.730000
-12.110000,-136.870000, 50.030000
-1.810000,-147.250000, 48.030000
 7.080000,-160.870000, 45.640000
 12.320000,-175.820000, 44.290000
 11.470000,-186.250000, 44.790000
 4.250000,-195.190000, 45.970000
-1.410000,-202.090000, 44.870000
-7.480000,-204.160000, 40.940000
-10.100000,-204.160000, 34.930000
-6.750000,-201.570000, 32.700000
-1.350000,-200.040000, 35.170000
 3.810000,-198.430000, 36.170000
 16.930000,-196.880000, 28.700000
 34.090000,-197.380000, 15.320000
 42.390000,-196.450000, 12.210000
 34.030000,-191.330000, 23.230000
 13.560000,-186.700000, 43.120000
-3.000000,-184.900000, 58.180000
-10.540000,-190.000000, 61.220000
-2.780000,-198.090000, 56.780000
 13.930000,-204.400000, 48.580000
 26.030000,-210.550000, 43.060000
 29.750000,-213.390000, 43.080000
 26.370000,-212.980000, 47.760000
 19.480000,-211.000000, 53.240000
 13.870000,-209.420000, 55.580000
 11.570000,-209.580000, 54.280000
 11.250000,-212.470000, 52.030000
 11.210000,-216.280000, 51.070000
 8.830000,-215.560000, 51.470000
 6.750000,-211.560000, 49.220000
 5.440000,-204.860000, 42.230000
 3.580000,-197.380000, 31.400000
 3.240000,-186.670000, 19.640000
 5.130000,-172.410000, 11.420000
 8.220000,-157.460000, 8.800000
 9.450000,-147.180000, 11.930000
 10.090000,-142.650000, 19.830000
 3.480000,-136.980000, 27.970000
-4.800000,-131.350000, 32.670000
-8.250000,-125.440000, 34.480000
-1.520000,-122.300000, 32.640000
 15.450000,-122.130000, 27.950000
 30.790000,-119.030000, 20.820000
 34.830000,-112.430000, 15.150000
 32.000000,-105.880000, 11.510000
 22.610000,-99.850000, 11.750000
 15.010000,-94.970000, 14.910000
 13.410000,-92.840000, 17.190000
 14.980000,-90.180000, 18.210000
 13.710000,-86.190000, 17.480000
 6.290000,-79.450000, 15.890000
