 212.220000,-250.130000, 250.120000
 83.390000,-250.130000, 250.120000
-16.550000,-250.130000, 250.120000
-33.950000,-250.130000, 250.120000
 7.380000,-250.130000, 250.120000
 65.070000,-250.130000, 250.120000
 94.120000,-250.130000, 250.120000
 80.250000,-250.130000, 250.120000
 52.610000,-250.130000, 250.120000
 25.450000,-250.130000, 250.120000
-1.800000,-250.130000, 250.120000
-19.610000,-238.000000, 250.120000
-31.180000,-210.100000, 250.120000
-32.740000,-194.400000, 218.000000
-6.440000,-178.840000, 178.770000
 30.640000,-146.240000, 133.480000
 59.730000,-91.550000, 86.910000
 81.860000,-5.900000, 37.640000
 88.210000, 95.120000,-15.620000
 88.700000, 194.840000,-74.670000
 100.000000, 250.120000,-134.590000
 102.230000, 250.120000,-194.120000
 67.190000, 250.120000,-240.770000
-2.580000, 250.120000,-250.130000
-234.590000,-125.760000,-239.670000
 214.620000,-250.130000,-86.320000
 154.180000, 250.120000,-250.130000
 72.030000, 250.120000,-250.130000
-110.730000, 250.120000,-250.130000
-115.140000, 205.430000,-250.130000
-91.510000, 185.030000,-250.130000
-50.290000, 168.140000,-250.130000
-11.440000, 80.080000,-250.130000
-46.250000, 16.800000,-250.130000
-102.740000, 4.710000,-250.130000
-112.380000, 56.530000,-250.130000
-99.510000, 111.140000,-250.130000
-49.390000, 140.660000,-250.130000
-32.040000, 137.980000,-250.130000
-22.050000, 152.010000,-250.130000
-25.220000, 173.760000,-250.130000
-81.480000, 186.340000,-250.130000
-141.440000, 201.230000,-244.650000
-161.490000, 183.770000,-203.540000
-129.310000, 158.640000,-154.060000
-71.250000, 144.480000,-121.510000
-3.570000, 156.570000,-114.090000
 48.390000, 181.480000,-115.120000
 70.040000, 199.100000,-105.180000
 61.110000, 200.610000,-90.440000
 35.580000, 181.980000,-72.220000
-0.160000, 141.990000,-50.100000
-35.190000, 101.380000,-32.230000
-86.800000, 64.440000,-23.580000
-133.140000, 36.770000,-12.120000
-159.370000, 22.500000, 2.740000
-157.460000, 22.090000, 15.400000
-130.620000, 34.230000, 23.610000
-87.930000, 51.700000, 28.640000
-44.390000, 74.470000, 29.090000
-20.940000, 99.530000, 24.790000
-17.930000, 118.540000, 22.180000
-35.240000, 127.210000, 17.840000
-71.040000, 122.600000, 14.640000
-114.750000, 109.190000, 15.510000
-157.210000, 90.280000, 18.880000
-188.820000, 76.290000, 20.600000
-208.060000, 66.930000, 21.320000
-214.700000, 64.250000, 18.280000
-207.030000, 72.480000, 10.110000
-187.410000, 85.400000,-7.000000
-162.760000, 92.740000,-27.190000
-146.700000, 90.450000,-44.800000
-147.430000, 77.430000,-55.350000
-165.760000, 56.020000,-59.190000
-192.530000, 33.860000,-58.930000
-213.420000, 14.560000,-61.680000
-225.190000, 5.470000,-69.740000
-228.900000, 6.780000,-81.330000
-226.540000, 11.490000,-86.890000
-220.060000, 17.410000,-82.950000
-205.360000, 19.160000,-68.220000
-178.500000, 12.250000,-45.480000
-141.580000,-3.920000,-21.170000
-95.930000,-21.410000, 2.200000
-50.640000,-33.040000, 21.580000
-11.480000,-35.770000, 35.390000
 16.280000,-29.750000, 46.670000
 32.090000,-18.060000, 53.300000
 35.700000,-6.050000, 54.410000
 26.980000, 3.420000, 51.850000
 8.030000, 9.240000, 47.470000
-21.790000, 12.030000, 46.160000
-55.530000, 9.700000, 45.110000
-86.260000, 2.610000, 43.270000
-111.430000,-0.730000, 44.060000
-129.510000,-2.900000, 43.030000
-141.810000,-0.290000, 39.090000
-148.280000, 5.960000, 32.080000
-152.290000, 15.360000, 23.980000
-160.360000, 23.850000, 17.640000
-175.190000, 28.200000, 16.790000
-195.640000, 27.700000, 22.410000
-219.580000, 22.830000, 34.840000
-242.820000, 13.690000, 49.630000
-250.130000, 2.780000, 62.410000
-250.130000,-5.970000, 69.880000
-250.130000,-9.670000, 72.000000
-250.130000,-4.370000, 70.350000
-250.130000, 6.470000, 67.180000
-242.930000, 15.810000, 63.540000
-232.320000, 21.190000, 59.350000
-223.320000, 23.210000, 53.470000
-219.530000, 24.060000, 46.560000
-234.030000, 21.130000, 43.190000
-250.130000, 15.980000, 42.650000
-250.130000, 14.120000, 45.290000
-250.130000, 14.460000, 47.210000
-250.130000, 18.770000, 46.580000
-250.130000, 28.360000, 45.670000
-250.130000, 37.560000, 46.050000
-250.130000, 41.920000, 46.840000
-250.130000, 39.870000, 47.260000
-250.130000, 30.630000, 51.450000
-250.130000, 14.680000, 60.370000
-250.130000, 0.480000, 66.240000
-250.130000,-4.390000, 62.100000
-250.130000,-2.250000, 45.070000
-250.130000,-1.430000, 21.710000
-250.130000,-5.770000, 4.740000
-250.130000,-13.700000, 0.120000
-250.130000,-18.390000, 9.530000
-250.130000,-17.810000, 23.920000
-227.000000,-14.260000, 36.450000
-191.250000,-11.500000, 43.380000
-167.320000,-13.980000, 46.320000
-173.330000,-19.440000, 52.250000
-202.480000,-21.810000, 61.940000
-233.010000,-19.930000, 72.020000
-247.060000,-13.590000, 78.000000
-238.160000,-6.630000, 81.240000
-214.030000,-0.960000, 81.630000
-186.870000, 5.220000, 83.090000
-167.710000, 10.880000, 86.070000
-169.740000, 11.450000, 91.060000
-190.480000, 10.510000, 96.940000
-216.880000, 5.290000, 100.150000
-234.620000, 1.390000, 100.260000
-238.580000, 3.340000, 101.530000
-230.990000, 9.800000, 101.320000
-215.040000, 14.160000, 98.710000
-202.230000, 15.380000, 92.610000
-193.100000, 14.420000, 86.500000
-189.430000, 14.740000, 82.250000
-191.830000, 21.660000, 80.200000
-197.860000, 33.850000, 76.270000
-206.870000, 46.530000, 72.900000
-219.070000, 53.220000, 71.000000
-232.980000, 48.290000, 74.020000
-245.760000, 37.130000, 83.080000
-250.130000, 24.410000, 95.620000
-250.130000, 14.590000, 104.550000
-250.130000, 8.480000, 108.160000
-237.420000, 8.320000, 104.830000
-219.990000, 12.450000, 96.990000
-201.910000, 16.890000, 89.930000
-185.330000, 20.860000, 85.670000
-170.700000, 23.930000, 85.160000
-159.130000, 26.460000, 84.730000
-152.580000, 29.080000, 83.460000
-150.680000, 32.590000, 78.950000
-152.140000, 36.870000, 73.150000
-153.240000, 33.290000, 84.220000
-151.220000, 4.800000, 131.900000
-164.600000,-37.960000, 218.570000
-156.550000,-64.350000, 250.120000
-112.950000,-86.560000, 250.120000
 13.610000,-126.920000, 250.120000
 170.580000,-186.790000, 250.120000
 250.120000,-225.080000, 250.120000
 206.250000,-214.090000, 250.120000
 71.820000,-199.700000, 250.120000
-53.920000,-223.040000, 250.120000
-100.470000,-250.130000, 250.120000
-62.690000,-250.130000, 250.120000
 15.370000,-250.130000, 250.120000
 87.700000,-250.130000, 250.120000
 112.310000,-214.410000, 250.120000
 84.830000,-188.890000, 250.120000
 38.440000,-179.780000, 250.120000
 3.620000,-167.700000, 250.120000
-18.750000,-143.490000, 250.120000
-29.410000,-108.700000, 250.120000
-26.890000,-69.200000, 210.380000
-14.910000,-37.770000, 160.100000
 12.470000,-12.770000, 113.870000
 57.450000, 16.710000, 78.020000
 100.070000, 46.220000, 49.110000
 116.050000, 82.440000, 25.400000
 93.550000, 125.970000, 8.330000
 48.410000, 180.820000,-4.860000
 14.320000, 234.030000,-21.050000
-0.860000, 250.120000,-43.810000
-4.240000, 250.120000,-75.270000
 64.510000, 250.120000,-95.150000
-250.130000,-250.130000,-106.910000
 250.120000,-60.160000,-43.360000
 101.870000, 189.880000,-212.220000
-26.460000, 188.960000,-198.650000
-92.740000, 141.260000,-213.960000
-18.430000, 116.890000,-243.420000
 66.060000, 92.740000,-243.200000
 108.930000, 72.500000,-227.040000
 90.400000, 48.270000,-227.090000
 48.430000, 23.700000,-235.860000
 1.900000,-5.160000,-240.250000
-9.300000,-10.660000,-250.130000
 1.220000, 9.730000,-250.130000
 25.140000, 38.160000,-250.130000
 43.690000, 67.580000,-250.130000
 23.140000, 99.880000,-250.130000
-22.920000, 137.120000,-250.130000
-89.070000, 164.630000,-250.130000
-153.580000, 158.900000,-250.130000
-200.670000, 144.020000,-250.130000
-203.830000, 127.620000,-209.520000
-185.900000, 125.410000,-178.250000
-184.670000, 149.100000,-179.410000
-203.960000, 182.750000,-184.330000
-204.530000, 235.120000,-202.350000
-186.320000, 250.120000,-206.510000
-148.700000, 250.120000,-172.540000
-105.080000, 250.120000,-112.220000
-42.450000, 220.690000,-61.960000
 13.060000, 195.930000,-37.090000
 52.240000, 190.720000,-43.530000
 61.890000, 187.690000,-63.090000
 48.450000, 183.020000,-79.550000
 25.240000, 172.870000,-86.270000
-10.370000, 158.520000,-83.890000
-43.040000, 149.260000,-77.290000
-77.290000, 151.070000,-75.430000
-104.920000, 151.080000,-70.320000
-121.970000, 139.120000,-58.700000
-132.450000, 118.410000,-42.000000
-143.620000, 96.990000,-24.350000
-152.370000, 57.270000,-9.850000
-131.390000, 9.580000,-3.570000
-65.430000,-13.010000, 10.610000
-83.830000,-16.220000, 13.580000
-118.200000,-5.090000, 12.160000
-128.400000,-2.280000, 7.740000
-118.580000,-6.450000, 2.000000
-99.740000,-12.960000,-5.010000
-76.090000,-12.030000,-8.130000
-64.640000,-6.380000,-6.900000
-64.590000,-4.150000,-2.870000
-73.140000,-4.060000, 1.180000
-80.780000,-6.870000, 4.030000
-84.830000,-10.830000, 6.870000
-89.010000,-11.580000, 9.730000
-96.820000,-8.870000, 8.600000
-113.260000,-0.440000, 3.050000
-127.650000, 10.600000, 0.930000
-142.400000, 18.480000, 2.470000
-156.940000, 23.320000, 0.100000
-168.070000, 26.540000,-0.210000
-185.130000, 26.720000,-1.840000
-198.860000, 23.160000,-2.470000
-210.030000, 16.500000,-0.990000
-209.080000, 8.410000, 3.010000
-112.330000, 17.610000, 31.030000
-18.930000, 20.640000, 38.370000
 19.110000, 15.830000, 43.410000
-1.580000, 16.100000, 32.020000
-57.970000, 1.390000, 16.920000
-135.750000,-10.040000, 22.730000
-209.780000,-17.540000, 31.720000
-239.640000,-15.970000, 41.980000
-239.990000,-5.510000, 52.510000
-225.200000, 7.250000, 60.960000
-210.250000, 18.580000, 67.290000
-204.770000, 25.380000, 70.350000
-209.040000, 27.230000, 69.560000
-229.220000, 28.900000, 64.630000
-250.130000, 39.730000, 58.050000
-250.130000, 57.320000, 52.490000
-250.130000, 72.120000, 46.720000
-250.130000, 78.670000, 42.640000
-250.130000, 80.450000, 40.890000
-250.130000, 78.020000, 43.290000
-250.130000, 74.160000, 43.500000
-250.130000, 73.950000, 40.950000
-250.130000, 78.850000, 38.930000
-250.130000, 88.350000, 38.610000
-250.130000, 93.210000, 36.350000
-250.130000, 92.020000, 34.880000
-250.130000, 82.360000, 33.540000
-250.130000, 70.750000, 36.690000
-250.130000, 61.080000, 40.880000
-250.130000, 55.290000, 39.380000
-250.130000, 56.520000, 30.630000
-250.130000, 60.580000, 14.850000
-250.130000, 54.920000,-0.090000
-250.130000, 40.750000,-6.090000
-250.130000, 26.120000,-1.300000
-250.130000, 20.020000, 10.310000
-250.130000, 23.730000, 19.940000
-250.130000, 33.760000, 25.380000
-238.910000, 42.700000, 30.030000
-214.340000, 47.770000, 34.880000
-209.060000, 44.430000, 41.030000
-226.710000, 32.880000, 46.330000
-250.130000, 20.600000, 50.800000
-250.130000, 15.670000, 53.940000
-250.130000, 21.620000, 52.430000
-250.130000, 31.240000, 49.370000
-250.130000, 39.320000, 47.580000
-225.660000, 43.990000, 50.590000
-207.940000, 44.380000, 54.850000
-205.350000, 43.160000, 57.080000
-214.830000, 40.060000, 56.840000
-228.630000, 36.110000, 55.410000
-239.190000, 31.110000, 53.110000
-242.780000, 31.310000, 49.090000
-232.690000, 40.580000, 43.020000
-217.190000, 49.650000, 38.250000
-203.770000, 52.640000, 37.760000
-198.430000, 46.210000, 42.870000
-207.830000, 26.790000, 52.120000
-228.700000, 5.660000, 58.640000
-250.130000,-5.770000, 62.850000
-250.130000,-7.010000, 57.240000
-250.130000, 4.000000, 51.000000
-250.130000, 14.660000, 46.430000
-250.130000, 19.950000, 46.000000
-216.440000, 19.760000, 53.890000
-187.400000, 20.640000, 63.890000
-170.180000, 21.090000, 68.300000
-168.960000, 19.740000, 66.610000
-175.510000, 26.140000, 63.680000
-185.600000, 35.060000, 59.340000
-195.220000, 42.170000, 52.060000
-202.060000, 44.480000, 45.030000
-201.080000, 44.290000, 39.340000
-193.290000, 24.830000, 54.810000
-175.840000,-3.060000, 84.450000
-150.870000,-28.150000, 136.360000
-137.170000,-25.310000, 185.120000
-150.380000,-19.400000, 236.300000
-157.000000,-47.700000, 250.120000
-125.620000,-110.630000, 250.120000
-42.000000,-180.420000, 250.120000
 42.430000,-224.020000, 250.120000
 86.130000,-247.030000, 250.120000
 88.840000,-250.130000, 250.120000
 65.960000,-250.130000, 250.120000
 35.770000,-250.130000, 250.120000
 4.850000,-250.130000, 250.120000
 4.130000,-250.130000, 250.120000
 27.780000,-250.130000, 250.120000
 58.530000,-250.130000, 250.120000
 64.430000,-240.140000, 250.120000
 49.130000,-210.740000, 250.120000
 23.250000,-186.860000, 250.120000
-0.980000,-173.040000, 250.120000
-18.050000,-158.540000, 250.120000
-16.080000,-135.580000, 250.120000
 3.610000,-111.170000, 219.250000
 25.440000,-80.210000, 166.700000
 40.930000,-45.520000, 116.680000
 75.320000, 5.870000, 68.920000
 113.690000, 78.190000, 22.540000
 124.300000, 163.960000,-23.370000
 110.740000, 246.900000,-61.800000
 70.290000, 250.120000,-98.530000
-4.420000, 250.120000,-132.100000
-250.130000, 41.330000,-84.940000
 250.120000,-186.190000, 16.570000
 239.740000, 250.120000,-250.130000
-42.450000, 250.120000,-250.130000
-122.810000, 216.410000,-250.130000
-51.170000, 185.060000,-250.130000
-17.880000, 148.940000,-250.130000
-16.780000, 105.610000,-250.130000
 14.170000, 83.900000,-250.130000
 39.770000, 67.420000,-250.130000
 62.540000, 51.960000,-250.130000
 64.090000, 62.100000,-250.130000
 27.540000, 89.030000,-250.130000
-20.060000, 118.670000,-250.130000
-52.940000, 154.380000,-250.130000
-44.640000, 192.360000,-250.130000
-16.090000, 212.640000,-250.130000
 1.860000, 213.530000,-250.130000
-8.150000, 215.620000,-250.130000
-50.520000, 212.540000,-250.130000
-99.180000, 214.970000,-250.130000
-129.070000, 221.480000,-248.380000
-148.790000, 230.560000,-238.220000
-172.880000, 239.220000,-217.830000
-211.800000, 230.280000,-172.960000
-230.410000, 210.530000,-122.450000
-203.560000, 182.900000,-82.540000
-100.800000, 167.220000,-62.580000
 10.760000, 172.110000,-54.250000
 118.480000, 184.250000,-44.240000
 186.330000, 196.790000,-30.800000
 210.440000, 197.250000,-17.930000
 191.990000, 184.220000,-10.900000
 132.060000, 92.450000,-17.570000
 20.770000,-15.980000,-29.520000
-45.090000,-59.970000,-22.460000
-49.690000,-40.180000,-21.270000
-10.780000, 1.520000,-22.510000
 46.510000, 36.940000,-20.170000
 82.290000, 51.220000,-16.930000
 84.590000, 45.250000,-17.350000
 58.120000, 25.870000,-19.050000
 16.250000, 5.730000,-22.580000
-33.880000,-7.130000,-25.900000
-76.670000,-7.480000,-27.450000
-95.090000,-2.110000,-29.100000
-94.490000,-6.450000,-27.870000
-90.410000,-17.260000,-20.750000
-85.940000,-27.920000,-7.960000
-91.750000,-26.500000, 1.260000
-111.510000,-14.270000, 5.170000
-131.070000, 2.600000, 11.460000
-161.120000, 13.900000, 8.410000
-189.240000, 15.830000,-1.430000
-216.410000, 13.760000,-10.460000
-238.550000, 6.850000,-10.820000
-250.130000,-0.340000,-12.020000
-250.130000,-7.660000,-13.490000
-248.160000,-13.950000,-17.950000
-234.490000,-7.180000,-23.160000
-195.230000, 1.710000,-23.700000
-142.720000, 14.030000,-21.300000
-93.640000, 22.550000,-15.920000
-71.600000, 27.510000,-10.850000
-67.430000, 25.240000, 1.590000
-81.100000, 9.500000, 11.140000
-106.880000,-8.810000, 20.540000
-137.310000,-26.590000, 26.180000
-167.340000,-40.580000, 28.260000
-199.830000,-42.400000, 27.210000
-241.150000,-34.740000, 30.240000
-250.130000,-20.800000, 37.730000
-249.830000,-8.290000, 43.510000
-230.140000, 2.640000, 49.400000
-205.850000, 14.300000, 52.980000
-189.380000, 24.960000, 54.910000
-188.050000, 33.630000, 54.800000
-200.230000, 38.800000, 53.790000
-218.250000, 39.650000, 52.240000
-235.270000, 35.630000, 48.430000
-247.160000, 30.310000, 44.410000
-250.130000, 27.900000, 38.880000
-246.420000, 30.830000, 31.680000
-237.620000, 34.900000, 23.840000
-229.400000, 39.310000, 17.560000
-225.550000, 42.270000, 13.840000
-225.010000, 45.180000, 13.320000
-221.760000, 46.320000, 12.320000
-214.650000, 47.830000, 10.600000
-208.210000, 50.870000, 8.000000
-210.750000, 53.590000, 7.750000
-224.380000, 55.680000, 10.350000
-241.710000, 54.800000, 16.740000
-250.130000, 50.900000, 25.290000
-250.130000, 48.480000, 32.960000
-250.130000, 47.350000, 37.630000
-250.130000, 44.090000, 37.640000
-250.130000, 38.870000, 33.940000
-250.130000, 34.410000, 26.160000
-250.130000, 29.570000, 18.080000
-250.130000, 26.140000, 12.730000
-250.130000, 26.520000, 10.960000
-250.130000, 30.180000, 10.510000
-228.780000, 32.890000, 11.010000
-209.420000, 30.460000, 12.060000
-201.260000, 22.450000, 12.320000
-204.480000, 13.230000, 16.000000
-213.220000, 3.640000, 20.900000
-219.350000,-1.740000, 26.560000
-216.580000,-0.590000, 31.680000
-202.510000, 7.160000, 35.150000
-180.330000, 15.730000, 37.810000
-160.380000, 22.220000, 40.900000
-153.810000, 26.480000, 44.120000
-161.840000, 29.240000, 46.870000
-178.290000, 30.130000, 47.920000
-195.200000, 31.220000, 47.850000
-207.290000, 34.030000, 44.800000
-215.290000, 37.150000, 43.870000
-220.090000, 39.350000, 43.480000
-226.760000, 37.100000, 40.560000
-241.000000, 22.820000, 35.000000
-250.130000, 4.890000, 29.770000
-250.130000, 5.090000, 35.070000
-236.100000, 16.290000, 48.130000
-224.120000, 18.810000, 61.670000
-237.430000, 15.930000, 65.480000
-250.130000, 9.390000, 61.570000
-250.130000, 6.900000, 59.000000
-245.270000, 14.930000, 56.660000
-214.790000, 27.770000, 53.950000
-190.230000, 39.450000, 52.840000
-174.980000, 45.510000, 54.190000
-179.460000, 44.320000, 53.830000
-199.020000, 39.740000, 51.480000
-221.350000, 37.060000, 48.770000
-238.200000, 37.660000, 48.700000
-247.760000, 40.480000, 48.520000
-249.010000, 45.230000, 48.250000
-242.900000, 51.820000, 46.030000
-231.960000, 57.800000, 43.370000
-220.450000, 61.590000, 41.180000
-216.780000, 61.230000, 39.220000
-223.490000, 58.190000, 35.980000
-235.380000, 53.020000, 32.710000
-247.290000, 45.670000, 29.870000
-250.130000, 30.050000, 29.840000
-250.130000, 13.560000, 29.690000
-250.130000, 1.120000, 57.770000
-250.130000,-14.860000, 130.120000
-250.130000,-56.450000, 220.630000
-250.130000,-92.950000, 250.120000
-250.130000,-138.780000, 250.120000
-151.410000,-181.180000, 250.120000
-40.910000,-204.350000, 250.120000
 63.590000,-221.780000, 250.120000
 130.180000,-235.510000, 250.120000
 145.760000,-244.770000, 250.120000
 136.680000,-250.130000, 250.120000
 107.190000,-250.130000, 250.120000
 96.930000,-250.130000, 250.120000
 91.080000,-250.130000, 250.120000
 92.280000,-250.130000, 250.120000
 88.670000,-243.930000, 250.120000
 76.450000,-241.380000, 250.120000
 79.580000,-235.470000, 250.120000
 96.060000,-217.160000, 250.120000
 95.800000,-191.260000, 250.120000
 71.610000,-160.320000, 250.120000
 39.400000,-142.410000, 250.120000
 23.840000,-129.600000, 239.310000
 24.170000,-116.760000, 216.090000
 31.640000,-93.420000, 188.120000
 44.840000,-62.410000, 153.200000
 54.220000,-19.520000, 113.620000
 47.200000, 37.440000, 63.910000
 26.480000, 114.500000, 14.480000
 31.200000, 225.900000,-29.450000
 36.410000, 250.120000,-63.650000
 14.480000, 250.120000,-94.250000
-25.450000, 250.120000,-121.330000
-22.350000,-250.130000, 70.040000
 250.120000, 149.430000,-161.060000
 50.960000, 250.120000,-231.840000
-147.330000, 172.580000,-250.130000
-112.130000, 174.320000,-245.710000
-89.090000, 122.510000,-202.240000
-102.320000, 92.750000,-149.670000
-100.740000, 72.510000,-133.090000
-75.090000, 57.820000,-138.700000
-31.800000, 40.300000,-145.380000
 27.020000, 32.800000,-154.000000
 81.740000, 27.320000,-162.670000
 112.750000, 34.120000,-183.410000
 107.670000, 49.140000,-205.520000
 66.350000, 68.890000,-228.950000
 12.690000, 94.560000,-250.130000
-36.400000, 131.500000,-250.130000
-66.060000, 166.500000,-250.130000
-64.290000, 198.940000,-250.130000
-39.740000, 234.150000,-250.130000
 0.160000, 250.120000,-250.130000
 10.810000, 250.120000,-250.130000
-30.840000, 240.530000,-250.130000
-105.850000, 216.960000,-250.130000
-168.580000, 202.890000,-250.130000
-180.400000, 196.620000,-227.300000
-145.130000, 195.420000,-190.940000
-77.770000, 206.390000,-165.050000
-25.900000, 239.330000,-167.710000
-31.740000, 250.120000,-187.210000
-73.870000, 250.120000,-189.880000
-114.900000, 250.120000,-181.530000
-134.500000, 250.120000,-165.840000
-117.690000, 187.370000,-138.910000
-102.340000, 148.030000,-117.200000
-53.950000, 127.710000,-98.930000
-2.830000, 131.140000,-82.550000
 32.950000, 137.640000,-60.050000
 57.540000, 131.400000,-37.920000
 84.430000, 92.830000,-24.320000
 178.890000, 37.350000,-4.590000
 210.570000,-1.830000, 14.040000
 143.740000,-33.850000, 27.290000
 76.810000,-52.960000, 16.990000
 58.000000,-39.660000,-5.480000
 65.680000,-10.390000,-28.350000
 78.830000, 15.410000,-44.510000
 72.650000, 27.670000,-40.960000
 38.510000, 23.880000,-26.140000
-16.840000, 7.580000,-14.270000
-75.410000,-7.480000,-11.580000
-126.490000,-15.190000,-14.530000
-164.710000,-13.340000,-17.680000
-189.840000,-6.970000,-13.710000
-201.580000,-2.830000,-7.410000
-199.840000,-2.520000, 1.090000
-187.790000,-4.810000, 10.080000
-173.530000,-6.610000, 17.700000
-161.750000,-3.060000, 24.810000
-158.380000, 3.780000, 28.180000
-165.120000, 9.610000, 29.350000
-178.290000, 10.380000, 30.310000
-192.210000, 14.230000, 32.050000
-197.130000, 0.560000, 43.270000
-200.360000,-16.550000, 51.060000
-181.980000,-28.670000, 69.060000
-173.640000,-26.370000, 78.450000
-166.140000,-18.000000, 79.180000
-166.030000, 6.000000, 68.190000
-179.320000, 21.270000, 54.670000
-191.420000, 33.380000, 44.740000
-196.600000, 50.220000, 44.300000
-203.940000, 66.550000, 49.820000
-216.440000, 74.340000, 46.950000
-238.800000, 78.180000, 39.030000
-250.130000, 77.380000, 29.870000
-250.130000, 75.950000, 21.670000
-250.130000, 79.040000, 15.640000
-240.140000, 84.220000, 12.010000
-239.780000, 85.730000, 7.690000
-243.700000, 84.670000, 4.450000
-247.780000, 84.290000, 3.550000
-250.130000, 82.300000, 4.060000
-250.130000, 79.990000, 2.110000
-250.130000, 81.250000, 0.900000
-250.130000, 81.220000,-2.780000
-250.130000, 82.180000,-9.190000
-250.130000, 76.120000,-16.320000
-250.130000, 64.070000,-15.440000
-250.130000, 46.750000,-18.440000
-250.130000, 54.190000,-29.740000
-250.130000, 76.160000,-37.410000
-222.060000, 74.030000,-43.530000
-229.380000, 89.740000,-20.680000
-234.620000, 87.870000,-13.830000
-233.620000, 81.620000,-18.190000
-244.650000, 79.850000,-25.380000
-250.130000, 71.340000,-23.380000
-250.130000, 54.020000,-18.030000
-250.130000, 38.930000,-13.090000
-250.130000, 29.580000,-6.770000
-225.280000, 24.740000, 2.000000
-204.390000, 22.850000, 5.900000
-192.850000, 24.060000, 3.190000
-187.130000, 18.180000, 0.060000
-186.170000, 10.070000,-1.610000
-184.480000, 2.820000,-3.070000
-175.840000, 1.600000,-1.470000
-168.280000, 5.620000, 0.320000
-163.290000, 7.580000, 0.760000
-159.900000, 6.510000,-0.960000
-157.140000,-1.490000,-2.380000
-161.520000,-8.780000,-0.090000
-167.610000,-10.500000, 6.260000
-167.380000,-9.500000, 11.070000
-167.750000,-5.750000, 15.700000
-174.730000,-2.450000, 21.960000
-179.560000, 1.560000, 27.480000
-177.980000, 5.340000, 32.860000
-183.200000, 3.440000, 38.090000
-205.800000,-4.630000, 43.740000
-233.290000,-11.030000, 47.060000
-250.130000,-11.940000, 50.920000
-250.130000,-13.200000, 57.630000
-250.130000,-13.360000, 64.770000
-250.130000,-8.160000, 68.880000
-250.130000,-4.250000, 65.720000
-250.130000,-6.480000, 57.370000
-250.130000,-21.020000, 47.220000
-250.130000,-24.580000, 48.770000
-250.130000,-21.290000, 59.400000
-250.130000,-8.730000, 77.900000
-250.130000, 3.400000, 97.780000
-247.960000, 9.010000, 106.570000
-237.250000, 11.970000, 104.740000
-219.310000, 16.620000, 96.230000
-200.810000, 28.510000, 89.950000
-186.040000, 41.290000, 88.540000
-176.740000, 48.800000, 87.740000
-166.900000, 52.600000, 83.380000
-157.820000, 55.470000, 77.820000
-152.860000, 56.030000, 75.610000
-152.610000, 61.170000, 76.130000
-161.160000, 69.030000, 70.940000
-179.090000, 73.900000, 65.190000
-199.800000, 74.550000, 60.580000
-204.920000, 66.220000, 67.450000
-188.380000, 43.540000, 100.490000
-159.260000, 24.540000, 140.250000
-163.640000, 18.100000, 177.040000
-194.170000, 25.780000, 209.900000
-233.320000, 10.310000, 232.450000
-250.130000,-65.660000, 250.120000
-241.860000,-144.400000, 250.120000
-174.760000,-192.380000, 250.120000
-82.230000,-207.770000, 250.120000
 17.200000,-219.610000, 250.120000
 88.440000,-245.740000, 250.120000
 126.350000,-250.130000, 250.120000
 120.740000,-250.130000, 250.120000
 112.940000,-250.130000, 250.120000
 136.620000,-250.130000, 250.120000
 158.930000,-250.130000, 250.120000
 165.110000,-246.400000, 250.120000
 153.910000,-225.960000, 250.120000
 116.580000,-201.580000, 250.120000
 72.740000,-181.670000, 250.120000
 43.490000,-165.300000, 250.120000
 30.830000,-150.200000, 250.120000
 24.680000,-139.220000, 250.120000
 19.760000,-134.060000, 250.120000
 15.860000,-128.440000, 230.760000
 24.480000,-100.060000, 187.180000
 30.090000,-71.870000, 154.680000
 41.270000,-30.550000, 112.440000
 61.800000, 55.450000, 66.270000
 85.700000, 186.430000, 12.740000
 78.310000, 250.120000,-34.870000
 55.700000, 250.120000,-79.050000
 81.680000, 250.120000,-103.240000
 250.120000,-189.800000, 81.640000
 250.120000, 212.510000,-226.980000
-53.470000, 237.250000,-250.130000
-129.140000, 169.510000,-250.130000
-99.520000, 125.390000,-205.100000
-187.020000, 95.430000,-170.740000
-221.860000, 100.110000,-158.980000
-150.000000, 119.940000,-151.740000
-88.720000, 137.290000,-155.030000
-93.160000, 136.840000,-162.510000
-100.540000, 121.820000,-155.510000
-85.750000, 99.870000,-141.870000
-56.320000, 79.890000,-138.450000
-15.570000, 72.380000,-146.530000
 25.350000, 78.410000,-175.170000
 66.930000, 89.740000,-203.420000
 82.460000, 99.540000,-232.120000
 70.750000, 122.720000,-250.130000
 44.150000, 138.970000,-250.130000
 7.570000, 149.130000,-250.130000
-23.050000, 168.060000,-250.130000
-41.610000, 189.900000,-250.130000
-40.680000, 189.490000,-250.130000
-25.550000, 190.240000,-250.130000
-1.510000, 191.900000,-250.130000
 18.550000, 186.890000,-244.030000
 31.000000, 185.640000,-237.510000
 24.340000, 191.430000,-235.830000
-9.370000, 202.740000,-240.910000
-59.380000, 214.470000,-243.750000
-108.080000, 217.570000,-223.820000
-131.740000, 215.580000,-189.600000
-129.690000, 199.320000,-154.500000
-108.780000, 177.930000,-124.820000
-76.090000, 167.600000,-111.590000
-53.170000, 168.770000,-114.640000
-49.000000, 171.120000,-113.270000
-57.160000, 168.090000,-98.350000
-68.570000, 158.640000,-72.480000
-80.730000, 140.750000,-39.970000
-87.250000, 123.460000,-13.520000
 11.670000, 100.450000,-1.200000
 210.290000, 91.070000, 12.520000
 231.480000, 53.530000, 12.080000
 118.960000, 29.190000, 13.070000
-3.210000, 6.090000, 1.410000
-68.120000,-12.930000,-9.900000
-59.880000,-11.810000,-12.540000
-40.220000,-3.210000,-10.520000
-43.590000, 0.120000,-6.580000
-64.340000,-0.140000,-7.270000
-91.470000,-3.740000,-8.930000
-119.070000,-8.240000,-7.240000
-136.240000,-12.920000,-0.960000
-147.120000,-16.540000, 6.030000
-147.430000,-17.510000, 8.580000
-143.310000,-12.230000, 9.770000
-141.310000,-6.180000, 11.750000
-143.640000, 0.870000, 14.340000
-146.700000, 5.580000, 20.090000
-150.830000, 6.060000, 26.290000
-157.250000, 0.480000, 29.230000
-166.190000,-7.690000, 29.670000
-178.350000,-10.770000, 29.640000
-186.850000,-7.160000, 30.490000
-190.000000,-3.760000, 27.640000
-193.750000,-4.580000, 23.740000
-202.070000,-15.100000, 25.530000
-214.730000,-30.900000, 31.090000
-223.850000,-41.770000, 41.700000
-230.670000,-53.340000, 53.290000
-234.250000,-77.650000, 69.610000
-231.700000,-69.050000, 81.040000
-207.570000,-24.950000, 73.250000
-194.770000, 17.550000, 58.690000
-197.400000, 45.510000, 46.030000
-203.090000, 54.150000, 42.590000
-205.910000, 49.090000, 44.580000
-203.830000, 40.560000, 49.590000
-203.310000, 39.030000, 53.920000
-206.850000, 46.300000, 51.870000
-214.190000, 55.700000, 47.550000
-222.320000, 58.960000, 44.870000
-224.580000, 55.530000, 44.230000
-224.700000, 51.380000, 47.650000
-219.090000, 46.160000, 50.910000
-209.480000, 43.610000, 53.960000
-196.500000, 43.960000, 54.620000
-185.180000, 51.260000, 54.820000
-183.780000, 56.540000, 51.920000
-185.260000, 62.370000, 48.000000
-191.620000, 67.340000, 44.910000
-200.030000, 71.220000, 42.830000
-208.320000, 77.050000, 42.440000
-217.680000, 81.610000, 45.270000
-221.850000, 86.290000, 51.400000
-223.930000, 93.290000, 58.140000
-230.900000, 103.350000, 61.650000
-243.700000, 106.670000, 58.480000
-250.130000, 108.740000, 41.960000
-250.130000, 98.690000, 24.830000
-250.130000, 98.410000,-2.640000
-250.130000, 90.310000, 25.080000
-250.130000, 88.350000, 39.710000
-241.790000, 89.830000, 52.460000
-197.660000, 91.140000, 50.670000
-180.120000, 91.700000, 36.380000
-193.790000, 89.990000, 24.350000
-226.620000, 81.350000, 20.120000
-250.130000, 68.410000, 21.030000
-250.130000, 53.880000, 28.000000
-250.130000, 41.520000, 36.410000
-239.870000, 36.120000, 41.180000
-208.090000, 37.660000, 43.030000
-179.540000, 43.470000, 41.410000
-161.940000, 50.760000, 40.900000
-158.410000, 56.250000, 40.480000
-163.860000, 56.990000, 39.120000
-169.900000, 54.090000, 36.030000
-175.150000, 51.160000, 34.120000
-177.290000, 50.650000, 32.900000
-179.670000, 52.000000, 29.770000
-180.260000, 55.480000, 26.990000
-180.210000, 60.380000, 24.800000
-180.470000, 66.060000, 24.770000
-191.480000, 65.060000, 25.110000
-206.890000, 60.050000, 30.740000
-214.280000, 58.220000, 37.830000
-210.160000, 60.130000, 41.310000
-203.490000, 62.770000, 38.250000
-199.740000, 63.390000, 30.580000
-208.510000, 59.320000, 23.370000
-248.190000, 39.250000, 21.580000
-250.130000, 17.970000, 31.310000
-250.130000, 11.990000, 42.330000
-250.130000, 14.500000, 46.440000
-249.030000, 15.160000, 47.520000
-239.110000, 9.160000, 55.820000
-246.670000,-4.210000, 72.430000
-250.130000,-16.390000, 87.200000
-244.800000,-15.620000, 96.830000
-214.600000, 3.710000, 99.290000
-183.860000, 31.380000, 92.650000
-170.120000, 49.040000, 81.960000
-177.510000, 50.080000, 74.620000
-186.420000, 44.360000, 69.980000
-182.620000, 40.870000, 68.230000
-164.350000, 41.880000, 66.400000
-145.860000, 44.830000, 63.760000
-129.410000, 48.010000, 65.360000
-121.210000, 53.840000, 61.700000
-117.070000, 64.570000, 53.180000
-118.090000, 72.050000, 38.910000
-114.170000, 69.350000, 23.530000
-109.970000, 55.120000, 12.210000
-123.810000, 5.840000, 24.800000
-155.660000,-59.480000, 63.010000
-190.160000,-92.440000, 107.190000
-221.730000,-102.800000, 167.430000
-237.670000,-84.470000, 221.500000
-219.040000,-85.480000, 250.120000
-163.900000,-101.010000, 250.120000
-79.600000,-162.800000, 250.120000
-9.500000,-232.960000, 250.120000
 51.580000,-250.130000, 250.120000
 114.370000,-250.130000, 250.120000
 144.740000,-250.130000, 250.120000
 148.650000,-250.130000, 250.120000
 158.780000,-250.130000, 250.120000
 180.630000,-245.300000, 250.120000
 193.190000,-224.610000, 250.120000
 180.800000,-196.280000, 250.120000
 141.540000,-162.750000, 250.120000
 90.190000,-129.260000, 250.120000
 58.790000,-118.500000, 250.120000
 43.790000,-118.670000, 250.120000
 37.150000,-118.250000, 250.120000
 38.480000,-113.330000, 250.120000
 46.640000,-100.180000, 227.280000
 57.820000,-82.680000, 180.720000
 70.710000,-72.460000, 142.550000
 85.860000,-64.050000, 103.610000
 94.120000,-42.980000, 64.930000
 74.850000, 9.360000, 22.290000
 34.420000, 100.780000,-24.800000
-12.420000, 212.670000,-73.380000
-41.810000, 250.120000,-111.920000
-50.940000, 250.120000,-141.100000
-250.130000,-250.130000,-70.810000
 250.120000,-8.960000,-186.060000
-27.670000, 217.750000,-250.130000
-155.870000, 156.380000,-237.000000
-40.930000, 118.090000,-209.870000
-65.920000, 78.410000,-162.560000
-75.020000, 88.830000,-120.070000
-26.220000, 81.930000,-112.330000
-16.750000, 63.500000,-105.930000
-12.310000, 42.450000,-86.580000
 5.270000, 19.260000,-70.670000
 14.220000, 2.270000,-59.870000
 5.600000,-5.620000,-52.700000
-7.050000,-7.290000,-49.910000
-20.120000,-4.770000,-51.680000
-30.300000, 0.080000,-55.290000
-43.140000, 3.510000,-61.530000
-52.830000, 7.380000,-72.700000
-60.590000, 6.840000,-90.810000
-62.770000, 17.800000,-116.550000
-55.500000, 30.320000,-139.760000
-39.240000, 45.010000,-167.430000
-24.290000, 71.100000,-202.940000
-9.730000, 110.610000,-239.510000
 5.590000, 160.750000,-250.130000
 14.910000, 209.960000,-250.130000
 9.600000, 242.730000,-250.130000
-24.540000, 250.120000,-250.130000
-56.890000, 250.120000,-250.130000
-67.490000, 250.120000,-250.130000
-71.260000, 250.120000,-250.130000
-101.240000, 250.120000,-250.130000
-139.210000, 250.120000,-250.130000
-169.280000, 250.120000,-250.130000
-184.280000, 250.120000,-250.130000
-197.690000, 250.120000,-246.030000
-211.220000, 250.120000,-221.710000
-211.970000, 250.120000,-189.010000
-198.640000, 225.200000,-151.050000
-179.030000, 195.290000,-114.720000
-156.640000, 164.830000,-86.700000
-124.790000, 143.120000,-71.670000
-91.300000, 132.650000,-66.100000
-63.090000, 125.820000,-52.310000
 13.200000, 105.520000,-45.340000
 224.270000, 91.160000,-15.240000
 250.120000, 84.250000, 16.700000
 250.120000, 66.000000, 43.940000
 250.120000, 31.000000, 64.190000
 200.800000,-28.860000, 49.160000
 57.090000,-73.120000, 23.030000
-38.000000,-96.340000, 9.150000
-74.920000,-92.090000, 3.580000
-74.250000,-80.830000,-2.240000
-62.160000,-69.800000,-1.670000
-57.010000,-55.350000, 6.250000
-59.380000,-45.060000, 17.290000
-68.450000,-36.380000, 24.510000
-78.320000,-27.950000, 24.640000
-92.520000,-23.230000, 22.480000
-110.600000,-22.290000, 21.320000
-130.520000,-23.540000, 20.910000
-148.740000,-25.250000, 21.380000
-162.380000,-27.300000, 20.010000
-173.310000,-24.120000, 13.840000
-178.350000,-20.590000, 5.230000
-178.410000,-18.840000,-5.100000
-175.900000,-19.300000,-11.590000
-171.920000,-22.920000,-15.640000
-167.420000,-24.450000,-12.380000
-163.140000,-25.190000,-7.230000
-158.570000,-26.140000,-2.350000
-155.960000,-30.160000, 1.050000
-150.090000,-32.900000, 7.090000
-146.320000,-32.920000, 15.030000
-144.490000,-30.250000, 22.550000
-146.480000,-23.400000, 30.450000
-152.060000,-14.670000, 38.160000
-160.440000,-9.250000, 45.180000
-168.670000,-9.900000, 50.300000
-176.900000,-16.140000, 54.710000
-181.320000,-25.380000, 59.030000
-177.630000,-31.360000, 64.240000
-168.280000,-29.560000, 70.410000
-160.090000,-21.060000, 79.120000
-153.960000,-9.590000, 84.930000
-153.640000, 1.720000, 86.550000
-161.390000, 9.670000, 83.640000
-178.410000, 15.220000, 80.000000
-201.250000, 20.450000, 80.910000
-221.040000, 25.010000, 87.510000
-232.650000, 28.800000, 93.580000
-233.640000, 35.580000, 93.140000
-226.350000, 45.460000, 89.260000
-224.740000, 50.730000, 83.370000
-240.960000, 51.980000, 80.480000
-250.130000, 55.630000, 81.300000
-250.130000, 66.650000, 83.870000
-250.130000, 76.930000, 83.160000
-250.130000, 81.970000, 77.650000
-250.130000, 86.950000, 69.550000
-250.130000, 88.730000, 60.460000
-250.130000, 86.720000, 55.330000
-250.130000, 73.320000, 57.420000
-250.130000, 58.590000, 66.780000
-250.130000, 44.960000, 75.960000
-250.130000, 35.160000, 79.320000
-250.130000, 29.030000, 74.290000
-244.580000, 28.830000, 68.300000
-235.900000, 31.470000, 64.120000
-237.580000, 32.590000, 62.270000
-242.270000, 31.250000, 63.030000
-241.280000, 27.670000, 64.530000
-228.750000, 22.940000, 65.800000
-205.160000, 23.950000, 69.150000
-180.580000, 29.750000, 73.340000
-163.310000, 37.450000, 77.600000
-158.230000, 39.470000, 77.350000
-163.900000, 39.740000, 74.990000
-177.860000, 42.460000, 72.590000
-193.850000, 48.000000, 70.430000
-203.700000, 53.740000, 69.130000
-201.360000, 58.540000, 68.060000
-195.480000, 60.710000, 66.980000
-187.570000, 63.910000, 63.000000
-176.610000, 71.790000, 54.650000
-174.410000, 84.660000, 44.180000
-183.330000, 94.640000, 37.870000
-199.030000, 97.160000, 38.000000
-212.000000, 94.120000, 42.000000
-219.990000, 89.800000, 46.490000
-221.540000, 88.430000, 48.200000
-221.070000, 91.570000, 45.980000
-223.120000, 92.580000, 40.050000
-224.340000, 79.650000, 33.410000
-195.860000, 52.950000, 53.290000
-200.690000, 24.960000, 69.120000
-193.160000, 22.150000, 71.600000
-175.340000, 28.270000, 81.100000
-143.640000, 10.710000, 100.920000
-148.190000,-10.910000, 105.840000
-152.390000,-6.950000, 108.590000
-174.700000, 15.910000, 103.960000
-211.510000, 38.660000, 91.530000
-234.000000, 53.670000, 84.410000
-245.290000, 64.450000, 82.370000
-244.960000, 64.640000, 78.870000
-239.900000, 59.390000, 76.220000
-236.590000, 55.220000, 74.460000
-237.830000, 54.350000, 78.320000
-237.440000, 60.960000, 86.800000
-244.990000, 57.110000, 104.560000
-246.800000, 53.080000, 123.750000
-208.810000, 50.300000, 148.960000
-185.510000, 33.540000, 172.150000
-156.130000, 27.440000, 215.760000
-152.890000, 26.120000, 250.120000
-182.140000, 18.900000, 250.120000
-211.140000, 3.920000, 250.120000
-212.580000,-31.470000, 250.120000
-190.700000,-91.940000, 250.120000
-138.770000,-141.670000, 250.120000
-99.580000,-188.790000, 250.120000
-53.970000,-234.900000, 250.120000
-3.120000,-250.130000, 250.120000
 37.360000,-250.130000, 250.120000
 89.270000,-250.130000, 250.120000
 148.960000,-250.130000, 250.120000
 202.280000,-250.130000, 250.120000
 224.320000,-250.130000, 250.120000
 208.320000,-248.850000, 250.120000
 166.580000,-227.480000, 250.120000
 120.770000,-205.840000, 250.120000
 66.890000,-190.500000, 250.120000
 26.230000,-177.960000, 250.120000
-1.970000,-166.050000, 250.120000
-16.020000,-158.190000, 250.120000
-17.350000,-139.390000, 217.000000
-2.720000,-114.520000, 165.550000
 25.140000,-80.030000, 107.080000
 70.070000,-41.390000, 56.230000
 101.840000,-3.620000, 10.040000
 106.480000, 40.030000,-30.020000
 93.220000, 94.670000,-63.330000
 61.150000, 161.750000,-99.130000
 22.190000, 235.230000,-133.310000
-9.350000, 250.120000,-168.670000
-36.720000, 250.120000,-200.290000
-55.090000, 250.120000,-234.090000
-250.130000,-250.130000,-99.820000
 250.120000, 48.850000,-250.130000
 156.670000, 250.120000,-250.130000
-70.510000, 190.140000,-250.130000
-106.930000, 157.700000,-250.130000
-96.290000, 83.010000,-236.890000
-111.990000, 91.290000,-193.310000
-109.620000, 116.510000,-156.750000
-75.220000, 107.350000,-124.480000
-47.250000, 85.740000,-96.400000
-24.400000, 54.770000,-81.770000
 25.400000, 32.830000,-78.580000
 66.020000, 12.070000,-82.690000
 73.100000,-1.010000,-91.830000
 59.050000, 0.190000,-101.560000
 39.180000, 11.250000,-111.270000
 20.000000, 25.140000,-121.800000
-4.140000, 38.420000,-133.510000
-34.580000, 48.680000,-145.250000
-64.610000, 60.700000,-157.930000
-89.040000, 79.220000,-175.350000
-94.350000, 105.970000,-202.590000
-75.640000, 140.390000,-231.260000
-51.910000, 169.090000,-250.130000
-25.930000, 169.930000,-250.130000
-13.290000, 177.270000,-250.130000
-15.160000, 198.340000,-250.130000
-48.830000, 216.690000,-250.130000
-102.700000, 227.980000,-250.130000
-162.140000, 232.680000,-250.130000
-197.970000, 241.780000,-244.930000
-212.340000, 247.770000,-206.230000
-201.370000, 250.120000,-175.990000
-166.680000, 250.120000,-163.320000
-109.540000, 248.770000,-151.790000
-67.060000, 243.930000,-137.260000
-41.380000, 244.190000,-127.000000
-30.480000, 239.110000,-112.790000
-25.080000, 227.030000,-92.450000
-19.960000, 203.120000,-69.870000
-14.090000, 169.350000,-46.830000
 24.830000, 117.700000,-24.350000
 250.120000, 48.120000,-11.580000
 250.120000, 8.710000,-8.100000
 209.490000, 2.980000, 24.220000
 4.870000,-13.530000, 24.070000
-86.530000,-28.960000, 15.950000
-63.560000,-19.100000, 8.610000
-25.050000,-2.300000, 1.670000
-26.920000, 7.190000, 7.160000
-65.180000, 1.720000, 16.690000
-114.380000,-8.200000, 17.300000
-147.650000,-19.240000, 13.380000
-164.540000,-28.540000, 10.400000
-176.010000,-34.000000, 10.930000
-177.020000,-33.400000, 17.410000
-164.910000,-22.910000, 24.160000
-159.580000,-11.130000, 29.110000
-170.350000,-3.810000, 33.270000
-188.850000,-2.380000, 31.820000
-199.890000,-1.350000, 29.640000
-198.430000,-1.980000, 28.100000
-187.280000,-2.480000, 33.020000
-183.060000,-4.090000, 37.900000
-184.740000,-2.210000, 39.440000
-191.490000, 2.800000, 39.090000
-204.380000, 5.580000, 38.870000
-217.510000, 8.210000, 41.060000
-233.920000, 5.410000, 43.310000
-249.090000,-0.090000, 44.860000
-250.130000,-5.350000, 46.300000
-250.130000,-8.640000, 45.670000
-246.330000,-9.250000, 46.670000
-223.010000,-21.220000, 49.280000
-209.160000,-36.020000, 52.160000
-213.130000,-31.160000, 54.620000
-220.910000,-15.140000, 59.090000
-225.790000,-5.540000, 67.550000
-224.010000,-6.430000, 78.530000
-211.770000,-4.240000, 87.290000
-183.700000, 5.230000, 95.250000
-161.090000, 20.590000, 101.560000
-155.250000, 32.410000, 103.610000
-164.760000, 43.840000, 105.830000
-180.910000, 51.790000, 111.830000
-196.500000, 53.180000, 116.480000
-207.020000, 57.740000, 118.580000
-209.070000, 67.850000, 114.170000
-220.380000, 81.030000, 106.890000
-216.300000, 89.410000, 99.280000
-221.210000, 95.710000, 89.560000
-226.950000, 96.600000, 84.020000
-237.500000, 98.020000, 84.280000
-241.980000, 103.050000, 81.810000
-242.060000, 112.270000, 74.330000
-240.870000, 120.510000, 62.570000
-239.180000, 125.900000, 52.740000
-243.420000, 125.540000, 44.190000
-250.130000, 116.480000, 36.810000
-250.130000, 101.180000, 33.010000
-250.130000, 86.850000, 25.480000
-250.130000, 71.740000, 2.710000
-250.130000, 86.320000, 9.620000
-250.130000, 101.160000, 49.580000
-250.130000, 99.610000, 62.790000
-250.130000, 95.300000, 53.460000
-209.020000, 95.400000, 52.120000
-183.860000, 100.040000, 42.520000
-182.000000, 88.340000, 31.650000
-199.700000, 68.300000, 17.840000
-216.760000, 51.370000, 8.860000
-211.200000, 45.380000, 7.740000
-187.620000, 45.120000, 10.560000
-158.770000, 42.230000, 19.100000
-143.850000, 30.460000, 29.770000
-149.330000, 18.900000, 29.580000
-165.570000, 17.690000, 24.770000
-187.500000, 18.510000, 22.780000
-207.100000, 21.900000, 23.450000
-218.210000, 26.150000, 23.490000
-225.090000, 26.510000, 22.070000
-230.630000, 18.190000, 20.370000
-234.480000, 6.670000, 22.480000
-219.670000,-2.700000, 24.040000
-185.440000,-10.390000, 29.080000
-148.220000,-12.910000, 42.320000
-129.830000,-6.610000, 55.770000
-135.370000, 1.900000, 64.190000
-155.300000, 6.740000, 65.120000
-180.830000, 4.920000, 61.330000
-210.660000,-3.640000, 54.800000
-230.100000,-10.480000, 50.930000
-230.060000,-8.460000, 54.310000
-211.300000,-0.860000, 62.800000
-181.150000, 5.350000, 70.630000
-159.220000, 5.670000, 78.740000
-157.320000,-0.960000, 88.220000
-171.840000,-14.260000, 98.510000
-184.300000,-27.320000, 107.010000
-183.450000,-27.190000, 112.130000
-163.790000,-7.360000, 111.580000
-139.380000, 17.030000, 107.420000
-122.190000, 35.040000, 99.540000
-117.370000, 43.220000, 88.960000
-121.870000, 46.600000, 78.640000
-133.380000, 49.050000, 67.900000
-152.540000, 51.640000, 56.660000
-170.410000, 56.560000, 46.720000
-184.530000, 60.740000, 42.350000
-194.010000, 56.580000, 47.660000
-197.430000, 42.060000, 60.860000
-193.030000, 21.040000, 78.410000
-170.640000, 3.570000, 97.870000
-154.710000,-4.290000, 117.900000
-171.830000,-13.940000, 139.540000
-193.610000,-25.050000, 172.520000
-214.010000,-51.800000, 220.420000
-201.090000,-91.650000, 250.120000
-143.440000,-135.470000, 250.120000
-55.770000,-154.120000, 250.120000
 54.060000,-162.940000, 250.120000
 137.750000,-192.340000, 250.120000
 171.210000,-231.260000, 250.120000
 167.230000,-250.130000, 250.120000
 152.240000,-250.130000, 250.120000
 146.090000,-250.130000, 250.120000
 149.510000,-236.940000, 250.120000
 155.160000,-223.050000, 250.120000
 154.860000,-215.400000, 250.120000
 134.520000,-215.110000, 250.120000
 97.390000,-204.770000, 250.120000
 64.430000,-180.680000, 250.120000
 43.490000,-154.050000, 250.120000
 42.190000,-132.660000, 250.120000
 46.250000,-119.320000, 250.120000
 49.030000,-122.410000, 250.120000
 56.420000,-109.100000, 234.240000
 60.510000,-79.740000, 199.640000
 59.470000,-51.220000, 160.760000
 54.830000,-24.230000, 117.730000
 47.410000, 3.540000, 71.790000
 48.390000, 48.690000, 25.870000
 65.750000, 109.340000,-20.600000
 66.810000, 184.770000,-73.320000
 34.420000, 250.120000,-123.440000
-20.970000, 250.120000,-157.380000
-74.230000, 250.120000,-179.490000
-250.130000,-250.130000, 131.150000
 250.120000,-7.630000,-179.620000
-44.050000, 130.480000,-242.670000
-97.320000, 193.820000,-215.100000
-94.930000, 131.410000,-154.750000
-107.430000, 89.760000,-106.430000
-114.780000, 87.120000,-67.510000
-55.640000, 89.340000,-74.060000
-13.570000, 91.770000,-85.060000
-16.280000, 93.250000,-80.310000
-16.270000, 83.960000,-75.090000
-14.900000, 57.610000,-76.650000
-28.920000, 28.410000,-82.960000
-46.210000, 13.310000,-90.140000
-41.500000, 9.480000,-95.100000
-42.300000, 15.800000,-97.410000
-41.480000, 21.690000,-104.480000
-39.740000, 22.860000,-123.700000
-27.410000, 29.600000,-149.860000
-7.920000, 35.490000,-179.700000
 18.160000, 38.830000,-214.100000
 50.190000, 42.690000,-238.260000
 75.290000, 62.610000,-250.130000
 85.160000, 96.970000,-250.130000
 67.130000, 133.840000,-250.130000
 34.400000, 166.190000,-250.130000
-3.800000, 192.930000,-250.130000
-33.780000, 212.610000,-250.130000
-63.530000, 233.770000,-250.130000
-104.680000, 250.120000,-250.130000
-171.110000, 250.120000,-250.130000
-225.280000, 250.120000,-250.130000
-250.130000, 250.120000,-250.130000
-250.130000, 250.120000,-245.580000
-229.410000, 250.120000,-221.980000
-178.480000, 250.120000,-198.210000
-116.610000, 250.120000,-169.450000
-65.630000, 250.120000,-136.550000
-24.160000, 238.990000,-107.480000
 23.220000, 229.120000,-87.160000
 70.090000, 223.190000,-72.530000
 93.590000, 214.350000,-50.890000
 100.080000, 193.250000,-24.280000
 97.220000, 161.730000, 0.090000
 86.870000, 126.870000, 15.010000
 64.930000, 89.540000, 19.780000
 30.670000, 50.310000, 24.060000
 10.320000,-15.440000, 9.190000
 79.080000,-40.700000, 13.360000
 70.550000,-36.380000, 13.740000
 42.060000,-20.530000, 12.150000
 31.380000,-10.840000, 9.420000
 16.790000,-1.010000,-2.240000
 12.600000, 10.160000,-13.150000
-10.150000, 10.770000,-17.970000
-54.540000, 7.960000,-19.580000
-96.310000, 12.040000,-14.610000
-117.490000, 14.230000,-8.240000
-129.410000, 14.740000,-3.250000
-148.090000, 10.840000,-4.510000
-169.900000, 9.830000,-6.480000
-188.510000, 12.250000,-9.380000
-207.920000, 10.820000,-12.160000
-213.650000, 6.240000,-10.700000
-208.590000, 6.950000,-5.900000
-205.000000, 11.000000, 0.950000
-206.570000, 11.030000, 6.240000
-213.240000, 5.960000, 6.060000
-212.660000, 1.680000, 5.930000
-204.310000,-1.040000, 9.300000
-196.980000, 8.490000, 8.120000
-192.160000, 19.800000, 4.740000
-187.740000, 26.170000,-1.870000
-175.660000, 29.430000,-0.890000
-161.340000, 25.980000, 7.920000
-147.630000, 24.180000, 19.900000
-162.320000, 13.820000, 33.990000
-212.380000,-11.350000, 42.440000
-249.580000,-5.620000, 35.410000
-250.130000, 21.250000, 17.770000
-224.240000, 38.440000, 9.970000
-205.470000, 46.950000, 2.420000
-210.560000, 52.770000,-1.900000
-226.570000, 54.870000,-5.030000
-244.470000, 52.870000,-7.030000
-250.130000, 46.220000,-6.280000
-250.130000, 43.770000,-1.440000
-250.130000, 45.910000, 4.420000
-245.480000, 50.690000, 6.930000
-234.000000, 58.070000, 5.990000
-224.680000, 65.850000, 2.350000
-224.460000, 71.560000,-1.250000
-221.000000, 73.860000,-2.150000
-215.320000, 72.740000,-2.550000
-211.640000, 71.770000,-2.390000
-213.410000, 71.140000,-3.930000
-228.370000, 65.530000,-9.380000
-250.130000, 46.410000,-18.330000
-250.130000, 38.410000,-23.840000
-250.130000, 43.570000,-22.160000
-242.510000, 46.330000,-12.350000
-250.130000, 38.500000,-22.360000
-250.130000, 50.610000,-39.060000
-250.030000, 61.720000,-35.750000
-250.130000, 58.460000,-36.580000
-250.130000, 56.160000,-25.760000
-250.130000, 57.580000,-12.210000
-234.620000, 65.910000,-10.280000
-212.330000, 72.390000,-15.700000
-208.320000, 75.720000,-24.520000
-218.250000, 75.000000,-34.800000
-230.140000, 66.180000,-40.610000
-213.280000, 49.060000,-41.640000
-161.370000, 40.120000,-31.720000
-116.290000, 38.940000,-19.890000
-103.540000, 38.860000,-12.980000
-107.900000, 36.770000,-14.400000
-119.250000, 30.620000,-17.430000
-130.670000, 19.650000,-14.120000
-142.310000, 7.910000,-8.670000
-156.820000,-4.930000,-4.230000
-170.480000,-9.510000,-2.390000
-178.240000,-6.710000,-4.680000
-183.250000, 0.880000,-8.780000
-190.320000, 1.930000,-17.450000
-192.210000,-1.800000,-21.130000
-187.210000,-1.800000,-19.730000
-172.160000, 4.240000,-12.590000
-165.960000, 11.100000,-3.380000
-171.730000, 15.380000, 4.260000
-186.350000, 13.990000, 9.460000
-210.410000, 7.220000, 15.840000
-233.850000, 2.320000, 25.000000
-250.130000,-0.060000, 34.960000
-250.130000,-1.270000, 38.580000
-250.130000,-1.560000, 38.350000
-250.130000,-9.260000, 42.640000
-250.130000,-28.160000, 48.210000
-250.130000,-45.990000, 51.800000
-250.130000,-54.410000, 65.930000
-250.130000,-60.000000, 77.260000
-250.130000,-34.190000, 76.360000
-250.130000,-4.610000, 68.530000
-250.130000, 20.410000, 63.830000
-250.130000, 31.350000, 59.220000
-250.130000, 37.990000, 57.510000
-250.130000, 42.310000, 60.580000
-250.130000, 49.840000, 60.030000
-250.130000, 57.360000, 56.640000
-236.670000, 59.180000, 53.450000
-222.930000, 56.010000, 51.640000
-212.760000, 54.020000, 52.460000
-205.150000, 54.230000, 50.760000
-200.880000, 54.480000, 46.250000
-208.930000, 52.400000, 36.190000
-217.860000, 53.250000, 25.580000
-204.300000, 50.160000, 23.140000
-174.880000, 32.040000, 39.930000
-168.640000, 5.030000, 82.000000
-195.410000,-18.640000, 135.670000
-245.290000,-31.780000, 170.840000
-250.130000,-71.000000, 204.800000
-250.130000,-125.170000, 225.350000
-201.700000,-177.720000, 250.120000
-88.710000,-226.410000, 250.120000
 6.840000,-250.130000, 250.120000
 89.050000,-250.130000, 250.120000
 126.730000,-250.130000, 250.120000
 108.740000,-250.130000, 250.120000
 91.690000,-250.130000, 250.120000
 88.120000,-250.130000, 250.120000
 101.910000,-250.130000, 250.120000
 130.990000,-250.130000, 250.120000
 138.610000,-249.990000, 250.120000
 110.990000,-244.610000, 250.120000
 75.430000,-239.330000, 250.120000
 46.090000,-221.350000, 250.120000
 33.610000,-190.580000, 250.120000
 22.260000,-150.950000, 250.120000
 4.920000,-131.160000, 250.120000
-4.600000,-118.960000, 250.120000
-0.190000,-108.480000, 224.460000
 22.090000,-86.090000, 177.250000
 39.070000,-47.030000, 121.640000
 58.540000, 25.060000, 60.400000
 81.690000, 131.220000,-1.480000
 101.770000, 235.720000,-57.340000
 95.900000, 250.120000,-101.430000
 52.650000, 250.120000,-132.540000
 78.400000, 250.120000,-54.010000
 250.120000,-250.130000, 1.720000
 250.120000, 232.060000,-250.130000
-60.650000, 188.010000,-242.410000
-70.670000, 145.620000,-203.870000
-158.360000, 109.580000,-148.020000
-167.440000, 52.500000,-149.480000
-86.880000, 62.820000,-121.140000
-57.870000, 57.620000,-103.380000
-34.250000, 45.720000,-96.930000
 15.780000, 38.570000,-78.490000
 43.880000, 20.910000,-58.850000
 35.050000, 6.540000,-50.250000
 3.470000,-0.730000,-47.090000
-32.030000,-3.380000,-52.580000
-53.180000,-6.250000,-62.320000
-66.500000,-8.200000,-71.680000
-82.010000,-3.950000,-83.830000
-92.320000, 12.900000,-98.920000
-92.560000, 38.990000,-115.740000
-76.220000, 57.570000,-133.580000
-57.200000, 64.260000,-152.680000
-48.440000, 66.110000,-184.150000
-25.890000, 71.990000,-211.680000
-19.040000, 91.510000,-250.130000
-0.620000, 124.160000,-250.130000
 20.860000, 160.450000,-250.130000
 27.570000, 195.020000,-250.130000
 31.540000, 237.780000,-250.130000
 17.770000, 250.120000,-250.130000
-7.140000, 250.120000,-250.130000
-30.740000, 250.120000,-250.130000
-70.190000, 250.120000,-250.130000
-107.180000, 250.120000,-250.130000
-131.510000, 243.090000,-250.130000
-140.450000, 230.160000,-250.130000
-148.030000, 233.510000,-243.960000
-136.750000, 250.120000,-232.040000
-101.010000, 250.120000,-208.130000
-62.700000, 250.120000,-167.410000
-29.880000, 231.080000,-126.220000
-0.910000, 212.320000,-97.840000
 11.020000, 203.390000,-76.000000
 4.850000, 190.340000,-58.110000
-4.110000, 163.700000,-50.060000
-13.870000, 134.720000,-47.320000
-29.830000, 104.900000,-42.640000
 47.960000, 71.580000,-27.600000
 250.120000, 47.580000, 12.250000
 248.220000, 19.110000, 33.430000
 96.410000,-10.170000, 34.410000
-35.990000,-51.060000, 8.900000
-29.250000,-37.100000, 9.050000
-26.770000,-26.500000,-4.370000
-53.370000,-29.970000,-13.160000
-99.250000,-38.030000,-10.160000
-133.190000,-31.160000, 0.630000
-144.980000,-25.790000, 6.870000
-148.490000,-24.930000, 3.250000
-156.190000,-25.350000, 1.970000
-175.490000,-24.070000, 7.940000
-194.540000,-18.010000, 13.560000
-208.520000,-9.150000, 16.270000
-216.310000,-4.250000, 19.960000
-217.010000,-0.350000, 24.870000
-213.310000, 5.510000, 28.150000
-217.290000, 11.020000, 27.590000
-234.630000, 12.220000, 26.750000
-250.130000, 14.680000, 23.380000
-250.130000, 21.580000, 25.260000
-244.640000, 25.510000, 28.490000
-235.740000, 19.160000, 34.580000
-235.230000, 5.000000, 46.820000
-230.910000,-5.960000, 60.420000
-250.130000,-14.490000, 71.420000
-250.130000,-13.510000, 72.220000
-250.130000, 3.440000, 63.720000
-250.130000, 19.770000, 57.760000
-250.130000, 31.690000, 49.250000
-243.450000, 43.690000, 43.220000
-222.480000, 57.740000, 39.960000
-211.890000, 69.900000, 34.780000
-221.990000, 71.320000, 28.130000
-243.670000, 67.310000, 22.930000
-250.130000, 64.740000, 27.000000
-250.130000, 63.050000, 31.880000
-250.130000, 63.450000, 35.040000
-248.930000, 67.600000, 36.090000
-226.860000, 74.310000, 31.650000
-215.800000, 80.780000, 22.880000
-220.470000, 83.840000, 14.510000
-243.680000, 82.660000, 9.790000
-250.130000, 80.930000, 10.070000
-250.130000, 82.380000, 12.830000
-250.130000, 86.720000, 16.830000
-250.130000, 88.790000, 18.180000
-250.130000, 91.170000, 18.710000
-250.130000, 96.190000, 20.850000
-250.130000, 100.560000, 23.560000
-250.130000, 103.030000, 23.210000
-250.130000, 102.720000, 21.490000
-250.130000, 99.790000, 22.920000
-250.130000, 94.010000, 31.080000
-250.130000, 83.560000, 39.270000
-250.130000, 72.740000, 44.660000
-241.540000, 65.670000, 43.460000
-233.560000, 64.900000, 33.940000
-228.780000, 68.380000, 17.350000
-225.360000, 69.950000, 1.700000
-225.460000, 67.410000,-5.870000
-226.770000, 60.320000,-4.610000
-223.470000, 53.740000, 0.430000
-215.880000, 49.860000, 4.840000
-208.510000, 49.600000, 5.670000
-204.290000, 53.650000, 3.410000
-210.140000, 58.910000, 1.610000
-233.480000, 58.190000,-1.480000
-250.130000, 47.500000,-1.840000
-250.130000, 28.510000, 0.030000
-250.130000, 13.130000, 2.700000
-250.130000, 7.260000, 3.610000
-250.130000, 4.780000, 4.060000
-246.320000, 4.700000, 9.250000
-213.740000, 5.110000, 17.230000
-172.990000, 11.780000, 27.040000
-162.090000, 23.570000, 37.270000
-182.720000, 26.620000, 41.350000
-212.050000, 26.940000, 39.800000
-232.100000, 29.580000, 38.080000
-234.700000, 31.730000, 40.820000
-221.690000, 27.000000, 50.380000
-210.700000, 14.960000, 64.600000
-215.150000,-2.250000, 79.050000
-234.450000,-18.800000, 76.810000
-250.130000,-17.770000, 66.940000
-250.130000,-11.450000, 69.820000
-250.130000,-10.520000, 81.190000
-250.130000,-10.760000, 87.030000
-250.130000,-5.700000, 81.740000
-250.130000, 6.130000, 78.010000
-248.580000, 20.730000, 70.180000
-234.980000, 27.400000, 64.450000
-213.160000, 28.620000, 63.540000
-180.640000, 28.400000, 64.760000
-143.680000, 30.290000, 63.020000
-113.030000, 40.740000, 58.540000
-99.700000, 51.840000, 52.570000
-101.290000, 60.680000, 47.830000
-114.900000, 67.000000, 44.230000
-133.900000, 68.470000, 42.870000
-146.570000, 65.900000, 44.890000
-148.240000, 43.510000, 69.510000
-123.800000, 13.900000, 111.980000
-101.190000,-5.080000, 157.250000
-108.240000,-21.250000, 183.360000
-130.730000,-32.190000, 212.760000
-111.450000,-45.220000, 242.020000
-83.590000,-67.970000, 250.120000
-69.800000,-91.380000, 250.120000
-69.030000,-124.710000, 250.120000
-67.070000,-161.510000, 250.120000
-57.630000,-195.410000, 250.120000
-29.340000,-222.600000, 250.120000
 7.890000,-239.180000, 250.120000
 40.370000,-245.290000, 250.120000
 64.830000,-250.130000, 250.120000
 83.750000,-250.130000, 250.120000
 91.760000,-250.130000, 250.120000
 84.710000,-236.480000, 250.120000
 72.290000,-206.510000, 250.120000
 66.430000,-173.310000, 250.120000
 62.140000,-141.180000, 250.120000
 61.770000,-129.640000, 250.120000
 50.600000,-133.110000, 250.120000
 31.110000,-142.570000, 250.120000
 17.660000,-143.960000, 243.030000
 15.130000,-126.890000, 207.220000
 19.600000,-102.460000, 170.850000
 29.490000,-83.320000, 140.180000
 36.470000,-75.050000, 114.520000
 36.420000,-73.930000, 95.650000
 33.480000,-72.140000, 76.830000
 39.000000,-46.790000, 54.960000
 38.060000, 2.860000, 28.380000
 15.180000, 79.190000,-13.380000
-15.740000, 177.090000,-59.750000
-44.300000, 250.120000,-106.120000
-69.930000, 250.120000,-141.510000
-61.890000, 250.120000,-152.110000
 250.120000,-250.130000, 64.170000
 166.750000, 207.520000,-201.680000
-90.870000, 197.740000,-175.860000
-138.250000, 208.890000,-154.660000
-51.040000, 102.050000,-139.190000
-60.170000, 77.090000,-94.250000
-76.900000, 74.010000,-76.720000
-55.790000, 85.670000,-88.430000
-54.100000, 97.080000,-98.930000
-71.220000, 102.340000,-104.740000
-76.600000, 97.760000,-108.030000
-50.430000, 75.410000,-110.770000
-10.350000, 48.340000,-114.450000
 21.360000, 34.400000,-121.310000
 48.170000, 41.420000,-128.630000
 61.710000, 63.780000,-141.040000
 72.560000, 91.750000,-159.640000
 84.700000, 118.420000,-189.390000
 101.760000, 136.180000,-214.710000
 114.780000, 140.850000,-232.060000
 97.120000, 135.830000,-250.130000
 62.320000, 154.190000,-250.130000
 18.760000, 203.080000,-250.130000
 19.580000, 250.120000,-250.130000
 32.350000, 250.120000,-250.130000
 34.180000, 250.120000,-250.130000
 12.500000, 250.120000,-250.130000
-45.420000, 250.120000,-250.130000
-146.880000, 229.400000,-250.130000
-239.970000, 220.390000,-250.130000
-250.130000, 208.240000,-250.130000
-250.130000, 196.700000,-196.960000
-240.900000, 184.580000,-138.710000
-187.440000, 185.280000,-109.180000
-119.570000, 198.210000,-100.740000
-54.340000, 213.540000,-112.060000
-9.590000, 221.120000,-121.060000
 10.550000, 219.030000,-122.380000
 15.600000, 196.830000,-119.330000
 8.380000, 156.570000,-115.640000
-5.620000, 107.060000,-106.190000
-23.700000, 60.250000,-95.310000
 44.660000, 34.020000,-71.670000
 152.880000, 14.560000,-50.740000
 172.360000, 3.760000,-28.660000
 135.320000,-7.700000,-9.490000
 72.010000,-27.350000,-2.220000
 9.170000,-40.320000,-5.120000
-48.610000,-46.360000,-11.300000
-73.710000,-44.000000,-6.730000
-77.960000,-38.330000, 6.750000
-79.600000,-36.160000, 23.740000
-76.210000,-33.440000, 31.080000
-81.350000,-26.720000, 26.580000
-100.330000,-18.930000, 16.330000
-126.160000,-11.650000, 7.150000
-153.250000,-6.160000, 4.700000
-174.900000,-4.610000, 7.740000
-188.970000,-5.540000, 13.410000
-197.330000,-8.510000, 16.760000
-202.120000,-11.510000, 14.790000
-206.000000,-13.800000, 10.950000
-209.780000,-11.010000, 8.490000
-213.580000,-8.480000, 11.980000
-201.060000,-11.130000, 19.570000
-164.070000,-21.260000, 27.380000
-123.770000,-32.560000, 36.420000
-100.180000,-44.630000, 43.320000
-90.680000,-54.300000, 48.000000
-93.450000,-51.080000, 50.500000
-106.540000,-29.250000, 50.200000
-124.090000,-2.040000, 47.550000
-145.650000, 23.190000, 41.320000
-159.470000, 35.670000, 42.390000
-157.190000, 31.940000, 44.380000
-168.640000, 23.490000, 46.960000
-188.730000, 18.220000, 50.420000
-203.350000, 13.030000, 50.060000
-215.130000, 9.760000, 48.110000
-226.820000, 9.930000, 48.850000
-238.410000, 16.530000, 52.060000
-243.020000, 30.000000, 55.630000
-240.790000, 41.160000, 55.660000
-233.080000, 47.290000, 54.690000
-224.350000, 45.790000, 55.140000
-217.300000, 42.510000, 58.760000
-219.430000, 43.520000, 65.370000
-227.090000, 46.410000, 71.220000
-231.520000, 51.250000, 70.510000
-226.980000, 61.880000, 63.000000
-213.810000, 76.510000, 49.060000
-205.280000, 89.320000, 35.580000
-213.490000, 95.250000, 25.720000
-232.350000, 91.390000, 19.120000
-250.130000, 84.870000, 19.450000
-250.130000, 83.860000, 21.890000
-250.130000, 87.160000, 22.570000
-250.130000, 93.470000, 21.790000
-250.130000, 94.280000, 17.780000
-250.130000, 84.620000, 11.380000
-250.130000, 68.060000,-0.620000
-246.830000, 60.190000,-9.670000
-234.340000, 58.500000,-10.430000
-221.090000, 58.400000,-10.470000
-214.790000, 52.220000,-8.670000
-215.600000, 40.700000,-3.870000
-213.800000, 25.210000, 5.390000
-202.160000, 14.950000, 16.400000
-182.000000, 16.630000, 23.740000
-162.400000, 29.160000, 26.610000
-150.600000, 38.740000, 26.630000
-149.190000, 39.090000, 25.470000
-151.960000, 34.440000, 28.220000
-158.510000, 30.100000, 34.040000
-169.580000, 32.640000, 40.540000
-181.990000, 35.930000, 41.000000
-193.820000, 39.490000, 37.110000
-210.490000, 38.770000, 30.350000
-226.120000, 37.150000, 25.800000
-244.310000, 35.900000, 25.250000
-250.130000, 37.380000, 24.960000
-250.130000, 35.320000, 25.030000
-250.130000, 27.750000, 24.360000
-250.130000, 16.440000, 24.050000
-249.060000, 6.510000, 22.620000
-228.960000, 7.470000, 21.340000
-220.960000, 13.580000, 26.160000
-222.170000, 19.180000, 37.100000
-223.930000, 22.310000, 44.870000
-214.490000, 20.660000, 50.940000
-191.700000, 14.730000, 56.330000
-177.930000, 0.060000, 66.090000
-194.910000,-22.890000, 78.280000
-235.090000,-41.810000, 91.120000
-250.130000,-47.450000, 99.380000
-239.920000,-32.840000, 99.060000
-192.380000,-3.920000, 93.480000
-157.740000, 27.540000, 84.870000
-150.800000, 53.900000, 82.930000
-164.570000, 66.670000, 83.120000
-183.970000, 67.160000, 80.160000
-201.470000, 61.450000, 72.300000
-210.130000, 58.290000, 66.060000
-210.090000, 56.350000, 63.120000
-200.420000, 59.220000, 62.060000
-185.860000, 68.180000, 61.820000
-171.300000, 76.090000, 59.830000
-168.730000, 78.690000, 56.120000
-174.980000, 81.110000, 51.000000
-181.620000, 88.860000, 51.210000
-187.440000, 92.110000, 44.900000
-192.070000, 93.190000, 42.200000
-215.110000, 63.800000, 70.760000
-250.130000, 16.020000, 111.880000
-250.130000,-36.840000, 154.670000
-250.130000,-86.350000, 189.830000
-250.130000,-116.480000, 223.930000
-171.630000,-145.900000, 250.120000
-42.030000,-169.610000, 250.120000
 91.410000,-200.340000, 250.120000
 160.130000,-230.910000, 250.120000
 170.150000,-250.130000, 250.120000
 166.730000,-250.130000, 250.120000
 155.830000,-250.130000, 250.120000
 131.350000,-250.130000, 250.120000
 119.450000,-237.720000, 250.120000
 114.930000,-219.770000, 250.120000
 108.800000,-215.590000, 250.120000
 105.690000,-200.740000, 250.120000
 100.430000,-172.440000, 250.120000
 88.180000,-142.680000, 250.120000
 70.220000,-115.420000, 250.120000
 45.000000,-93.170000, 250.120000
 22.280000,-83.160000, 250.120000
 21.090000,-75.660000, 250.120000
 31.540000,-70.100000, 238.230000
 44.610000,-66.860000, 193.780000
 52.270000,-60.570000, 144.300000
 58.800000,-46.030000, 91.570000
 79.770000,-2.490000, 44.150000
 97.990000, 74.090000,-4.150000
 86.020000, 182.260000,-59.320000
 33.790000, 250.120000,-107.600000
-26.190000, 250.120000,-143.510000
-60.810000, 250.120000,-175.460000
-250.130000,-250.130000, 189.500000
 250.120000,-83.190000,-223.680000
-42.490000, 177.710000,-207.060000
-121.460000, 241.770000,-182.360000
-49.740000, 156.170000,-158.970000
-33.060000, 108.280000,-121.670000
-55.670000, 67.710000,-86.750000
-5.520000, 59.080000,-87.640000
 31.150000, 53.870000,-93.060000
 60.070000, 50.490000,-93.870000
 77.950000, 38.340000,-87.450000
 57.180000, 19.360000,-70.700000
 16.130000, 4.930000,-49.320000
-9.450000,-0.950000,-36.280000
-14.120000, 2.180000,-35.360000
-17.330000, 12.240000,-38.130000
-16.810000, 22.590000,-37.350000
-12.350000, 30.050000,-33.880000
-8.640000, 35.830000,-32.250000
-10.750000, 42.680000,-32.820000
-19.160000, 41.600000,-32.840000
-35.030000, 34.840000,-35.040000
-49.990000, 31.180000,-43.470000
-54.470000, 30.960000,-54.880000
-53.030000, 34.610000,-73.450000
-42.810000, 39.090000,-91.530000
-29.030000, 46.000000,-112.930000
 5.610000, 61.630000,-144.770000
 30.200000, 70.920000,-163.110000
 40.390000, 84.800000,-193.140000
 51.810000, 106.350000,-229.610000
 58.050000, 131.580000,-250.130000
 43.180000, 145.570000,-250.130000
 29.260000, 167.960000,-250.130000
-2.540000, 191.090000,-250.130000
-22.750000, 219.060000,-250.130000
-47.440000, 243.220000,-250.130000
-77.030000, 250.120000,-250.130000
-110.960000, 250.120000,-250.130000
-148.880000, 250.120000,-250.130000
-213.940000, 250.120000,-250.130000
-250.130000, 250.120000,-250.130000
-250.130000, 250.120000,-250.130000
-247.510000, 250.120000,-230.300000
-199.520000, 250.120000,-160.430000
-137.040000, 250.120000,-101.050000
-79.280000, 250.120000,-51.610000
-24.670000, 240.890000,-20.600000
 14.210000, 210.330000,-4.330000
 29.060000, 170.700000, 4.320000
 28.750000, 115.710000, 18.240000
 130.230000,-11.870000, 15.350000
 137.390000,-82.960000, 26.060000
-14.780000,-127.370000, 29.340000
-79.340000,-99.370000, 24.570000
-63.740000,-33.780000, 9.180000
-48.060000, 10.420000,-8.580000
-52.010000, 18.020000,-12.660000
-65.120000, 7.780000, 3.790000
-74.170000,-2.370000, 19.140000
-87.120000,-10.270000, 22.570000
-101.160000,-6.060000, 16.090000
-113.430000, 7.850000, 3.600000
-122.160000, 29.070000,-5.790000
-129.250000, 44.520000,-13.870000
-136.940000, 44.740000,-19.320000
-149.030000, 35.860000,-22.390000
-156.430000, 25.960000,-18.160000
-146.190000, 18.170000,-10.150000
-147.160000, 8.480000,-1.460000
-157.890000,-2.970000,-3.090000
-177.890000,-5.230000,-14.580000
-184.800000, 0.480000,-32.090000
-166.960000, 2.480000,-43.770000
-132.540000, 0.000000,-38.360000
-108.380000,-7.960000,-21.780000
-101.800000,-2.620000, 1.220000
-124.540000, 3.140000, 26.640000
-178.120000,-2.340000, 37.840000
-234.520000,-16.740000, 36.650000
-250.130000,-24.760000, 34.050000
-250.130000,-22.270000, 30.580000
-250.130000,-14.330000, 30.960000
-250.130000,-8.170000, 35.970000
-250.130000,-2.530000, 41.780000
-250.130000, 2.260000, 48.680000
-250.130000, 7.070000, 56.360000
-250.130000, 10.740000, 62.610000
-241.770000, 15.580000, 66.040000
-234.640000, 23.090000, 68.140000
-237.270000, 30.660000, 71.510000
-240.710000, 37.150000, 70.800000
-245.790000, 48.930000, 68.830000
-250.130000, 64.540000, 61.720000
-250.130000, 78.190000, 53.320000
-250.130000, 88.250000, 43.940000
-250.130000, 93.480000, 38.800000
-250.130000, 98.050000, 37.640000
-250.130000, 106.400000, 34.070000
-250.130000, 111.910000, 27.410000
-250.130000, 93.180000, 14.670000
-250.130000, 54.640000, 6.540000
-250.130000, 48.400000,-8.960000
-250.130000, 61.740000,-17.290000
-250.130000, 72.450000,-38.540000
-250.130000, 84.790000,-33.060000
-250.130000, 75.080000,-13.330000
-250.130000, 70.710000,-8.540000
-250.130000, 78.190000,-4.920000
-229.700000, 88.880000,-5.160000
-196.990000, 91.510000,-10.160000
-182.440000, 72.290000,-15.050000
-195.640000, 44.450000,-12.440000
-209.530000, 25.960000,-7.360000
-204.540000, 12.090000,-2.410000
-197.570000, 0.700000, 2.030000
-201.640000,-4.770000, 4.010000
-203.990000,-4.320000, 2.320000
-197.050000,-1.830000, 1.030000
-183.020000,-3.100000,-1.930000
-181.880000,-2.820000,-6.300000
-192.640000,-1.450000,-7.940000
-194.900000,-0.440000,-3.890000
-188.890000,-1.800000,-0.170000
-177.790000,-2.350000, 2.080000
-168.170000,-3.450000, 3.020000
-164.100000,-5.120000, 6.660000
-171.400000,-10.970000, 13.860000
-184.590000,-16.410000, 23.510000
-197.540000,-19.640000, 34.970000
-202.620000,-20.190000, 45.830000
-211.580000,-15.020000, 53.320000
-223.680000,-4.950000, 56.580000
-241.640000,-4.830000, 58.930000
-250.130000,-10.610000, 62.470000
-250.130000,-17.800000, 67.660000
-250.130000,-24.650000, 68.240000
-250.130000,-23.000000, 71.370000
-250.130000,-21.120000, 77.270000
-250.130000,-22.480000, 83.230000
-250.130000,-21.280000, 88.540000
-250.130000,-13.870000, 93.670000
-250.130000,-6.160000, 88.120000
-250.130000, 8.710000, 79.800000
-250.130000, 20.340000, 74.950000
-237.190000, 20.900000, 76.840000
-217.520000, 23.830000, 79.460000
-208.350000, 27.390000, 80.540000
-207.320000, 28.700000, 77.940000
-205.450000, 29.570000, 73.670000
-196.670000, 32.250000, 69.540000
-184.090000, 38.390000, 66.560000
-169.310000, 49.760000, 63.710000
-151.190000, 59.630000, 60.440000
-135.580000, 60.400000, 60.220000
-129.720000, 51.320000, 65.720000
-133.190000, 23.270000, 82.130000
-138.480000,-8.000000, 105.180000
-172.720000,-41.620000, 136.220000
-215.610000,-66.920000, 163.800000
-202.540000,-98.920000, 217.090000
-122.030000,-126.250000, 250.120000
-37.280000,-155.740000, 250.120000
 9.510000,-184.150000, 250.120000
 56.850000,-216.930000, 250.120000
 87.900000,-238.000000, 250.120000
 114.820000,-250.130000, 250.120000
 151.310000,-250.130000, 250.120000
 156.290000,-250.130000, 250.120000
 132.800000,-250.130000, 250.120000
 111.560000,-250.130000, 250.120000
 98.480000,-250.130000, 250.120000
 100.090000,-231.250000, 250.120000
 106.090000,-202.960000, 250.120000
 102.800000,-165.280000, 250.120000
 91.700000,-131.820000, 250.120000
 67.730000,-112.520000, 250.120000
 31.600000,-112.360000, 250.120000
 5.080000,-121.800000, 250.120000
-2.430000,-123.900000, 250.120000
 8.490000,-109.020000, 229.710000
 25.210000,-78.130000, 182.810000
 44.780000,-30.940000, 130.510000
 57.220000, 26.290000, 75.060000
 73.240000, 80.610000, 28.610000
 85.880000, 149.190000,-13.360000
 77.780000, 247.320000,-54.600000
 39.590000, 250.120000,-88.410000
-18.350000, 250.120000,-107.580000
-250.130000,-250.130000,-88.440000
 250.120000,-192.630000,-83.620000
 38.330000, 190.640000,-191.750000
-150.940000, 203.890000,-189.270000
-90.010000, 173.350000,-173.540000
-8.250000, 84.650000,-153.920000
-34.630000, 78.080000,-110.060000
-58.780000, 76.870000,-78.040000
-48.280000, 66.880000,-79.480000
-48.260000, 45.840000,-94.610000
-51.730000, 28.710000,-109.480000
-21.390000, 14.490000,-119.240000
 23.300000, 8.780000,-157.530000
 69.650000, 8.410000,-172.770000
 75.640000, 18.510000,-195.480000
 61.010000, 36.510000,-208.920000
 13.670000, 57.500000,-222.040000
-31.990000, 91.680000,-250.130000
-57.390000, 119.960000,-250.130000
-64.710000, 152.720000,-250.130000
-47.510000, 202.750000,-250.130000
-28.530000, 244.000000,-250.130000
-15.030000, 250.120000,-250.130000
 1.880000, 250.120000,-250.130000
-0.110000, 250.120000,-250.130000
-47.200000, 250.120000,-250.130000
-143.580000, 250.120000,-250.130000
-229.240000, 250.120000,-250.130000
-250.130000, 236.540000,-250.130000
-250.130000, 218.190000,-248.900000
-210.290000, 224.610000,-204.030000
-155.310000, 246.420000,-161.450000
-102.700000, 250.120000,-119.740000
-59.620000, 248.150000,-88.400000
-19.050000, 224.500000,-68.290000
 18.970000, 195.640000,-54.170000
 51.190000, 167.900000,-49.430000
 70.800000, 141.360000,-42.920000
 76.480000, 119.050000,-33.640000
 110.300000, 95.260000,-37.440000
 250.120000, 90.380000,-13.580000
 250.120000, 89.850000,-0.030000
 250.120000, 74.380000, 16.780000
 168.540000, 25.840000, 27.410000
 64.910000,-29.630000, 22.680000
-18.870000,-66.700000, 13.610000
-72.340000,-81.680000, 8.500000
-86.040000,-63.380000, 11.000000
-97.000000,-37.140000, 16.200000
-123.220000,-21.770000, 9.410000
-151.320000,-17.030000,-4.710000
-166.920000,-17.580000,-7.920000
-170.180000,-14.350000,-4.550000
-170.650000,-9.880000,-3.090000
-175.320000,-1.960000,-0.370000
-183.250000, 0.030000, 6.770000
-188.700000, 1.090000, 8.790000
-189.120000, 5.050000, 9.350000
-193.420000, 4.450000, 10.190000
-200.000000, 1.770000, 9.090000
-212.540000, 2.770000, 8.340000
-229.320000, 5.480000, 10.210000
-239.630000, 2.380000, 11.960000
-247.680000,-6.380000, 15.350000
-250.130000,-21.620000, 19.910000
-250.130000,-37.540000, 26.730000
-250.130000,-39.650000, 33.290000
-249.950000,-14.900000, 32.020000
-241.330000, 2.520000, 27.970000
-245.480000, 8.320000, 24.700000
-250.130000, 5.890000, 24.110000
-250.130000, 7.230000, 26.780000
-248.830000, 12.670000, 31.730000
-245.930000, 20.830000, 36.540000
-242.320000, 28.960000, 36.250000
-235.380000, 38.790000, 32.710000
-224.100000, 49.030000, 26.250000
-214.210000, 55.680000, 22.170000
-212.420000, 58.790000, 21.130000
-216.180000, 54.640000, 21.100000
-224.620000, 46.640000, 23.330000
-229.920000, 40.290000, 27.020000
-232.680000, 37.560000, 28.720000
-235.310000, 40.450000, 33.210000
-237.670000, 50.290000, 34.280000
-241.290000, 62.470000, 36.680000
-248.180000, 69.460000, 36.630000
-250.130000, 71.480000, 35.700000
-250.130000, 70.010000, 32.160000
-250.130000, 70.450000, 22.330000
-250.130000, 73.280000, 12.040000
-250.130000, 74.030000, 4.830000
-250.130000, 69.730000,-2.450000
-250.130000, 65.730000,-4.350000
-250.130000, 65.220000,-3.800000
-249.300000, 77.140000,-5.400000
-222.130000, 80.060000,-1.350000
-228.960000, 77.720000,-7.570000
-249.120000, 72.430000,-9.870000
-250.130000, 66.360000, 4.010000
-225.590000, 64.780000, 8.450000
-190.250000, 66.240000, 4.850000
-161.510000, 68.030000,-2.110000
-158.700000, 64.400000,-9.490000
-186.290000, 48.970000,-14.630000
-223.590000, 29.500000,-15.520000
-241.500000, 15.210000,-14.580000
-229.410000, 4.730000,-9.350000
-198.710000, 1.320000, 1.770000
-181.190000, 1.360000, 8.060000
-166.770000, 8.030000, 6.910000
-162.960000, 17.000000, 0.080000
-174.350000, 17.250000,-9.920000
-193.630000, 9.610000,-18.400000
-203.120000,-2.090000,-15.810000
-191.780000,-6.720000,-7.680000
-168.900000,-7.280000,-2.030000
-149.030000,-10.250000, 1.610000
-136.020000,-16.060000, 0.770000
-133.720000,-20.740000, 6.120000
-143.440000,-20.720000, 14.070000
-156.900000,-18.140000, 27.160000
-158.870000,-17.080000, 35.950000
-149.130000,-13.270000, 39.770000
-151.180000,-9.120000, 43.420000
-176.870000,-12.540000, 45.900000
-209.850000,-24.000000, 47.820000
-237.410000,-36.850000, 51.670000
-250.130000,-46.990000, 52.580000
-250.130000,-51.480000, 53.820000
-250.130000,-50.190000, 56.310000
-250.130000,-44.550000, 54.900000
-250.130000,-37.550000, 61.830000
-250.130000,-21.060000, 70.810000
-250.130000, 6.620000, 78.290000
-222.870000, 27.490000, 83.580000
-194.980000, 32.110000, 85.090000
-173.000000, 31.260000, 86.410000
-157.850000, 34.580000, 89.670000
-150.530000, 39.640000, 90.460000
-153.560000, 45.100000, 86.760000
-161.370000, 53.770000, 80.640000
-169.620000, 62.270000, 73.050000
-177.530000, 68.620000, 65.630000
-182.590000, 72.300000, 60.120000
-184.800000, 72.410000, 57.210000
-180.020000, 73.320000, 56.430000
-170.800000, 76.220000, 53.800000
-164.250000, 81.520000, 48.480000
-172.040000, 84.230000, 38.410000
-187.900000, 83.030000, 25.950000
-211.050000, 70.040000, 16.540000
-224.810000, 53.840000, 16.000000
-236.060000, 25.400000, 32.770000
-249.020000,-4.320000, 59.560000
-250.130000,-51.850000, 98.410000
-250.130000,-102.610000, 131.730000
-206.130000,-156.460000, 169.320000
-113.540000,-197.210000, 189.810000
 20.340000,-230.070000, 217.630000
 132.480000,-250.130000, 250.120000
 214.850000,-250.130000, 250.120000
 250.120000,-250.130000, 250.120000
 250.120000,-250.130000, 250.120000
 250.120000,-250.130000, 250.120000
 214.540000,-250.130000, 250.120000
 176.630000,-250.130000, 250.120000
