0.005217
0.007504
0.000222
0.004128
0.011226
0.017479
0.024879
0.012771
0.007899
0.022687
0.007888
0.010018
0.199138
0.080006
0.000238
0.000111
0.000099
0.000101
0.000095
0.000100
0.000093
0.000089
0.000096
0.000092
0.000091
0.037330
0.000232
0.000130
0.000099
0.000100
0.000105
0.066077
0.000223
0.109349
0.000231
0.000143
0.000104
0.000095
0.033679
0.000232
0.000105
0.000114
0.000097
0.000094
0.000095
0.072221
0.000220
0.000110
0.006493
0.000223
0.000106
0.000097
0.009209
0.119630
0.019942
0.000223
0.000105
0.000094
0.000092
0.000092
0.000091
0.000090
0.034590
0.062940
0.000223
0.017379
0.000224
0.000106
0.000094
0.000095
0.087102
0.010443
0.000229
0.000120
0.000099
0.000095
0.000093
0.011492
0.012167
0.020403
0.007500
0.018652
0.010851
0.015899
0.014676
0.019092
0.009854
0.016397
0.013642
0.016579
0.013987
0.018857
0.011912
0.013692
0.016821
0.012424
0.014388
0.016666
0.015932
0.013421
0.012519
0.015322
0.021223
0.009776
0.014146
0.015823
0.013563
0.014777
0.014715
0.016738
0.014175
0.032794
0.006217
0.039793
0.008747
0.000227
0.003182
0.011787
0.014443
0.019413
0.010239
0.017043
0.014463
0.019830
0.012976
0.010147
0.017704
0.012076
0.014444
0.016841
0.014111
0.019325
0.010820
0.040243
0.007586
0.000225
0.011061
0.017955
0.014417
0.012069
0.014053
0.020810
0.008341
0.016304
0.018653
0.020282
0.009815
0.009336
0.016268
0.013108
0.017938
0.017454
0.034345
0.004452
0.004998
0.009931
0.015461
0.016449
0.013704
0.017468
0.021524
0.006435
0.013034
0.026494
0.005879
0.014296
0.016599
0.101299
0.008879
0.000237
0.000109
0.000120
0.000100
0.000096
0.012237
0.006722
0.014777
0.015005
0.016277
0.028167
0.030227
0.010584
0.000227
0.010361
0.012500
0.061128
0.009308
0.000225
0.000111
0.005239
0.009129
0.018390
0.167235
0.026399
0.000243
0.000122
0.000099
0.000095
0.000092
0.000092
0.000092
0.000091
0.000091
0.000093
0.036779
0.011429
0.000232
0.000114
0.005969
0.020116
0.008170
0.021392
0.007783
0.017335
0.012779
0.015733
0.013749
0.015310
0.015440
0.027916
0.008661
0.013786
0.011076
0.011623
0.024826
0.006950
0.019193
0.011427
0.015112
0.011534
0.014955
0.015505
0.014186
0.015478
0.018184
0.014294
0.012932
0.022644
0.005322
0.030055
0.004262
0.047622
0.009809
0.000232
0.007407
0.007279
0.024209
0.003501
0.015009
0.014569
0.014123
0.014605
0.015661
0.023364
0.017069
0.003715
0.016897
0.014040
0.014406
0.025061
0.012130
0.008008
0.017628
0.010345
0.018260
0.023219
0.004786
0.017599
0.013744
0.014496
0.013980
0.013202
0.014313
0.014815
0.015109
0.024106
0.005978
0.016899
0.021465
0.005410
0.016744
0.014758
0.016478
0.015931
0.011629
0.013968
0.016254
0.014986
0.016192
0.013196
0.015745
0.012878
0.015466
0.015476
0.017301
0.051897
0.009129
0.000228
0.000114
0.010403
0.013640
0.014060
0.016375
0.012762
0.018010
0.012690
0.051143
0.010328
0.000242
0.007855
0.009879
0.026064
0.003836
0.009054
0.029378
0.007772
0.008596
0.016190
0.016232
0.012269
0.013880
0.014495
0.014874
0.015297
0.016780
0.013188
0.017248
0.010816
0.015832
0.015430
0.013361
0.014598
0.020535
0.014416
0.012076
0.013773
0.028595
0.028126
0.006240
0.000226
0.016450
0.009336
0.013070
0.058120
0.008410
0.000232
0.000112
0.013340
0.010803
0.013142
0.014980
0.014357
0.017198
0.018635
0.008600
0.016528
0.014576
0.020901
0.012645
0.009864
0.016018
0.013252
0.019760
0.035950
0.007252
0.048168
0.013055
0.000249
0.000115
0.005800
0.004985
0.013378
0.021041
0.025962
0.008574
0.003793
0.027664
0.003422
0.019285
0.018238
0.005781
0.014912
0.014895
0.019234
0.012906
0.043607
0.017586
0.000201
0.005559
0.006200
0.013083
0.014086
0.015555
0.014233
0.017682
0.012276
0.017671
0.015477
0.018888
0.010796
0.011294
0.018167
0.013399
0.012649
0.015283
0.018425
0.059985
0.007145
0.000233
0.000115
0.007116
0.014641
0.011367
0.017026
0.014374
0.021489
0.010747
0.016104
0.009946
0.014683
0.015075
0.015836
0.012528
0.055199
0.006825
0.000231
0.000114
0.011926
0.018173
0.011905
0.024373
0.005563
0.013453
0.016449
0.013926
0.015945
0.016045
0.018339
0.016392
0.008585
0.017124
0.016186
0.010477
0.015236
0.017631
0.012109
0.015078
0.016325
0.011922
0.014560
0.014378
0.016090
0.016685
0.012256
0.016583
0.016156
0.013384
0.014237
0.015763
0.012956
0.014680
0.022157
0.008436
0.021203
0.023645
0.006425
0.007545
0.015819
0.017597
0.010589
0.026079
0.009374
0.008999
0.019319
0.087920
0.010980
0.000234
0.000114
0.000104
0.000106
0.004152
0.112194
0.016045
0.000230
0.000111
0.000102
0.000099
0.000096
0.000098
0.009172
0.012932
0.016514
0.006645
0.014629
0.016593
0.074778
0.134177
0.000232
0.000112
0.000105
0.025677
0.000229
0.000112
0.000101
0.000099
0.000098
0.000097
0.000095
0.000097
0.025426
0.000231
0.011052
0.000234
0.253604
0.022180
0.000232
0.000112
0.000104
0.000098
0.000098
0.000097
0.000095
0.000095
0.000096
0.000095
0.000095
0.000096
0.000098
0.000096
0.000097
0.025415
0.000234
0.007508
0.000232
0.010400
0.012682
0.029006
0.007515
0.014319
0.015348
0.023985
0.038368
0.036082
0.000231
0.000115
0.034453
0.000231
0.012013
0.000235
0.000114
0.018430
0.054054
0.011120
0.000233
0.000116
0.017861
0.016792
0.015883
0.042774
0.008867
0.000237
0.000118
0.009723
0.014140
0.010550
0.012713
0.037176
0.044640
0.010729
0.000230
0.000114
0.000104
0.018107
0.012046
0.029512
0.007248
0.020125
0.050995
0.016420
0.000237
0.000116
0.000108
0.011746
0.024233
0.010202
0.039643
0.063082
0.000286
0.000133
0.026233
0.000289
0.000119
0.000107
0.045150
0.000244
0.026443
0.000237
0.000118
0.019362
0.004716
0.000242
0.035550
0.012647
0.011879
0.012938
0.022372
0.321018
0.000240
0.000118
0.000106
0.000102
0.000101
0.000099
0.000099
0.000099
0.000097
0.000098
0.000098
0.000098
0.000102
0.000100
0.000098
0.000099
0.034228
0.000236
0.000116
0.000106
0.000102
0.000103
0.029836
0.000257
0.000120
0.002631
0.011829
0.004724
0.023380
0.010968
0.028875
0.039464
0.015574
0.000245
0.000171
0.010869
0.003981
0.022014
0.007114
0.056432
0.045525
0.000231
0.000119
0.018439
0.000238
0.000117
0.003102
0.062015
0.011679
0.000237
0.000116
0.000107
0.034692
0.014801
0.009492
0.000241
0.009374
0.022554
0.020650
0.088412
0.019425
0.000248
0.000120
0.000106
0.000103
0.000103
0.017677
0.020338
0.067982
0.000313
0.017758
0.000242
0.000118
0.000108
0.083735
0.119993
0.000239
0.000117
0.000104
0.000099
0.000101
0.006265
0.000234
0.000116
0.000104
0.000101
0.000100
0.000098
0.000099
0.006309
0.047988
0.008888
0.000244
0.000144
0.013538
0.015092
0.021397
0.067248
0.019675
0.000238
0.000115
0.000106
0.007309
0.012857
0.010803
0.009070
0.015674
0.013370
0.013928
0.016456
0.045358
0.018036
0.000236
0.013045
0.096116
0.012897
0.000237
0.000115
0.000105
0.000134
0.000105
0.000102
0.029914
0.013466
0.000238
0.016157
0.010688
0.017733
0.013900
0.008067
0.103974
0.006845
0.000232
0.000114
0.000104
0.000102
0.000101
0.088622
0.019979
0.000239
0.000120
0.000108
0.000102
0.000103
0.012032
0.020458
0.023978
0.157973
0.000244
0.023975
0.000239
0.000116
0.000105
0.000102
0.000100
0.000100
0.000099
0.000100
0.000098
0.000101
0.023821
0.016035
0.000174
0.013746
0.025489
0.010754
0.003385
0.012407
0.023564
0.008681
0.015100
0.013715
0.036761
0.009845
0.000239
0.010048
0.026311
0.014174
0.042596
0.024088
0.000232
0.000118
0.046405
0.381472
0.000298
0.000135
0.000109
0.000103
0.000101
0.000100
0.000099
0.000100
0.000099
0.000098
0.000099
0.000098
0.000098
0.000098
0.000098
0.000098
0.000098
0.000100
0.004996
0.000243
0.000147
0.000110
0.000102
0.000102
0.000100
0.000100
0.000100
0.000100
0.009427
0.012010
0.025094
0.005725
0.008707
0.026776
0.003350
0.017745
0.010855
0.014613
0.024010
0.016815
0.006382
0.011882
0.014935
0.015786
0.025553
0.007162
0.010391
0.016476
0.017763
0.016155
0.013721
0.012119
0.016769
0.012030
0.017750
0.011778
0.052440
0.008846
0.000262
0.000123
0.013923
0.015685
0.011744
0.022362
0.010910
0.016964
0.019287
0.006373
0.017833
0.011098
0.020362
0.012115
0.016118
0.009570
0.014905
0.027121
0.004668
0.015570
0.019386
0.034481
0.006857
0.000239
0.010691
0.015076
0.017603
0.011778
0.016778
0.018675
0.018417
0.070488
0.008123
0.000249
0.000142
0.000112
0.007568
0.011559
0.012383
0.013725
0.016566
0.013291
0.026690
0.004643
0.012749
0.015117
0.015598
0.019621
0.010535
0.029687
0.014122
0.004258
0.014445
0.010781
0.019900
0.010834
0.016490
0.011077
0.014970
0.014961
0.021967
0.020399
0.003874
0.012895
0.017280
0.013436
0.014499
0.014710
0.014541
0.033283
0.004356
0.008022
0.016586
0.011652
0.016110
0.016471
0.017593
0.011716
0.023776
0.028677
0.013911
0.000240
0.014754
0.008753
0.012311
0.015691
0.012593
0.022379
0.014825
0.007345
0.018621
0.015121
0.010887
0.016990
0.014463
0.012782
0.017634
0.018524
0.015133
0.010108
0.014734
0.014542
0.015687
0.014558
0.013607
0.026614
0.005259
0.013174
0.014674
0.020418
0.011986
0.019000
0.013549
0.008888
0.014351
0.019541
0.009689
0.015530
0.018883
0.010804
0.014206
0.014905
0.029616
0.010546
0.003967
0.015556
0.014685
0.021326
0.012384
0.009936
0.024527
0.028914
0.003443
0.004377
0.033357
0.014508
0.006278
0.004020
0.015308
0.017682
0.019404
0.011036
0.012227
0.026673
0.003761
0.014346
0.013377
0.014880
0.014020
0.015918
0.031970
0.005469
0.010264
0.011110
0.018913
0.010216
0.018243
0.011810
0.014516
0.025319
0.004396
0.017560
0.012206
0.014186
0.015283
0.032464
0.004808
0.006807
0.015335
0.014033
0.026075
0.012266
0.020878
0.016416
0.006758
0.011950
0.010175
0.018784
0.052945
0.014264
0.000248
0.000125
0.004714
0.014600
0.012893
0.024063
0.008482
0.012172
0.016024
0.013015
0.015181
0.033735
0.004478
0.008604
0.013634
0.018581
0.009493
0.017102
0.016139
0.011964
0.014889
0.015596
0.018856
0.011595
0.013113
0.015398
0.013888
0.018959
0.011958
0.014187
0.017690
0.013824
0.030568
0.038841
0.000218
0.207751
0.000192
0.000081
0.000064
0.000060
0.000057
0.000056
0.000056
0.000055
0.000055
0.000055
0.000055
0.000058
0.000056
0.000055
0.415321
0.000243
0.000121
0.000111
0.000108
0.000104
0.000105
0.000104
0.000104
0.000103
0.000123
0.000108
0.000104
0.000102
0.000103
0.000102
0.000104
0.000103
0.000102
0.000102
0.000103
0.000103
0.000102
0.000103
0.000103
0.000102
0.000102
0.000104
0.001960
0.012606
0.015923
0.011908
0.022213
0.023982
0.006100
0.008131
0.020609
0.008649
0.014245
0.015313
0.014106
0.016332
0.017839
0.012562
0.016103
0.022467
0.018141
0.003504
0.017647
0.014018
0.010860
0.028063
0.012173
0.003380
0.018716
0.032612
0.003956
0.009349
0.010506
0.016970
0.019098
0.008487
0.030617
0.003473
0.012195
0.027952
0.008549
0.007708
0.019407
0.009373
0.014508
0.013655
0.088548
0.007050
0.000221
0.000125
0.000174
0.000117
0.010369
0.016259
0.012813
0.014900
0.014728
0.012789
0.015411
0.025309
0.007225
0.013039
0.014690
0.015981
0.017167
0.012804
0.022547
0.025291
0.008911
0.003209
0.013133
0.012711
0.015264
0.015284
0.014278
0.015488
0.018853
0.021154
0.005023
0.014956
0.014321
0.018896
0.025874
0.004704
0.017797
0.006059
0.017004
0.012652
0.019145
0.010816
0.015399
0.018912
0.016412
0.017942
0.011251
0.008888
0.016069
0.013840
0.013875
0.029649
0.007230
0.009038
0.014979
0.014700
0.023750
0.005858
0.015322
0.039766
0.015791
0.007590
0.000256
0.014394
0.014793
0.011497
0.014082
0.031081
0.010726
0.015647
0.010432
0.013351
0.014553
0.013170
0.020653
0.005154
0.014426
0.018225
0.013898
0.019595
0.013254
0.019881
0.005112
0.030983
0.016316
0.005990
0.003659
0.019651
0.014856
0.013701
0.026240
0.014064
0.024722
0.004043
0.013745
0.010141
0.077162
0.012750
0.000250
0.000122
0.000112
0.000109
0.020711
0.004154
0.017408
0.023037
0.007710
0.012986
0.012645
0.018759
0.007099
0.022980
0.008203
0.012965
0.028549
0.019426
0.006052
0.010977
0.047063
0.012468
0.000249
0.006320
0.010739
0.007731
0.016138
0.029033
0.007194
0.008093
0.027381
0.004784
0.019511
0.019706
0.006839
0.014779
0.265490
0.000253
0.000136
0.000114
0.000109
0.000107
0.000107
0.000105
0.000105
0.000105
0.000104
0.000104
0.000104
0.000104
0.000104
0.000110
0.004599
0.000254
0.005510
0.011967
0.019220
0.016469
0.013450
0.009999
0.017443
0.014415
0.014463
0.015798
0.012908
0.019278
0.012007
0.013139
0.016650
0.014700
0.016852
0.011099
0.027111
0.011861
0.006987
0.017610
0.021100
0.006709
0.014474
0.012490
0.019040
0.013095
0.018071
0.017966
0.006277
0.022509
0.012107
0.011437
0.014174
0.047278
0.008710
0.000266
0.032888
0.003271
0.000249
0.012370
0.012420
0.015154
0.023785
0.006147
0.016422
0.014906
0.018106
0.011749
0.013473
0.015312
0.014011
0.016645
0.015324
0.012572
0.021163
0.007606
0.017055
0.021330
0.012574
0.011354
0.031240
0.009229
0.004744
0.027652
0.026035
0.004524
0.000259
0.019580
0.008287
0.013423
0.031435
0.004873
0.011578
0.014222
0.011637
0.015519
0.023560
0.007464
0.017002
0.011555
0.019785
0.011252
0.015511
0.015078
0.020172
0.010027
0.013197
0.015196
0.012614
0.015639
0.014504
0.016186
0.016765
0.018701
0.015794
0.027824
0.006316
0.041255
0.008352
0.000250
0.000231
0.011613
0.018988
0.010820
0.039267
0.055299
0.009851
0.000248
0.000123
0.000114
0.005599
0.031090
0.004961
0.005439
0.012278
0.014194
0.018209
0.025438
0.007845
0.009820
0.018935
0.011774
0.014265
0.012367
0.014807
0.019897
0.011617
0.016709
0.019259
0.006292
0.014911
0.015121
0.015058
0.016229
0.021502
0.007606
0.038793
0.003317
0.014495
0.008104
0.007666
0.023989
0.010623
0.012954
0.011668
0.016592
0.013713
0.015047
0.015854
0.017105
0.014315
0.025259
0.004918
0.014204
0.018674
0.012665
0.011801
0.014649
0.016407
0.012610
0.014145
0.014649
0.017045
0.015720
0.027301
0.003113
0.010853
0.018284
0.025648
0.011051
0.005301
0.101006
0.021854
0.000176
0.000111
0.000075
0.000074
0.000072
0.005179
0.006313
0.101978
0.011181
0.000250
0.000126
0.000115
0.000111
0.000111
0.011540
0.019332
0.095983
0.000244
0.000124
0.000113
0.000110
0.000108
0.000110
0.031031
0.006140
0.092766
0.009417
0.000259
0.000122
0.000113
0.000110
0.000110
0.008461
0.009472
0.105338
0.007046
0.000254
0.000139
0.000117
0.000112
0.000112
0.006659
0.012658
0.016326
0.013718
0.027035
0.093331
0.011482
0.000249
0.000125
0.000116
0.000111
0.000110
0.017770
0.007241
0.004912
0.018874
0.027315
0.004260
0.009803
0.015553
0.017893
0.012687
0.013472
0.044444
0.004797
0.000250
0.027487
0.016266
0.004287
0.006354
0.013067
0.024139
0.086409
0.016619
0.000260
0.000126
0.000116
0.000160
0.000116
0.011189
0.014192
0.011995
0.012496
0.015642
0.016003
0.015741
0.017987
0.030569
0.003249
0.007456
0.013629
0.014094
0.017977
0.013261
0.025718
0.003302
0.013728
0.016421
0.023961
0.003660
0.016942
0.012711
0.018198
0.021440
0.007038
0.013082
0.015080
0.056525
0.006515
0.000257
0.000126
0.014063
0.011140
0.018646
0.069321
0.007103
0.000254
0.000127
0.000117
0.010833
0.011864
0.014770
0.014871
0.018901
0.012678
0.014041
0.023238
0.007146
0.013183
0.020683
0.008342
0.015511
0.014885
0.037699
0.006339
0.004059
0.020960
0.004857
0.016064
0.012895
0.016037
0.014067
0.023052
0.057986
0.011863
0.000250
0.000128
0.005088
0.016694
0.005628
0.015241
0.012631
0.014477
0.028317
0.034016
0.023867
0.000249
0.003482
0.000253
0.015720
0.013177
0.014911
0.018180
0.018916
0.010779
0.012236
0.030332
0.007314
0.010586
0.010271
0.015118
0.022727
0.008110
0.025635
0.004307
0.019051
0.010041
0.022929
0.006056
0.013860
0.016085
0.019886
0.019354
0.005629
0.017831
0.010718
0.014596
0.017464
0.012544
0.014255
0.016849
0.073026
0.013813
0.000266
0.000142
0.000119
0.008394
0.007293
0.014669
0.013607
0.014906
0.022766
0.008232
0.014281
0.032801
0.005977
0.022623
0.007433
0.006568
0.014600
0.013721
0.014108
0.025839
0.009680
0.009233
0.018273
0.011637
0.018950
0.018705
0.021186
0.006761
0.009927
0.012807
0.022198
0.009329
0.014512
0.023162
0.028806
0.009536
0.007577
0.005405
0.018511
0.011907
0.012881
0.017711
0.011892
0.033294
0.005369
0.008316
0.017380
0.014580
0.009474
0.022489
0.009647
0.015553
0.014228
0.013542
0.018623
0.010692
0.019418
0.009884
0.014679
0.015627
0.015129
0.029988
0.004963
0.010984
0.022724
0.005723
0.016958
0.016815
0.014566
0.010229
0.015571
0.013586
0.019431
0.012153
0.018591
0.012174
0.012330
0.014367
0.017489
0.014070
0.018622
0.015910
0.007641
0.019448
0.020876
0.005847
0.013150
0.025032
0.026170
0.004091
0.011121
0.008865
0.018740
0.017456
0.012613
0.012585
0.011889
0.015075
0.021389
0.008554
0.016463
0.013886
0.013946
0.020947
0.011475
0.014987
0.015615
0.011042
0.017128
0.014243
0.020694
0.007698
0.016233
0.013323
0.017583
0.012740
0.013786
0.016664
0.013370
0.014284
0.064560
0.014309
0.000261
0.000132
0.005268
0.010134
0.009815
0.017990
0.012238
0.013838
0.014728
0.018582
0.011109
0.015645
0.015461
0.034947
0.003416
0.023436
0.004856
0.006906
0.015406
0.014280
0.033872
0.005929
0.006094
0.019664
0.009252
0.015019
0.014898
0.014661
0.014812
0.014018
0.014213
0.016170
0.015948
0.015242
0.015589
0.011345
0.021782
0.009720
0.014711
0.014807
0.013098
0.017506
0.013656
0.013563
0.019567
0.009985
0.016148
0.024225
0.009103
0.011325
0.015500
0.019786
0.020975
0.005443
0.011263
0.017154
0.013285
0.013605
0.015177
0.016187
0.014331
0.021122
0.008927
0.014042
0.015591
0.015581
0.013052
0.016451
0.013673
0.023415
0.013784
0.008089
0.015721
0.014675
0.013277
0.014330
0.018728
0.011262
0.014204
0.017951
0.012511
0.015301
0.021403
0.007398
0.015710
0.018315
0.009968
0.020889
0.009158
0.018039
0.011505
0.015428
0.016153
0.024511
0.011840
0.009589
0.012557
0.013478
0.014984
0.017772
0.023058
0.016994
0.010201
0.007383
0.013638
0.017978
0.013357
0.015892
0.013619
0.014060
0.014590
0.016558
0.013073
0.014634
0.015941
0.019103
0.009044
0.016679
0.015093
0.021075
0.016120
0.005115
0.014973
0.015080
0.016652
0.014772
0.013523
0.013858
0.016667
0.019433
0.010893
0.013947
0.021693
0.006631
0.018622
0.011578
0.015205
0.017572
0.016686
0.024549
0.004523
0.014297
0.011944
0.031444
0.004092
0.014716
0.008971
0.013496
0.018629
0.011763
0.021481
0.007338
0.031387
0.012015
0.008649
0.019849
0.010190
0.010509
0.017913
0.010129
0.012270
0.020019
0.010070
0.029655
0.004164
0.011027
0.014395
0.027688
0.004077
0.012603
0.026115
0.005122
0.015284
0.014417
0.018062
0.011957
0.020611
0.011055
0.012366
0.013591
0.017898
0.011922
0.022474
0.007427
0.015774
0.013799
0.030279
0.003287
0.011306
0.014239
0.015210
0.014423
0.017007
0.012669
0.015331
0.015271
0.013972
0.019267
0.010262
0.015254
0.015934
0.012712
0.019140
0.012100
0.013251
0.014752
0.026366
0.006057
0.014767
0.015017
0.012264
0.022311
0.017974
0.004372
0.015580
0.014420
0.025589
0.004557
0.015486
0.017377
0.018100
0.011994
0.011120
0.015535
0.014761
0.015386
0.013612
0.014177
0.016087
0.013649
0.015719
0.017499
0.015065
0.018011
0.009363
0.018597
0.009054
0.021815
0.008296
0.018099
0.018854
0.011993
0.017060
0.008330
0.014282
0.018562
0.013572
0.018986
0.018798
0.005318
0.015653
0.013095
0.024226
0.008876
0.014252
0.021191
0.007724
0.023337
0.007557
0.012463
0.015565
0.013612
0.014161
0.017787
0.012344
0.017885
0.017709
0.009467
0.013717
0.020077
0.010882
0.015731
0.034423
0.003008
0.009962
0.018038
0.008164
0.013354
0.014732
0.014870
0.024134
0.005783
0.016950
0.018031
0.010273
0.021390
0.008103
0.015497
0.018594
0.011503
0.013680
0.017904
0.013331
0.014118
0.013835
0.051531
0.008775
0.000258
0.003650
0.011304
0.013300
0.015824
0.014676
0.015180
0.014581
0.014423
0.014016
0.015450
0.020965
0.011812
0.019006
0.007292
0.014545
0.014553
0.029959
0.003409
0.015180
0.012893
0.022078
0.006158
0.014333
0.014831
0.014539
0.018191
0.013143
0.014123
0.014805
0.014420
0.015335
0.017501
0.012837
0.016450
0.012128
0.014804
0.015108
0.018093
0.014652
0.012871
0.015775
0.013895
0.014674
0.013802
0.023941
0.006080
0.019604
0.012641
0.011894
0.032310
0.005480
0.010603
0.011805
0.038061
0.000260
0.005703
0.031601
0.005085
0.008979
0.014388
0.027471
0.018117
0.046894
0.097693
0.000267
0.000133
0.092287
0.000257
0.000131
0.000121
0.000118
0.000117
0.000116
0.143407
0.000262
0.000132
0.000122
0.000118
0.000117
0.009263
0.000255
0.000130
0.000120
0.000124
0.000117
0.000115
0.000115
0.000115
0.000116
0.043040
0.087336
0.000259
0.000133
0.134029
0.000256
0.000130
0.000121
0.000117
0.000117
0.112520
0.000262
0.000131
0.000122
0.000117
0.000120
0.000116
0.000115
0.000117
0.007539
0.000256
0.000131
0.000121
0.000118
0.000116
0.000118
0.005207
0.072524
0.017488
0.000265
0.000131
0.000124
0.027367
0.029244
0.000258
0.050074
0.000321
0.024392
0.000257
0.000130
0.000123
0.003985
0.010799
0.012872
0.014780
0.016188
0.015928
0.012267
0.024763
0.005733
0.015316
0.013930
0.022270
0.011092
0.010655
0.025422
0.005053
0.023323
0.016767
0.007581
0.013104
0.015978
0.013929
0.042942
0.025460
0.000263
0.006227
0.000264
0.027092
0.020315
0.006942
0.005150
0.011678
0.018151
0.018310
0.008975
0.019020
0.011557
0.012687
0.017597
0.016137
0.012735
0.015282
0.025325
0.004137
0.017409
0.018740
0.007673
0.015373
0.026372
0.006961
0.008997
0.014595
0.014841
0.017125
0.024149
0.018270
0.007389
0.011816
0.010646
0.016057
0.013151
0.018554
0.011923
0.013560
0.070172
0.019343
0.000269
0.000134
0.000123
0.004334
0.010066
0.015259
0.013950
0.015524
0.014900
0.014476
0.024471
0.016727
0.013066
0.006371
0.013442
0.016343
0.013781
0.014969
0.028578
0.006163
0.013104
0.012048
0.019125
0.018351
0.010327
0.013079
0.023118
0.015895
0.016486
0.007429
0.009159
0.014310
0.015651
0.016312
0.016517
0.013353
0.012591
0.015786
0.015853
0.019588
0.011428
0.014602
0.016252
0.010036
0.014404
0.015214
0.026159
0.005409
0.013210
0.018340
0.012560
0.013369
0.016898
0.012560
0.015300
0.014465
0.018147
0.011346
0.018198
0.012135
0.014289
0.026561
0.008599
0.009095
0.014551
0.016042
0.014703
0.014434
0.014613
0.014737
0.015837
0.015898
0.014871
0.013391
0.016449
0.012084
0.016746
0.013569
0.016383
0.013237
0.015752
0.014128
0.013882
0.016542
0.013898
0.018146
0.011737
0.014216
0.014591
0.019781
0.013182
0.016746
0.013746
0.012615
0.026408
0.003697
0.015280
0.013891
0.014794
0.013950
0.014562
0.019542
0.009463
0.015040
0.038792
0.002878
0.007006
0.027636
0.022690
0.005533
0.009772
0.013147
0.010202
0.012077
0.013590
0.016984
0.012211
0.019790
0.009998
0.021072
0.010315
0.014159
0.016079
0.013774
0.014259
0.014312
0.014595
0.016068
0.016443
0.012100
0.015930
0.016243
0.014088
0.017067
0.013200
0.012222
0.022378
0.007563
0.015595
0.017169
0.011758
0.029824
0.006928
0.014495
0.015554
0.010166
0.014689
0.016254
0.013803
0.012873
0.014662
0.014423
0.018443
0.014931
0.010853
0.015446
0.013835
0.015613
0.015838
0.015313
0.013452
0.016018
0.014127
0.021091
0.007538
0.015725
0.014638
0.015275
0.014781
0.015402
0.013459
0.015189
0.017215
0.032885
0.005061
0.011716
0.011167
0.150585
0.003880
0.000267
0.000136
0.000125
0.000120
0.000119
0.000118
0.000123
0.000120
0.005800
0.012751
0.015240
0.019495
0.011390
0.013250
0.019291
0.017592
0.008445
0.013447
0.016585
0.013149
0.015864
0.019212
0.012870
0.014345
0.026766
0.003419
0.011491
0.015113
0.015468
0.013782
0.029178
0.006219
0.010585
0.014107
0.044703
0.005547
0.000264
0.009881
0.016679
0.014771
0.019252
0.012395
0.012067
0.014853
0.175145
0.172028
0.000262
0.000135
0.000125
0.000129
0.000122
0.000119
0.000120
0.000118
0.000118
0.000120
0.319622
0.000262
0.000136
0.000125
0.000122
0.000120
0.000120
0.000120
0.000119
0.000119
0.000118
0.000121
0.000119
0.000119
0.000125
0.000119
0.000119
0.000118
0.000118
0.000118
0.000117
0.000118
0.000119
0.000118
0.000118
0.000118
0.000119
0.000118
0.000116
0.000091
0.000091
0.000093
0.010020
0.088246
0.119545
0.000247
0.000257
0.000129
0.000123
0.000123
0.075739
0.000311
0.000145
0.000128
0.000124
0.000120
0.000122
0.000122
0.068137
0.000268
0.000137
0.000126
0.000125
0.041841
0.000260
0.000134
0.000127
0.000131
0.161728
0.000263
0.000137
0.017332
0.000279
0.000173
0.000130
0.000123
0.000123
0.000121
0.000121
0.000121
0.000120
0.000121
0.002773
0.015621
0.131119
0.009289
0.000264
0.000135
0.000132
0.000123
0.000122
0.000120
0.000121
0.303171
0.074269
0.000275
0.000138
0.000126
0.000123
0.000123
0.000122
0.000120
0.000120
0.000121
0.000120
0.000120
0.000119
0.000120
0.000119
0.000121
0.000127
0.000120
0.000119
0.000120
0.041828
0.000269
0.000136
0.000126
0.000123
0.000123
0.055872
0.000266
0.029530
0.000266
0.000136
0.000127
0.000124
0.014705
0.039353
0.020837
0.000287
0.000146
0.000129
0.039721
0.090273
0.000302
0.321314
0.000274
0.000139
0.000127
0.000122
0.000121
0.000121
0.018092
0.000266
0.000135
0.000247
0.000154
0.000130
0.000123
0.000122
0.000122
0.000125
0.000121
0.000120
0.000119
0.000120
0.000120
0.000120
0.000120
0.000120
0.000120
0.000121
0.132277
0.000282
0.095651
0.000272
0.000140
0.000159
0.000124
0.000123
0.000122
0.000121
0.000122
0.374814
0.000266
0.000136
0.000127
0.000123
0.000123
0.000122
0.082380
0.000262
0.000136
0.000127
0.000124
0.000121
0.000122
0.000121
0.000121
0.000120
0.000120
0.000120
0.000120
0.000120
0.000126
0.000122
0.000121
0.000120
0.000120
0.000121
0.000119
0.000121
0.000120
0.000120
0.000123
0.101771
0.000279
0.000172
0.000132
0.000128
0.129749
0.000273
0.000137
0.000128
0.000122
0.000124
0.000122
0.000122
0.011435
0.000264
0.000136
0.000127
0.000124
0.000123
0.000121
0.000123
0.004398
0.052121
0.200853
0.000279
0.000144
0.065527
0.000683
0.000233
0.000188
0.000135
0.000126
0.000139
0.000187
0.000126
0.000123
0.000204
0.000169
0.000154
0.000147
0.007649
0.000198
0.000094
0.000087
0.052856
0.010398
0.000272
0.000139
0.006125
0.587649
0.045048
0.000294
0.000143
0.000157
0.000183
0.000126
0.000123
0.000122
0.000122
0.000121
0.000122
0.000121
0.000121
0.000122
0.000121
0.000121
0.000120
0.000121
0.000121
0.000121
0.000123
0.085702
0.000277
0.000140
0.000133
0.000126
0.000125
0.000123
0.000123
0.000122
0.000122
0.000122
0.000121
0.000122
0.000121
0.000121
0.000120
0.000121
0.000121
0.000120
0.000122
0.000122
0.027729
0.000274
0.000139
0.000128
0.000129
0.000123
0.000124
0.112023
0.405334
0.000243
0.000096
0.000076
0.000074
0.000074
0.000073
0.000074
0.635985
0.000266
0.000139
0.000128
0.000126
0.000124
0.000124
0.000123
0.000122
0.000191
0.000126
0.000124
0.000122
0.000122
0.000121
0.000123
0.000122
0.000121
0.000123
0.000121
0.000123
0.000121
0.000130
0.000121
0.000122
0.000122
0.000123
0.015957
0.000269
0.000140
0.000138
0.000281
0.000128
0.000124
0.000123
0.000123
0.000124
0.000138
0.000126
0.000123
0.000123
0.000123
0.000122
0.000122
0.000123
0.000122
0.000123
0.000122
0.000123
0.000122
0.000122
0.000123
0.000125
0.000123
0.000122
0.000123
0.000117
0.000095
0.000095
0.000095
0.000094
0.000094
0.000096
0.011945
0.000268
0.000140
0.000129
0.000126
0.000125
0.000123
0.000126
0.014177
0.070607
0.161298
0.000272
0.000142
0.000132
0.000127
0.000128
0.019531
0.000336
0.000146
0.000129
0.000126
0.000123
0.000124
0.000124
0.000123
0.000124
0.006893
0.043203
0.012471
0.000477
0.000158
0.005471
0.116342
0.113297
0.000267
0.000138
0.000129
0.000125
0.000124
0.000125
0.011237
0.000266
0.000139
0.000128
0.000126
0.000124
0.000123
0.000123
0.015243
0.007769
0.076377
0.045423
0.000266
0.000146
0.000131
0.015806
0.000266
0.000140
0.000131
0.339324
0.121279
0.000265
0.000139
0.000130
0.000125
0.000124
0.000123
0.000126
0.000123
0.000122
0.000123
0.000122
0.000123
0.000122
0.000129
0.000124
0.000122
0.000122
0.000122
0.000122
0.000124
0.036080
0.000278
0.000144
0.000132
0.000128
0.000126
0.000125
0.000125
0.000133
0.000128
0.001858
0.000276
0.011340
0.027440
0.014059
0.067285
0.022913
0.000277
0.000143
0.000131
0.000130
0.628081
0.028874
0.000271
0.000141
0.000130
0.000128
0.000126
0.000125
0.000124
0.000125
0.000124
0.000124
0.000125
0.000123
0.000124
0.000129
0.000125
0.000125
0.000124
0.000125
0.000124
0.000127
0.020864
0.000274
0.000141
0.000144
0.000128
0.000125
0.000126
0.000125
0.000125
0.000123
0.000124
0.000124
0.000122
0.000124
0.000133
0.000124
0.000123
0.000124
0.000124
0.000124
0.000124
0.000123
0.000123
0.000123
0.000125
0.011097
0.018534
0.071095
0.023575
0.000271
0.000141
0.000131
0.000128
0.018698
0.056778
0.033720
0.000273
0.000140
0.000134
0.015774
0.000273
0.073849
0.122212
0.000270
0.000141
0.000131
0.000129
0.000128
0.190603
0.000300
0.000468
0.000208
0.000137
0.000131
0.000127
0.113526
0.000281
0.000146
0.000133
0.000128
0.000125
0.000126
0.000125
0.000124
0.000124
0.000123
0.000124
0.000125
0.009598
0.000269
0.000140
0.000131
0.000127
0.000125
0.000125
0.000127
0.081432
0.187870
0.000347
0.000143
0.000130
0.000129
0.021859
0.000280
0.000158
0.000132
0.000128
0.000128
0.000127
0.000126
0.000125
0.000125
0.000126
0.000126
0.000127
0.131121
0.000286
0.006379
0.000297
0.000217
0.000138
0.000130
0.000129
0.000128
0.000129
0.318016
0.016219
0.000270
0.000141
0.000133
0.000130
0.000128
0.000126
0.000127
0.000126
0.000125
0.000126
0.000126
0.000126
0.000126
0.000125
0.000196
0.000129
0.000126
0.000126
0.000125
0.000125
0.000128
0.038878
0.161117
0.000300
0.000151
0.302668
0.000387
0.000167
0.000136
0.000131
0.000128
0.000127
0.000126
0.000126
0.000127
0.416938
0.000273
0.000140
0.000131
0.000129
0.000126
0.000126
0.000126
0.000125
0.000125
0.000125
0.000125
0.000125
0.000125
0.000124
0.000126
0.000125
0.000125
0.000124
0.000124
0.000128
0.012884
0.000315
0.000150
0.000134
0.000130
0.000128
0.000128
0.000127
0.000142
0.000127
0.000126
0.000126
0.000125
0.000125
0.000125
0.000125
0.000125
0.000125
0.000124
0.000125
0.000124
0.000125
0.000132
0.000126
0.000125
0.000125
0.000124
0.000128
0.083331
0.046088
0.000346
0.000140
0.000109
0.000103
0.000102
0.164304
0.000286
0.000163
0.123888
0.000274
0.000143
0.000134
0.000130
0.000134
0.000129
0.000128
0.000128
0.000127
0.000128
0.076049
0.000285
0.000145
0.000134
0.000131
0.000130
0.000129
0.000130
0.000129
0.006218
0.000273
0.000144
0.000133
0.000132
0.015325
0.188542
0.112952
0.000271
0.000143
0.000133
0.000129
0.000129
0.000127
0.000127
0.000126
0.000125
0.000126
0.000127
0.018074
0.000291
0.000161
0.000134
0.000130
0.000129
0.000129
0.003397
0.000283
0.057885
0.009804
0.000287
0.000161
0.009572
0.083143
0.171809
0.000275
0.000144
0.000134
0.000131
0.039528
0.000273
0.000142
0.000133
0.000129
0.000127
0.000128
0.000127
0.000127
0.000127
0.000136
0.021473
0.000274
0.000144
0.000135
0.091291
0.039538
0.000282
0.000158
0.000135
0.000130
0.000130
0.043179
0.000285
0.049648
0.000278
0.000142
0.000136
0.070369
0.000274
0.000144
0.075501
0.000292
0.000148
0.000137
0.000133
0.054714
0.000276
0.000144
0.000134
0.000132
0.056033
0.000276
0.000143
0.000136
0.022532
0.000274
0.000146
0.029619
0.000277
0.034680
0.000282
0.004645
0.000282
0.008219
0.081519
0.015302
0.000284
0.000146
0.000137
0.000132
0.070010
0.027650
0.000303
0.000151
0.000136
0.000134
0.004170
0.017754
0.006251
0.100767
0.008595
0.000275
0.000144
0.000142
0.000133
0.000131
0.056706
0.050920
0.000272
0.000144
0.000135
0.051455
0.000286
0.000165
0.085949
0.000294
0.000149
0.000137
0.040851
0.000277
0.000159
0.000136
0.000132
0.000133
0.009218
0.000296
0.337990
0.004291
0.000286
0.000147
0.000136
0.000132
0.000131
0.000129
0.000130
0.000129
0.000129
0.000129
0.000128
0.000130
0.000128
0.000129
0.000128
0.000130
0.053036
0.000276
0.000223
0.000140
0.000132
0.000133
0.062731
0.000292
0.000156
0.000107
0.030192
0.000287
0.000146
0.000139
0.004375
0.000282
0.009536
0.012965
0.086936
0.010364
0.000285
0.000145
0.000137
0.000139
0.007064
0.012933
0.016366
0.073038
0.006970
0.000279
0.000145
0.000138
0.012438
0.014738
0.021503
0.004993
0.013731
0.026303
0.022480
0.003768
0.021743
0.008403
0.007355
0.012643
0.015294
0.014251
0.020461
0.009024
0.015677
0.014171
0.015015
0.015435
0.023569
0.006585
0.014913
0.058736
0.008649
0.000276
0.000159
0.029320
0.003914
0.004659
0.013883
0.013752
0.017800
0.011343
0.016653
0.022547
0.006021
0.015811
0.015331
0.014910
0.021808
0.005667
0.014595
0.020118
0.034573
0.008505
0.005835
0.011782
0.010062
0.017297
0.012778
0.015001
0.012536
0.014093
0.015893
0.015625
0.014870
0.014812
0.013225
0.021564
0.010921
0.018332
0.009131
0.018212
0.010766
0.027032
0.004225
0.015154
0.020165
0.011072
0.012318
0.016679
0.011828
0.015396
0.015158
0.019974
0.009216
0.016415
0.014365
0.015797
0.012693
0.014749
0.025489
0.006247
0.013933
0.019994
0.008779
0.017271
0.012248
0.015747
0.015260
0.018328
0.010762
0.014906
0.014181
0.014767
0.020989
0.027036
0.015135
0.012100
0.012135
0.009943
0.006745
0.039769
0.004974
0.019927
0.011125
0.007191
0.020003
0.011841
0.017288
0.004824
0.011080
0.019941
0.009729
0.014525
0.015895
0.015826
0.013267
0.017436
0.017185
0.009810
0.015877
0.017934
0.011903
0.019104
0.024001
0.005253
0.010851
0.016796
0.012984
0.014675
0.013796
0.019681
0.010242
0.015102
0.015897
0.015450
0.018296
0.021457
0.006192
0.012916
0.012757
0.015892
0.018083
0.011287
0.014362
0.016525
0.023008
0.007587
0.014118
0.013538
0.016004
0.013561
0.015121
0.015850
0.021022
0.022623
0.003295
0.018281
0.027137
0.009297
0.007940
0.014093
0.008666
0.019320
0.010082
0.040464
0.007738
0.024408
0.005720
0.000302
0.011962
0.019955
0.019485
0.008607
0.033208
0.051913
0.000237
0.017835
0.000280
0.000148
0.158115
0.099817
0.000298
0.000179
0.000142
0.000135
0.000135
0.000132
0.000133
0.000131
0.000132
0.000133
0.025509
0.000282
0.000147
0.000139
0.000134
0.000133
0.000134
0.015532
0.030488
0.000294
0.004918
0.000287
0.013979
0.021080
0.010464
0.014253
0.016745
0.014828
0.099385
0.039467
0.000282
0.000146
0.000138
0.000134
0.000134
0.017959
0.000308
0.015465
0.000299
0.019703
0.050806
0.073249
0.000284
0.000149
0.000140
0.055102
0.000293
0.000151
0.000138
0.000136
0.029523
0.000279
0.000146
0.000141
0.057272
0.006988
0.000282
0.000148
0.000141
0.005003
0.014516
0.013560
0.020446
0.007505
0.040667
0.008040
0.002769
0.008729
0.014864
0.014703
0.018705
0.010590
0.015945
0.036944
0.007563
0.006162
0.010027
0.021267
0.019673
0.005361
0.011807
0.014686
0.015914
0.012241
0.018230
0.031669
0.044791
0.015044
0.000281
0.000148
0.015883
0.000281
0.008259
0.019897
0.008429
0.015889
0.023522
0.005186
0.016521
0.014371
0.017382
0.014270
0.015639
0.010537
0.021722
0.009822
0.018219
0.010303
0.027796
0.010327
0.006071
0.017339
0.016620
0.013981
0.052950
0.016139
0.000297
0.000152
0.004732
0.019640
0.012183
0.011807
0.025270
0.003664
0.059740
0.059691
0.000282
0.000233
0.025753
0.000280
0.000149
0.000140
0.018635
0.000284
0.021034
0.027098
0.000247
0.008591
0.000314
0.021886
0.011865
0.009124
0.014939
0.015926
0.111022
0.011057
0.000303
0.000151
0.000149
0.000139
0.000135
0.000137
0.013213
0.013268
0.070839
0.007799
0.000284
0.000162
0.000143
0.007785
0.015811
0.014533
0.027831
0.016510
0.009188
0.009727
0.025657
0.014670
0.017922
0.005370
0.005810
0.013699
0.015123
0.015677
0.016450
0.013273
0.013624
0.019401
0.011556
0.013277
0.015934
0.014079
0.017364
0.012271
0.015942
0.022476
0.009023
0.016203
0.010937
0.015601
0.014279
0.016931
0.012968
0.013888
0.014776
0.019292
0.014007
0.011297
0.027316
0.005475
0.018432
0.008533
0.019159
0.012375
0.027286
0.005148
0.011539
0.013035
0.015841
0.022295
0.009374
0.018928
0.020911
0.009856
0.016088
0.016576
0.010256
0.014367
0.011281
0.014550
0.014126
0.014441
0.016001
0.013652
0.014500
0.014835
0.044405
0.003500
0.000297
0.010486
0.017036
0.014322
0.013537
0.013753
0.014932
0.022062
0.008565
0.016665
0.013051
0.014448
0.015342
0.027162
0.009321
0.007300
0.017732
0.029457
0.003734
0.031605
0.018661
0.005836
0.000285
0.013397
0.013223
0.022326
0.007977
0.015290
0.019355
0.014714
0.012524
0.012369
0.013658
0.016778
0.012707
0.027827
0.004139
0.013234
0.022744
0.019893
0.004634
0.012867
0.016748
0.020755
0.009854
0.014242
0.012153
0.016909
0.012767
0.014091
0.014909
0.015777
0.013621
0.027226
0.003332
0.015471
0.019035
0.012159
0.012096
0.015885
0.014453
0.014435
0.015493
0.013656
0.023914
0.005766
0.017882
0.012611
0.014431
0.013890
0.019114
0.014590
0.010889
0.016360
0.015955
0.012230
0.015164
0.019735
0.010263
0.018803
0.013448
0.014940
0.012403
0.019886
0.009244
0.016287
0.014397
0.016757
0.011767
0.015793
0.013296
0.017407
0.015275
0.011900
0.015560
0.014031
0.016420
0.013043
0.015978
0.016214
0.024515
0.005213
0.012685
0.089992
0.015314
0.000282
0.000148
0.000139
0.000138
0.004100
0.017089
0.006913
0.015324
0.014921
0.021625
0.010752
0.011394
0.014419
0.015411
0.015616
0.015619
0.016789
0.012034
0.016526
0.012082
0.019707
0.018900
0.005600
0.017295
0.014293
0.026022
0.003685
0.012890
0.015607
0.015142
0.023484
0.006178
0.015637
0.017487
0.033750
0.013055
0.000293
0.016266
0.012739
0.009147
0.013365
0.017164
0.019390
0.008134
0.019756
0.012670
0.017452
0.010546
0.013665
0.017296
0.015642
0.015130
0.013087
0.012982
0.024584
0.006331
0.018360
0.010796
0.029125
0.352727
0.000285
0.000150
0.000140
0.000138
0.000135
0.000136
0.000134
0.000134
0.000134
0.000134
0.000134
0.000143
0.000135
0.000135
0.000135
0.010897
0.000286
0.000151
0.000142
0.000136
0.000135
0.000135
0.000133
0.000135
0.007911
0.094707
0.013125
0.000318
0.000158
0.000142
0.000139
0.000137
0.011750
0.009222
0.038219
0.030583
0.000297
0.011756
0.000288
0.043152
0.014304
0.000290
0.058887
0.050392
0.000301
0.000156
0.000145
0.032141
0.000289
0.000151
0.000145
0.046551
0.000295
0.015089
0.000306
0.000158
0.023557
0.010110
0.000318
0.012563
0.043016
0.014614
0.000264
0.000123
0.060315
0.010816
0.000305
0.000155
0.008275
0.004700
0.020796
0.011151
0.014449
0.055678
0.022805
0.000296
0.000156
0.021386
0.010263
0.000290
0.028130
0.011087
0.029516
0.020219
0.000289
0.036330
0.009827
0.000286
0.000155
0.005859
0.012538
0.025438
0.006998
0.039832
0.010196
0.000310
0.007296
0.013771
0.015188
0.015910
0.013367
0.017217
0.036671
0.004667
0.007273
0.008662
0.014824
0.020933
0.038093
0.007665
0.000300
0.111636
0.057373
0.000287
0.000150
0.000140
0.000139
0.000136
0.000144
0.011651
0.000320
0.000158
0.000145
0.023908
0.049555
0.012224
0.000310
0.000158
0.000146
0.008511
0.020067
0.010780
0.051767
0.057647
0.000420
0.000193
0.010395
0.000298
0.000154
0.000150
0.010021
0.031634
0.040376
0.031076
0.000288
0.000154
0.010576
0.000288
0.027318
0.066331
0.000299
0.042447
0.000289
0.000153
0.000145
0.019441
0.000295
0.000155
0.036993
0.081721
0.000290
0.000301
0.048179
0.000293
0.000154
0.000145
0.000141
0.000142
0.030896
0.000292
0.000156
0.003818
0.000292
0.122270
0.030729
0.000299
0.000172
0.000145
0.000142
0.000140
0.000140
0.015915
0.000317
0.000162
0.015505
0.014731
0.026958
0.021330
0.020320
0.000300
0.003177
0.013121
0.018561
0.013862
0.025797
0.262073
0.037784
0.000335
0.000208
0.000164
0.000160
0.000160
0.000139
0.000271
0.000199
0.000157
0.000158
0.000177
0.000138
0.000137
0.000136
0.000137
0.022177
0.000252
0.000123
0.000115
0.052317
0.000296
0.014913
0.000289
0.000156
0.000145
0.112311
0.019692
0.000321
0.000161
0.000146
0.000140
0.000139
0.000137
0.000139
0.016839
0.013907
0.016402
0.013999
0.013914
0.010147
0.039073
0.038302
0.000302
0.005044
0.000290
0.000155
0.013917
0.033612
0.007571
0.056592
0.020728
0.000286
0.000152
0.000145
0.010178
0.013536
0.042048
0.412752
0.000305
0.000172
0.000145
0.000142
0.000139
0.000138
0.000138
0.000139
0.000139
0.000137
0.000137
0.000137
0.000144
0.000140
0.000138
0.000137
0.000137
0.000139
0.041194
0.000299
0.000158
0.000143
0.000140
0.000139
0.000138
0.000138
0.000138
0.000137
0.000136
0.000139
0.037524
0.000287
0.000154
0.034605
0.000300
0.006455
0.000288
0.066301
0.013132
0.000288
0.000153
0.000146
0.074917
0.016426
0.000247
0.000121
0.000112
0.000108
0.000108
0.058039
0.008373
0.000294
0.000157
0.011228
0.016651
0.005169
0.036421
0.009146
0.000296
0.057569
0.019454
0.000290
0.000156
0.013029
0.031518
0.027345
0.000291
0.000156
0.027519
0.020695
0.000292
0.020696
0.099650
0.000292
0.007049
0.000302
0.000165
0.000148
0.000143
0.000142
0.000142
0.032220
0.010970
0.009428
0.005378
0.019875
0.045817
0.011717
0.000345
0.000177
0.012057
0.011337
0.015329
0.017676
0.010302
0.015062
0.016923
0.012399
0.015250
0.014735
0.023092
0.007924
0.015298
0.012566
0.016098
0.015303
0.014282
0.017768
0.011759
0.025025
0.005346
0.014190
0.015308
0.017057
0.011544
0.016422
0.013690
0.021443
0.013542
0.077585
0.016498
0.000291
0.000157
0.000147
0.000147
0.014907
0.003312
0.053012
0.325193
0.000331
0.000166
0.010470
0.000299
0.000158
0.000145
0.000143
0.000140
0.000140
0.000140
0.000139
0.000144
0.000140
0.000139
0.000138
0.000138
0.000141
0.001262
0.000299
0.000158
0.000145
0.000142
0.000142
0.000141
0.011100
0.014141
0.049383
0.013886
0.000297
0.000157
0.006496
0.014620
0.015025
0.024559
0.008983
0.010742
0.033215
0.006618
0.005125
0.022896
0.008007
0.014559
0.017802
0.010239
0.015659
0.014231
0.021985
0.010308
0.013525
0.016193
0.012272
0.014645
0.014389
0.017223
0.023978
0.004789
0.014605
0.022052
0.006619
0.015181
0.014335
0.022197
0.008798
0.014084
0.018833
0.010290
0.015028
0.017140
0.018883
0.008264
0.015535
0.046791
0.007774
0.000294
0.014860
0.015727
0.007227
0.011145
0.016027
0.013652
0.015725
0.109231
0.014142
0.000352
0.000166
0.000150
0.000145
0.000146
0.000149
0.007567
0.014961
0.018739
0.010346
0.015027
0.018408
0.012947
0.013854
0.017953
0.011230
0.014410
0.017467
0.012657
0.014966
0.016220
0.026977
0.004393
0.011593
0.016219
0.014495
0.014732
0.014221
0.015169
0.014868
0.015486
0.018620
0.017648
0.007464
0.015119
0.017407
0.015179
0.013646
0.012138
0.016594
0.013565
0.015979
0.020848
0.007779
0.015357
0.014454
0.030915
0.005350
0.007595
0.015060
0.023333
0.045118
0.020166
0.000302
0.000159
0.146641
0.004707
0.000293
0.000158
0.000147
0.000143
0.000142
0.000142
0.000141
0.000152
0.000144
0.010166
0.017066
0.016447
0.018719
0.011996
0.013392
0.013714
0.013647
0.027106
0.004260
0.014094
0.018077
0.009801
0.015650
0.015190
0.020975
0.014036
0.011312
0.013515
0.013348
0.016227
0.017782
0.022512
0.026436
0.003712
0.006104
0.014217
0.012723
0.014712
0.014289
0.036693
0.009956
0.004509
0.009436
0.018500
0.008911
0.020192
0.014684
0.013497
0.011246
0.017592
0.013558
0.015010
0.015831
0.013539
0.013982
0.020747
0.008654
0.016303
0.013193
0.015270
0.014193
0.015018
0.014764
0.128203
0.008115
0.000296
0.000161
0.000150
0.000146
0.000144
0.000144
0.000144
0.012426
0.015145
0.016586
0.019619
0.016456
0.008480
0.013910
0.012336
0.018915
0.019469
0.014325
0.009287
0.018596
0.009765
0.018694
0.022117
0.017543
0.005385
0.009395
0.014935
0.014143
0.016865
0.013774
0.024216
0.007706
0.012277
0.015516
0.018626
0.012915
0.019685
0.010020
0.011913
0.016030
0.063675
0.013217
0.000312
0.000165
0.007208
0.004960
0.014688
0.025352
0.004794
0.020135
0.010681
0.018678
0.010801
0.043599
0.012772
0.000297
0.011599
0.011874
0.009807
0.011150
0.081041
0.016476
0.000304
0.000161
0.000152
0.000148
0.010293
0.020469
0.004068
0.054343
0.053267
0.000296
0.000161
0.010381
0.000323
0.000166
0.002911
0.010972
0.016473
0.027455
0.009720
0.060660
0.013071
0.000325
0.000266
0.000157
0.039383
0.101657
0.000300
0.015492
0.000246
0.000125
0.000117
0.000113
0.000112
0.000113
0.014638
0.013122
0.022727
0.017051
0.012730
0.000298
0.013448
0.015792
0.029519
0.005241
0.006804
0.008606
0.015550
0.016152
0.044223
0.004130
0.000299
0.007947
0.022131
0.008281
0.015100
0.018095
0.016451
0.017168
0.009342
0.017090
0.018005
0.033648
0.006143
0.000304
0.021654
0.004167
0.017246
0.014583
0.014743
0.019439
0.025685
0.011149
0.010927
0.005179
0.014382
0.016099
0.014457
0.026823
0.007677
0.020265
0.050588
0.022696
0.000297
0.000160
0.013428
0.005645
0.010593
0.018180
0.006258
0.013785
0.016868
0.008773
0.015451
0.015415
0.013596
0.023412
0.006534
0.024176
0.073720
0.012019
0.000336
0.000168
0.000150
0.000149
0.006963
0.015591
0.014599
0.016333
0.020595
0.007602
0.015444
0.029798
0.005858
0.011832
0.010951
0.014926
0.014625
0.017951
0.017248
0.010281
0.019247
0.014027
0.010489
0.014510
0.016177
0.018419
0.010516
0.014711
0.018450
0.014012
0.013768
0.015886
0.049009
0.007636
0.000313
0.010794
0.003610
0.021948
0.008008
0.016766
0.016150
0.014583
0.022217
0.006920
0.011578
0.014849
0.018714
0.014934
0.011739
0.028176
0.016683
0.003736
0.010629
0.021462
0.012927
0.013367
0.016433
0.013586
0.021396
0.020539
0.012685
0.006525
0.012450
0.010806
0.025094
0.017728
0.003229
0.022098
0.006048
0.015794
0.049077
0.014017
0.000309
0.015024
0.000305
0.010593
0.013383
0.053691
0.021264
0.000309
0.000164
0.022550
0.006158
0.005932
0.023802
0.004904
0.013624
0.032170
0.030958
0.015702
0.000302
0.004973
0.004046
0.022126
0.006127
0.013909
0.017041
0.012576
0.014073
0.024937
0.016405
0.004862
0.046505
0.006922
0.000310
0.004659
0.025070
0.008617
0.011281
0.015781
0.015827
0.019503
0.007516
0.015557
0.014386
0.017041
0.015871
0.011883
0.016601
0.013721
0.014373
0.023340
0.017470
0.017302
0.005554
0.016032
0.008923
0.015790
0.027870
0.004840
0.010190
0.015462
0.016392
0.082935
0.007546
0.000312
0.000166
0.000153
0.000151
0.012170
0.016559
0.013831
0.013853
0.014760
0.020783
0.010846
0.020465
0.007203
0.013770
0.015011
0.021510
0.015508
0.025367
0.004133
0.015687
0.006607
0.014963
0.020349
0.014986
0.011059
0.022951
0.006673
0.013602
0.019195
0.011832
0.017496
0.011798
0.013055
0.016189
0.029265
0.008296
0.029489
0.020963
0.008168
0.000304
0.006486
0.014376
0.014999
0.016344
0.040012
0.015139
0.000314
0.005813
0.011464
0.015570
0.014887
0.015734
0.018793
0.009124
0.014843
0.015425
0.015697
0.015625
0.027376
0.012607
0.006420
0.010774
0.030624
0.018381
0.007209
0.005723
0.024957
0.003463
0.014583
0.016686
0.011830
0.015372
0.017823
0.012608
0.015865
0.013701
0.019921
0.022796
0.009373
0.014865
0.011975
0.107142
0.007703
0.000300
0.000164
0.000162
0.000151
0.000148
0.000149
0.012928
0.013704
0.015851
0.022680
0.006627
0.015158
0.023020
0.006073
0.014461
0.019900
0.025319
0.004218
0.009648
0.015339
0.016012
0.014379
0.079178
0.007834
0.000314
0.000162
0.000155
0.003502
0.014986
0.012433
0.016007
0.013637
0.013505
0.039041
0.019873
0.005101
0.000305
0.011210
0.014411
0.013929
0.015247
0.020362
0.011567
0.031226
0.017150
0.003092
0.008469
0.011300
0.028479
0.005298
0.011027
0.025172
0.066926
0.009551
0.000299
0.000161
0.000153
0.003511
0.014140
0.015982
0.023355
0.005856
0.024804
0.006565
0.011481
0.019278
0.010444
0.025973
0.004609
0.015157
0.015380
0.013048
0.015676
0.019701
0.051890
0.008197
0.000200
0.000102
0.025593
0.016173
0.136670
0.197324
0.000333
0.000171
0.000162
0.000154
0.000150
0.000147
0.000255
0.000152
0.000150
0.047198
0.000310
0.000164
0.000154
0.000150
0.000149
0.000148
0.000147
0.000146
0.000146
0.000147
0.000146
0.000146
0.015760
0.000324
0.000171
0.011013
0.012195
0.010446
0.011303
0.015601
0.010329
0.025025
0.008148
0.047378
0.011575
0.000404
0.000196
0.010248
0.153760
0.013726
0.000302
0.000164
0.000152
0.000151
0.000149
0.000149
0.000147
0.000147
0.000157
0.008201
0.040803
0.017215
0.000309
0.073036
0.023493
0.000332
0.000170
0.000153
0.000153
0.009290
0.000317
0.012630
0.016236
0.015953
0.023038
0.011845
0.011362
0.012087
0.013741
0.015726
0.014567
0.013977
0.019091
0.014021
0.010434
0.017560
0.012269
0.034870
0.016019
0.050412
0.030543
0.000299
0.000161
0.000156
0.054253
0.000304
0.011145
0.000306
0.000162
0.000156
0.013002
0.012421
0.056474
0.026751
0.000306
0.000164
0.019728
0.000304
0.035262
0.015671
0.000303
0.000164
0.030900
0.009938
0.000239
0.014300
0.043213
0.031361
0.000315
0.004893
0.000320
0.011078
0.041677
0.029026
0.000309
0.009946
0.000310
0.011552
0.015205
0.075909
0.020869
0.000310
0.000163
0.000155
0.000153
0.017230
0.004785
0.004269
0.022844
0.005264
0.027983
0.008572
0.009016
0.027593
0.006002
0.036636
0.006480
0.000314
0.016249
0.009481
0.015912
0.015216
0.019287
0.026601
0.008019
0.029990
0.016006
0.000312
0.013950
0.012543
0.031838
0.013650
0.000321
0.022314
0.045658
0.014648
0.000316
0.000172
0.010943
0.006005
0.016914
0.006677
0.019620
0.009502
0.021165
0.023985
0.009477
0.012617
0.009700
0.024012
0.004860
0.026663
0.082919
0.010011
0.000334
0.000171
0.000165
0.000152
0.000152
0.041249
0.103573
0.000305
0.009470
0.000303
0.000165
0.000154
0.000151
0.000150
0.000151
0.003877
0.049258
0.043050
0.000205
0.042528
0.000313
0.000173
0.009488
0.000262
0.000288
0.006705
0.051054
0.033288
0.000317
0.000171
0.008626
0.000318
0.011887
0.025764
0.011564
0.010883
0.289617
0.041421
0.000306
0.000163
0.000154
0.000151
0.000149
0.000150
0.000148
0.000158
0.000150
0.000149
0.000148
0.000149
0.000149
0.000147
0.000151
0.001856
0.000331
0.000172
0.000157
0.000153
0.000153
0.010938
0.015489
0.013472
0.016478
0.017339
0.012364
0.013066
0.016578
0.014291
0.032539
0.016345
0.016881
0.004478
0.003897
0.022177
0.007596
0.013615
0.015934
0.013556
0.018878
0.018410
0.009564
0.065190
0.010378
0.000306
0.000166
0.003727
0.008342
0.013653
0.016981
0.036055
0.005304
0.008979
0.017068
0.015032
0.014027
0.025906
0.020064
0.009724
0.000311
0.099163
0.025224
0.000254
0.000128
0.000120
0.000116
0.000118
0.012438
0.001115
0.004264
0.014761
0.015580
0.020607
0.024543
0.003733
0.009185
0.014026
0.015721
0.015223
0.014002
0.019383
0.013243
0.013009
0.016487
0.013640
0.035351
0.004894
0.004850
0.012931
0.016633
0.041260
0.007238
0.000313
0.008622
0.014683
0.017765
0.012877
0.015296
0.013160
0.017634
0.014356
0.017984
0.010048
0.014402
0.016345
0.020651
0.008274
0.021264
0.007551
0.018684
0.035813
0.034247
0.009247
0.000322
0.000173
0.017175
0.003866
0.013607
0.018042
0.013385
0.020370
0.012525
0.023686
0.003256
0.017229
0.010269
0.018439
0.020372
0.015894
0.006943
0.013685
0.015068
0.019353
0.011382
0.013624
0.013461
0.034670
0.004918
0.006906
0.012734
0.015966
0.020378
0.033829
0.010743
0.026896
0.007916
0.000396
0.015635
0.005448
0.016680
0.011867
0.012734
0.018071
0.011392
0.015211
0.018704
0.010091
0.016701
0.013935
0.018959
0.013624
0.013927
0.018018
0.010512
0.013365
0.015570
0.018081
0.012808
0.032958
0.003762
0.022689
0.008302
0.006667
0.014015
0.014375
0.014940
0.021032
0.009088
0.012613
0.015221
0.015175
0.019327
0.017782
0.020787
0.027487
0.003475
0.005655
0.011190
0.012520
0.027507
0.007455
0.012148
0.014703
0.013868
0.013649
0.019369
0.012381
0.015662
0.012046
0.017212
0.012574
0.030314
0.015954
0.003244
0.022342
0.012213
0.006760
0.020913
0.008219
0.013978
0.014299
0.017393
0.022772
0.007464
0.012036
0.017384
0.011802
0.015873
0.013443
0.015146
0.021205
0.020895
0.005772
0.018771
0.015173
0.015680
0.006418
0.014293
0.015962
0.015683
0.019171
0.011738
0.021881
0.007099
0.012360
0.017014
0.012595
0.017161
0.013963
0.013969
0.016318
0.024203
0.006447
0.019954
0.007340
0.017042
0.012335
0.025905
0.004820
0.013141
0.023403
0.009914
0.013056
0.015364
0.034829
0.005396
0.010481
0.017486
0.007418
0.013036
0.095439
0.010680
0.000280
0.000189
0.000185
0.000186
0.005275
0.006071
0.111697
0.011196
0.000322
0.000173
0.000162
0.000160
0.000158
0.000175
0.019037
0.005798
0.098585
0.002825
0.000318
0.000174
0.000164
0.000162
0.007756
0.006597
0.016676
0.102662
0.007908
0.000256
0.000175
0.000166
0.000161
0.000170
0.006166
0.024570
0.099661
0.006688
0.000321
0.000176
0.000163
0.000161
0.000161
0.026597
0.005559
0.009065
0.007116
0.017708
0.100576
0.008621
0.000339
0.000178
0.000166
0.000161
0.000162
0.006700
0.014258
0.014332
0.017683
0.011451
0.016339
0.017650
0.009297
0.014317
0.022660
0.010108
0.021883
0.005393
0.014444
0.017874
0.010946
0.034202
0.008858
0.020267
0.004507
0.012639
0.031179
0.004414
0.010391
0.010349
0.024480
0.010648
0.008564
0.024466
0.005863
0.011487
0.016259
0.015129
0.016270
0.012749
0.013893
0.015226
0.014350
0.018621
0.018567
0.019050
0.012200
0.006271
0.014932
0.016858
0.016631
0.011225
0.017228
0.021488
0.006500
0.018306
0.014570
0.014345
0.018344
0.009008
0.015493
0.019002
0.012968
0.010972
0.015014
0.014411
0.018566
0.012703
0.013965
0.013883
0.023164
0.007771
0.015276
0.013362
0.014640
0.015432
0.015693
0.022251
0.005206
0.017446
0.012816
0.016593
0.015569
0.101239
0.007521
0.000324
0.000179
0.000166
0.000163
0.000163
0.006783
0.014802
0.022875
0.012796
0.010973
0.023838
0.003959
0.013872
0.014909
0.017467
0.013132
0.023733
0.009219
0.012790
0.025307
0.004321
0.022433
0.012616
0.018847
0.004466
0.020025
0.010315
0.014904
0.042058
0.007501
0.000403
0.010968
0.011820
0.015719
0.019302
0.009112
0.020285
0.015954
0.014067
0.009006
0.018301
0.011973
0.015677
0.013062
0.016513
0.014067
0.015349
0.013426
0.015162
0.022312
0.020152
0.007728
0.017590
0.007019
0.014081
0.014557
0.017636
0.014121
0.014056
0.013450
0.015059
0.025548
0.007928
0.023423
0.006811
0.016683
0.008473
0.016466
0.014991
0.013008
0.019576
0.014708
0.012212
0.019013
0.019522
0.009977
0.012090
0.012758
0.014803
0.016842
0.032925
0.004953
0.021876
0.012367
0.005960
0.013299
0.009657
0.015150
0.049169
0.011527
0.000327
0.011983
0.007461
0.008957
0.015014
0.020447
0.009114
0.015306
0.015284
0.013941
0.015130
0.021554
0.007774
0.020951
0.010385
0.015647
0.029318
0.006128
0.007533
0.013080
0.032078
0.006272
0.005481
0.019322
0.015903
0.015612
0.014579
0.013688
0.012058
0.067648
0.008235
0.000320
0.000178
0.000166
0.010592
0.017542
0.012413
0.014963
0.019364
0.010556
0.014884
0.030297
0.013067
0.005855
0.016068
0.007867
0.015269
0.015034
0.014610
0.018126
0.013938
0.012010
0.016582
0.012610
0.015750
0.014154
0.021382
0.009568
0.013603
0.016333
0.017589
0.016993
0.017404
0.010080
0.013735
0.014989
0.015010
0.018312
0.008142
0.016272
0.028218
0.004258
0.014404
0.010994
0.016490
0.012795
0.016333
0.014743
0.017786
0.010758
0.014762
0.015329
0.016843
0.028806
0.005708
0.007987
0.014453
0.015223
0.015876
0.013381
0.026250
0.024273
0.008431
0.003877
0.011202
0.018825
0.012418
0.024438
0.003633
0.020607
0.031785
0.006014
0.006780
0.009577
0.015323
0.016038
0.015703
0.012635
0.023771
0.004720
0.033642
0.003561
0.009477
0.039983
0.004727
0.000328
0.019969
0.017460
0.036344
0.006791
0.000326
0.016127
0.007582
0.011123
0.016570
0.013572
0.015070
0.014222
0.020110
0.012272
0.021512
0.010748
0.023053
0.008402
0.014096
0.017732
0.015023
0.041571
0.007621
0.000330
0.006172
0.018140
0.056917
0.010604
0.000325
0.000181
0.004115
0.008160
0.112447
0.009418
0.000341
0.000181
0.000169
0.000164
0.000161
0.000164
0.011228
0.026836
0.004041
0.020421
0.016442
0.007081
0.018445
0.011373
0.019039
0.026214
0.005042
0.011485
0.014442
0.023119
0.007778
0.013498
0.011153
0.019131
0.016848
0.019983
0.005186
0.017063
0.018322
0.008398
0.016534
0.013728
0.021814
0.007393
0.019229
0.015896
0.009112
0.015199
0.020481
0.018321
0.005580
0.025141
0.045612
0.009877
0.000331
0.000181
0.009083
0.013286
0.014901
0.014970
0.017402
0.028727
0.029161
0.004233
0.000329
0.008312
0.015222
0.020726
0.020454
0.004729
0.033681
0.006764
0.003724
0.013767
0.017384
0.014419
0.017478
0.011513
0.014936
0.016557
0.011393
0.017254
0.025619
0.012423
0.012462
0.006237
0.017112
0.012866
0.015853
0.014308
0.023980
0.007943
0.021831
0.005095
0.021608
0.011455
0.011560
0.018967
0.010940
0.016082
0.014744
0.025236
0.006618
0.018248
0.023371
0.007284
0.007358
0.035479
0.005741
0.011344
0.007520
0.016261
0.020596
0.006253
0.017332
0.022254
0.022087
0.004612
0.011405
0.013956
0.011904
0.019545
0.041469
0.039306
0.000328
0.007012
0.000335
0.000183
0.018050
0.008442
0.015472
0.024674
0.022844
0.092558
0.006463
0.000331
0.000181
0.000171
0.000166
0.000167
0.006072
0.008384
0.021706
0.007427
0.035588
0.003487
0.005977
0.014699
0.019855
0.010695
0.023597
0.014421
0.029862
0.005230
0.005377
0.021212
0.004891
0.015912
0.013640
0.057024
0.010161
0.000343
0.000188
0.004677
0.015906
0.018193
0.010975
0.018030
0.011031
0.014367
0.018065
0.041624
0.003666
0.000335
0.011147
0.864759
0.000329
0.000194
0.000171
0.000167
0.000165
0.000174
0.000165
0.000163
0.000164
0.000162
0.000162
0.000162
0.000162
0.000162
0.005558
0.000327
0.000181
0.000170
0.000166
0.000164
0.000164
0.000163
0.000163
0.000163
0.000161
0.000162
0.000163
0.000162
0.000162
0.000161
0.000163
0.000161
0.000162
0.000162
0.000159
0.000125
0.000125
0.000126
0.000125
0.000125
0.000125
0.000125
0.000126
0.000126
0.000125
0.000125
0.000124
0.000125
0.000125
0.000124
0.000126
0.000125
0.000126
0.000125
0.000124
0.000125
0.000126
0.000126
0.012241
0.015923
0.012093
0.014234
0.022051
0.008699
0.022660
0.009341
0.017730
0.041855
0.010387
0.000331
0.006545
0.019455
0.005961
0.024198
0.007337
0.025262
0.003753
0.013456
0.023174
0.009158
0.016466
0.014565
0.009471
0.029002
0.004414
0.016889
0.017286
0.030397
0.003284
0.006674
0.011367
0.013630
0.015490
0.017633
0.011333
0.019121
0.011048
0.014769
0.015971
0.014937
0.012910
0.015070
0.015684
0.025315
0.008590
0.014451
0.013162
0.016630
0.015390
0.010800
0.022243
0.008810
0.018300
0.016055
0.007484
0.014643
0.016654
0.013255
0.019699
0.022561
0.004748
0.023252
0.005078
0.014237
0.016750
0.012146
0.015524
0.069528
0.007063
0.000332
0.000180
0.000171
0.011802
0.014044
0.024210
0.008185
0.023334
0.005748
0.018070
0.019396
0.011031
0.008787
0.014641
0.018392
0.014453
0.013573
0.014611
0.028459
0.004777
0.012839
0.018542
0.010003
0.014207
0.013695
0.016598
0.013170
0.018457
0.019273
0.006736
0.016091
0.031219
0.003833
0.008348
0.029924
0.004832
0.026439
0.003849
0.023413
0.024338
0.012565
0.060284
0.000337
0.000182
0.000173
0.000171
0.011947
0.018130
0.008416
0.013108
0.024789
0.007364
0.014399
0.019573
0.007477
0.018438
0.014066
0.055042
0.031750
0.000330
0.000183
0.019516
0.000337
0.003922
0.005107
0.014664
0.015176
0.015489
0.015013
0.015428
0.019107
0.009668
0.013413
0.014759
0.016070
0.022548
0.007227
0.022932
0.009993
0.012381
0.014395
0.014289
0.017243
0.021294
0.006421
0.013962
0.016775
0.079338
0.009436
0.000337
0.000183
0.000175
0.006557
0.006120
0.033064
0.007627
0.028605
0.006128
0.061536
0.011699
0.000329
0.000182
0.000174
0.006298
0.009836
0.012512
0.014481
0.022288
0.017202
0.007673
0.014267
0.025609
0.012609
0.006634
0.017829
0.014090
0.021054
0.006751
0.022234
0.025355
0.013356
0.006984
0.006952
0.024916
0.003160
0.017924
0.010681
0.015519
0.060995
0.010693
0.000330
0.000184
0.004189
0.012775
0.013358
0.014705
0.015385
0.015259
0.041868
0.034930
0.000352
0.009051
0.000340
0.004228
0.013001
0.013992
0.013964
0.016352
0.013624
0.016649
0.013901
0.013938
0.015419
0.017871
0.018032
0.007545
0.015182
0.024498
0.007847
0.016791
0.011434
0.014122
0.015842
0.016565
0.021752
0.006248
0.017215
0.018875
0.007280
0.028780
0.014591
0.023833
0.018220
0.014190
0.003423
0.004341
0.011291
0.027126
0.028537
0.004108
0.004085
0.009645
0.015165
0.056771
0.010912
0.000349
0.000187
0.006579
0.031240
0.017638
0.003509
0.008103
0.012444
0.030629
0.006219
0.008215
0.015130
0.015165
0.014591
0.014580
0.018446
0.018856
0.025038
0.005360
0.008216
0.023746
0.008307
0.015018
0.011760
0.015503
0.016755
0.015123
0.017887
0.007410
0.014699
0.016373
0.014579
0.017783
0.013235
0.018454
0.009032
0.023816
0.024482
0.008734
0.006528
0.018955
0.005846
0.015779
0.014217
0.038936
0.061177
0.006183
0.000340
0.000185
0.000173
0.000172
0.011334
0.016716
0.015668
0.028313
0.006653
0.023078
0.011448
0.003392
0.015608
0.013071
0.013910
0.020228
0.020859
0.005533
0.043156
0.006767
0.000336
0.007191
0.017455
0.014340
0.015761
0.011876
0.014356
0.022438
0.008836
0.015805
0.013454
0.017086
0.022095
0.009392
0.011382
0.017888
0.011535
0.015503
0.015488
0.011945
0.015278
0.019945
0.010630
0.023522
0.006184
0.013555
0.014726
0.017622
0.014274
0.015973
0.029796
0.005602
0.005684
0.025124
0.004390
0.014933
0.016480
0.015260
0.013122
0.015608
0.018763
0.011962
0.040759
0.003292
0.000336
0.020501
0.008505
0.025111
0.004364
0.013631
0.016725
0.023770
0.003743
0.015473
0.019832
0.010317
0.013741
0.020757
0.019498
0.004575
0.018070
0.012419
0.013772
0.016962
0.018055
0.013821
0.010187
0.015324
0.015564
0.016211
0.012124
0.014752
0.015683
0.013824
0.014959
0.014899
0.014813
0.014938
0.015420
0.015127
0.013944
0.014759
0.014891
0.015681
0.015893
0.012986
0.014567
0.015271
0.014906
0.014646
0.014839
0.017291
0.012178
0.014787
0.015060
0.014543
0.014965
0.015048
0.014561
0.015436
0.015109
0.013989
0.014759
0.015024
0.015035
0.014909
0.014527
0.014938
0.014717
0.017059
0.013289
0.029839
0.002802
0.012508
0.013995
0.014422
0.014781
0.015803
0.013762
0.016955
0.028801
0.002973
0.010747
0.014961
0.015789
0.013957
0.014792
0.014689
0.014959
0.014921
0.014694
0.015052
0.014737
0.014525
0.015128
0.015418
0.014120
0.015164
0.015064
0.014411
0.014988
0.014969
0.015555
0.014004
0.014596
0.014923
0.014874
0.014711
0.016849
0.012798
0.014938
0.015246
0.014480
0.016321
0.013273
0.014719
0.015018
0.014731
0.014721
0.015046
0.025474
0.014706
0.004238
0.014899
0.015753
0.013853
0.016863
0.012671
0.015103
0.014969
0.014848
0.014777
0.015493
0.014529
0.014243
0.016724
0.013508
0.016156
0.013263
0.033114
0.008236
0.005447
0.012684
0.014582
0.015107
0.014412
0.015095
0.014708
0.015382
0.014984
0.026676
0.003212
0.013826
0.015212
0.014293
0.015192
0.015085
0.014503
0.014730
0.016142
0.014127
0.014263
0.017179
0.012705
0.014617
0.016491
0.015136
0.012882
0.014953
0.014694
0.014977
0.014691
0.014936
0.014950
0.014893
0.014860
0.052832
0.000338
0.018699
0.000335
0.020126
0.006759
0.005474
0.015423
0.013747
0.014666
0.014450
0.015614
0.014028
0.014969
0.016276
0.016952
0.011356
0.015355
0.014135
0.014711
0.035539
0.002843
0.006151
0.014786
0.014843
0.015973
0.013742
0.016443
0.013113
0.015021
0.015362
0.024800
0.004776
0.014148
0.016224
0.014113
0.014382
0.014962
0.017246
0.011996
0.015163
0.014490
0.015565
0.014342
0.016336
0.013647
0.014661
0.014650
0.014737
0.014781
0.014923
0.015397
0.014251
0.014773
0.014801
0.014901
0.022918
0.006553
0.017756
0.012242
0.014417
0.014966
0.014826
0.014882
0.015668
0.017503
0.012263
0.014807
0.018962
0.010609
0.014057
0.015295
0.014495
0.014897
0.017116
0.012186
0.014992
0.015157
0.014721
0.014778
0.014610
0.014774
0.014809
0.016130
0.013407
0.015076
0.014851
0.014847
0.015163
0.014341
0.014991
0.014851
0.014629
0.014706
0.015231
0.014688
0.014908
0.014840
0.022986
0.006530
0.014779
0.014800
0.014747
0.015611
0.014142
0.016266
0.013667
0.014436
0.015392
0.014230
0.015318
0.019176
0.010428
0.014528
0.018318
0.011583
0.014783
0.015598
0.013968
0.014862
0.014950
0.014616
0.015248
0.014564
0.015659
0.014086
0.016278
0.012999
0.014843
0.014846
0.017938
0.012729
0.015143
0.018607
0.014375
0.011030
0.013954
0.015346
0.014478
0.015166
0.014376
0.015158
0.014541
0.014835
0.014903
0.014915
0.016023
0.013764
0.016573
0.012733
0.015083
0.018185
0.011306
0.014805
0.015097
0.014627
0.015640
0.014432
0.015517
0.013589
0.014892
0.014776
0.015110
0.014720
0.014766
0.014762
0.014817
0.014897
0.015505
0.014316
0.015097
0.016067
0.013132
0.017658
0.012019
0.017069
0.013531
0.013784
0.014943
0.014710
0.014785
0.014777
0.014839
0.015255
0.015115
0.014077
0.015104
0.014713
0.015320
0.014467
0.027288
0.002784
0.014713
0.014519
0.014852
0.017315
0.013627
0.013489
0.014795
0.014912
0.016697
0.012901
0.014868
0.014825
0.014725
0.015825
0.016118
0.012455
0.014859
0.014756
0.014960
0.014817
0.015064
0.021461
0.008149
0.014966
0.015391
0.014461
0.014614
0.014684
0.014621
0.015330
0.014447
0.015063
0.014761
0.014923
0.015255
0.014360
0.014832
0.014706
0.014900
0.014852
0.014769
0.015406
0.014445
0.014788
0.014817
0.015053
0.022457
0.006999
0.015557
0.014020
0.014945
0.015990
0.013908
0.015120
0.014475
0.016769
0.013285
0.014599
0.014699
0.014876
0.020641
0.009041
0.015583
0.013953
0.014925
0.014825
0.021116
0.008646
0.014876
0.014767
0.014798
0.016937
0.014901
0.012393
0.015238
0.014783
0.014837
0.014836
0.015089
0.014807
0.014511
0.014899
0.014720
0.015027
0.014805
0.014655
0.015099
0.014981
0.014729
0.014698
0.015069
0.014565
0.015732
0.016827
0.012172
0.014746
0.014710
0.015215
0.015033
0.014530
0.014605
0.014738
0.014954
0.014985
0.014820
0.015246
0.015204
0.014829
0.015873
0.013079
0.014666
0.014938
0.015475
0.014275
0.014575
0.016026
