0.012511
0.005562
0.000227
0.000116
0.000107
0.011710
0.014460
0.014994
0.014715
0.014898
0.014956
0.014870
0.014845
0.014975
0.014945
0.014972
0.014874
0.014526
0.016114
0.013576
0.014811
0.017164
0.012462
0.016138
0.015339
0.013038
0.014959
0.014862
0.014895
0.014675
0.014844
0.014798
0.014885
0.014850
0.015233
0.014445
0.014732
0.015728
0.014112
0.015992
0.016194
0.012229
0.016270
0.013976
0.014309
0.014997
0.014587
0.014780
0.015209
0.016617
0.012965
0.014808
0.015439
0.013900
0.015110
0.015700
0.014081
0.014672
0.014934
0.014791
0.015060
0.014494
0.015028
0.014840
0.015362
0.014355
0.014759
0.014770
0.014800
0.014901
0.014780
0.014909
0.015345
0.014952
0.014178
0.014935
0.014897
0.014632
0.014977
0.014804
0.014934
0.015137
0.014546
0.015028
0.015036
0.014685
0.014536
0.014897
0.015694
0.015420
0.013578
0.016300
0.013143
0.015328
0.014473
0.020093
0.013377
0.011112
0.014795
0.014799
0.014846
0.017387
0.012251
0.014901
0.016164
0.013697
0.014666
0.014842
0.018922
0.010752
0.014650
0.014920
0.014899
0.014862
0.014708
0.014856
0.014875
0.015608
0.014072
0.014703
0.015055
0.014847
0.014713
0.014846
0.015079
0.015035
0.015153
0.015021
0.014044
0.014955
0.014618
0.014921
0.014818
0.016585
0.013326
0.014976
0.014532
0.015250
0.014902
0.014609
0.014528
0.014786
0.016070
0.013661
0.014930
0.014738
0.014914
0.014702
0.014939
0.018454
0.011125
0.015043
0.014717
0.015136
0.014605
0.016036
0.013761
0.015005
0.014812
0.014686
0.014637
0.015060
0.014887
0.014594
0.014980
0.014998
0.014788
0.014667
0.014921
0.014946
0.014736
0.014864
0.015422
0.014605
0.014522
0.016527
0.013655
0.014240
0.015273
0.016346
0.012735
0.015665
0.014483
0.014574
0.014822
0.014851
0.014756
0.015029
0.015916
0.013636
0.015139
0.022638
0.006629
0.014947
0.014851
0.014716
0.016913
0.012929
0.014819
0.014762
0.014856
0.014872
0.014887
0.014825
0.014782
0.014800
0.015130
0.014486
0.016640
0.013156
0.014829
0.015029
0.014575
0.015391
0.014356
0.014856
0.014764
0.016146
0.014161
0.014397
0.014566
0.015043
0.014828
0.014679
0.015035
0.014770
0.015267
0.014579
0.014746
0.014742
0.014942
0.015359
0.015157
0.013868
0.016702
0.029783
0.002925
0.011548
0.013969
0.014173
0.014658
0.014912
0.014785
0.014865
0.014950
0.016294
0.013265
0.017016
0.012650
0.016984
0.012492
0.017661
0.012151
0.015489
0.014175
0.015306
0.014444
0.014634
0.015024
0.014645
0.014924
0.014942
0.019085
0.010508
0.015353
0.014311
0.014768
0.014906
0.014976
0.014703
0.016271
0.013576
0.015611
0.014137
0.015691
0.014889
0.014148
0.014173
0.014975
0.019936
0.009635
0.015439
0.014315
0.015028
0.014952
0.014357
0.015676
0.014033
0.014905
0.015041
0.019060
0.010417
0.014681
0.015268
0.014377
0.014969
0.017127
0.012694
0.014767
0.014749
0.015015
0.015924
0.013814
0.014662
0.014680
0.014922
0.018861
0.011230
0.014385
0.015063
0.014392
0.015953
0.013831
0.014812
0.015613
0.014126
0.014740
0.015521
0.014170
0.014769
0.015213
0.014533
0.014749
0.015020
0.014693
0.015198
0.014890
0.014948
0.014625
0.014529
0.015160
0.014469
0.024143
0.005495
0.014863
0.014818
0.014975
0.014827
0.014563
0.015206
0.015057
0.014457
0.015266
0.014792
0.014468
0.014751
0.014958
0.016040
0.013404
0.014771
0.015299
0.014996
0.014316
0.015679
0.014138
0.014800
0.014679
0.015530
0.014333
0.015053
0.014406
0.014874
0.014970
0.014753
0.015952
0.013681
0.014708
0.014863
0.015022
0.014699
0.014882
0.015908
0.014108
0.015313
0.013735
0.015604
0.014246
0.014926
0.014833
0.014711
0.015395
0.015478
0.013655
0.014914
0.014750
0.015435
0.014225
0.030638
0.004040
0.009560
0.015070
0.014804
0.014784
0.014896
0.017460
0.012219
0.014887
0.015749
0.013868
0.016026
0.014188
0.015581
0.013660
0.014651
0.014894
0.017737
0.011978
0.015766
0.013815
0.015195
0.014335
0.015124
0.015186
0.014501
0.014888
0.014668
0.014839
0.015109
0.014582
0.014571
0.014950
0.014869
0.014675
0.015009
0.014774
0.014852
0.015173
0.014456
0.017890
0.011801
0.015170
0.014490
0.014880
0.014897
0.015780
0.014307
0.014393
0.014740
0.015236
0.014473
0.014765
0.015491
0.014650
0.014398
0.015579
0.014123
0.015075
0.014588
0.014952
0.014676
0.014943
0.016263
0.013282
0.014915
0.014652
0.015179
0.016129
0.013365
0.015515
0.014146
0.014949
0.014851
0.014718
0.014894
0.014857
0.014821
0.014656
0.025947
0.006814
0.011960
0.015293
0.014388
0.014830
0.014892
0.016479
0.013250
0.016510
0.013097
0.014937
0.017296
0.012233
0.014810
0.014887
0.014725
0.016441
0.013511
0.014721
0.014858
0.015009
0.014665
0.014682
0.014899
0.014894
0.014830
0.015402
0.014373
0.014841
0.014815
0.014903
0.015606
0.014192
0.014517
0.014898
0.020264
0.009252
0.015070
0.014846
0.014846
0.015073
0.014648
0.014571
0.015610
0.014257
0.014773
0.016298
0.013541
0.014733
0.014868
0.014782
0.014876
0.014814
0.017874
0.012836
0.013899
0.014757
0.014957
0.015824
0.014403
0.014172
0.014981
0.014798
0.014780
0.015422
0.014274
0.014951
0.015175
0.021022
0.008207
0.014946
0.014878
0.014611
0.015005
0.014857
0.016353
0.013690
0.014467
0.014956
0.014740
0.015013
0.014540
0.015141
0.014764
0.014642
0.015231
0.014617
0.016823
0.012926
0.014628
0.014845
0.015018
0.014926
0.016092
0.013461
0.014716
0.015213
0.014534
0.015153
0.014552
0.014773
0.014834
0.014953
0.014647
0.015169
0.014902
0.014458
0.014841
0.015251
0.014568
0.016039
0.013538
0.015590
0.014130
0.014895
0.014687
0.014892
0.023246
0.007044
0.014478
0.016037
0.013258
0.015119
0.015135
0.014233
0.015064
0.018761
0.010824
0.015000
0.014804
0.014809
0.014687
0.015439
0.014258
0.014983
0.014677
0.014820
0.015766
0.014393
0.014669
0.014791
0.019008
0.011540
0.013847
0.014818
0.016154
0.013601
0.014565
0.015005
0.026584
0.015127
0.003191
0.019273
0.010508
0.014622
0.016010
0.013918
0.014357
0.016997
0.012652
0.014946
0.015093
0.015881
0.013357
0.014933
0.015481
0.014293
0.014766
0.014890
0.014829
0.016751
0.012820
0.014649
0.014886
0.015210
0.015976
0.014571
0.013705
0.014864
0.016554
0.012917
0.015378
0.014603
0.014497
0.014883
0.015005
0.015369
0.014069
0.014869
0.015045
0.014854
0.014654
0.016174
0.013585
0.014875
0.014671
0.014787
0.014742
0.014922
0.017568
0.012072
0.015741
0.014167
0.014680
0.015119
0.014442
0.014956
0.015113
0.014617
0.014876
0.014876
0.015260
0.020832
0.008296
0.014738
0.014620
0.015899
0.013921
0.014964
0.014956
0.014598
0.014794
0.014884
0.014654
0.014774
0.016528
0.013316
0.014715
0.017239
0.014905
0.012633
0.014785
0.015052
0.014519
0.014848
0.014880
0.014861
0.014803
0.017857
0.012772
0.015008
0.013520
0.014885
0.014799
0.014933
0.014677
0.014843
0.014973
0.016859
0.012720
0.015065
0.014846
0.014721
0.014677
0.014874
0.014831
0.014866
0.014975
0.018129
0.012374
0.013879
0.014853
0.014781
0.016081
0.013745
0.015004
0.014507
0.014935
0.014747
0.016985
0.016896
0.010466
0.014750
0.014888
0.014929
0.014855
0.014744
0.015255
0.014445
0.014726
0.014715
0.014882
0.015079
0.014771
0.015060
0.014619
0.014852
0.014680
0.016594
0.013472
0.015447
0.016292
0.012271
0.015137
0.014847
0.017440
0.012111
0.014683
0.014904
0.014884
0.014838
0.015279
0.014262
0.015166
0.014424
0.015110
0.014694
0.014576
0.014845
0.016576
0.015070
0.013211
0.015088
0.014410
0.016278
0.013535
0.014661
0.014651
0.015449
0.020695
0.008614
0.014784
0.014830
0.015034
0.015261
0.014213
0.014781
0.016058
0.014160
0.014461
0.014722
0.014825
0.014834
0.014695
0.015191
0.014932
0.015423
0.015163
0.013893
0.015179
0.018531
0.013085
0.012582
0.014376
0.014990
0.015076
0.014559
0.017123
0.013723
0.013733
0.014779
0.014735
0.015017
0.014723
0.014980
0.015117
0.014527
0.014960
0.014565
0.014838
0.014749
0.015144
0.014465
0.025322
0.004401
0.015155
0.014674
0.014886
0.014777
0.014704
0.015472
0.017239
0.011779
0.015136
0.058645
0.000242
0.000127
0.003167
0.011628
0.015280
0.015303
0.014171
0.014812
0.014832
0.014713
0.015072
0.014555
0.016745
0.013286
0.014335
0.016585
0.014022
0.015702
0.013237
0.014854
0.014840
0.014773
0.015388
0.014198
0.014943
0.014807
0.014876
0.014935
0.014935
0.014701
0.015193
0.014540
0.014718
0.061409
0.006024
0.000250
0.000128
0.006789
0.014504
0.014891
0.014713
0.014816
0.014726
0.015983
0.013833
0.014922
0.014806
0.015056
0.014460
0.015016
0.014790
0.018872
0.010830
0.015234
0.014442
0.014760
0.014877
0.015000
0.014808
0.014900
0.017446
0.011979
0.014937
0.014638
0.016876
0.012862
0.015257
0.014437
0.014951
0.015159
0.014519
0.014978
0.014657
0.015822
0.014053
0.015016
0.014544
0.014958
0.014573
0.014882
0.015053
0.014689
0.014962
0.015529
0.015273
0.013415
0.015071
0.015103
0.014420
0.015070
0.015274
0.014292
0.014869
0.014818
0.014832
0.015358
0.014224
0.014891
0.015171
0.014554
0.014890
0.014885
0.014801
0.014754
0.014966
0.014810
0.014804
0.014822
0.014797
0.015021
0.014755
0.014800
0.014755
0.017091
0.014248
0.013297
0.015100
0.014649
0.014915
0.014874
0.015498
0.013886
0.014824
0.014863
0.014910
0.014892
0.014807
0.016138
0.013584
0.014838
0.014798
0.016119
0.013657
0.014734
0.014932
0.018443
0.011313
0.014739
0.015978
0.013760
0.015561
0.013898
0.015509
0.014370
0.016133
0.013555
0.014706
0.018447
0.011419
0.014595
0.014980
0.014651
0.015347
0.014948
0.014304
0.014835
0.014646
0.014928
0.014780
0.014900
0.015164
0.014633
0.014767
0.014862
0.014869
0.014747
0.015374
0.014234
0.015051
0.015574
0.014401
0.014402
0.014843
0.014788
0.014982
0.015793
0.013846
0.017559
0.012335
0.014611
0.014795
0.015170
0.014703
0.014758
0.014802
0.014937
0.015568
0.013981
0.016029
0.013748
0.015363
0.014210
0.014719
0.014746
0.015302
0.018222
0.011099
0.014988
0.014819
0.014766
0.014823
0.015979
0.015847
0.012613
0.014923
0.015377
0.014229
0.015004
0.014779
0.015337
0.014285
0.015091
0.014539
0.015744
0.014020
0.014688
0.014929
0.014661
0.015342
0.014556
0.014694
0.014813
0.015368
0.014309
0.014690
0.016776
0.012881
0.014839
0.015027
0.014818
0.014849
0.015557
0.014008
0.014973
0.014798
0.014845
0.014819
0.014695
0.014820
0.014823
0.014784
0.014958
0.014952
0.014745
0.016038
0.016235
0.013940
0.013290
0.014662
0.014757
0.014994
0.014973
0.016923
0.012515
0.014816
0.014965
0.016898
0.012770
0.014975
0.014613
0.015395
0.014929
0.019742
0.009217
0.014898
0.014742
0.015699
0.015120
0.013731
0.015769
0.014154
0.015061
0.014437
0.014751
0.014886
0.014665
0.014811
0.014842
0.014867
0.014922
0.015512
0.014339
0.014635
0.014934
0.014710
0.017617
0.012275
0.014577
0.015197
0.014455
0.014915
0.014893
0.015219
0.014819
0.014394
0.015319
0.014408
0.014776
0.014960
0.014720
0.014899
0.014631
0.015002
0.014571
0.014839
0.015070
0.017532
0.011768
0.015099
0.015184
0.014434
0.014871
0.014880
0.015201
0.014584
0.015621
0.013841
0.015411
0.015843
0.014071
0.015248
0.014608
0.016646
0.020902
0.006467
0.017794
0.018595
0.010624
0.011836
0.019154
0.015796
0.014997
0.014496
0.014178
0.018579
0.014582
0.014800
0.007014
0.014658
0.015019
0.014819
0.014727
0.014860
0.015079
0.016539
0.012931
0.014833
0.016740
0.013788
0.017357
0.011683
0.014354
0.015016
0.014948
0.014614
0.015152
0.014511
0.014969
0.014878
0.014537
0.014957
0.017724
0.011927
0.016453
0.013342
0.015534
0.014139
0.014981
0.014638
0.015113
0.015276
0.015040
0.013984
0.014703
0.014882
0.014928
0.014785
0.014738
0.014845
0.014979
0.014927
0.014640
0.015437
0.015498
0.013609
0.014768
0.014996
0.015516
0.014323
0.014709
0.014809
0.014765
0.015896
0.018990
0.009431
0.017508
0.012321
0.014885
0.014545
0.014837
0.021028
0.008877
0.014845
0.014713
0.014914
0.014703
0.015073
0.014865
0.015146
0.014521
0.014673
0.015074
0.014493
0.014942
0.014727
0.014953
0.015080
0.015131
0.016426
0.012832
0.015153
0.014411
0.014881
0.014726
0.014758
0.015290
0.014435
0.015072
0.014638
0.014850
0.014777
0.014925
0.015432
0.014087
0.015478
0.014850
0.014366
0.015732
0.013848
0.014915
0.015146
0.014364
0.015072
0.014637
0.015132
0.014576
0.014908
0.014895
0.014794
0.014938
0.014654
0.025781
0.004005
0.015002
0.014750
0.014892
0.014735
0.014815
0.015000
0.014702
0.014962
0.015519
0.014059
0.016430
0.013563
0.014697
0.014740
0.014678
0.014982
0.015048
0.016361
0.013149
0.017195
0.012771
0.015546
0.013796
0.015173
0.014461
0.014822
0.014717
0.015133
0.014697
0.014884
0.014677
0.015158
0.015037
0.014349
0.018219
0.012408
0.013907
0.015028
0.015319
0.014154
0.015160
0.016636
0.012836
0.014706
0.015261
0.014562
0.014804
0.015765
0.013955
0.014908
0.014862
0.015830
0.014007
0.015282
0.014122
0.014817
0.014826
0.016708
0.013592
0.014338
0.014867
0.014823
0.014743
0.015051
0.015182
0.014257
0.015496
0.014862
0.014238
0.014930
0.014735
0.014887
0.014941
0.014830
0.014628
0.014820
0.014881
0.014714
0.015079
0.014763
0.015489
0.014223
0.014885
0.014827
0.014869
0.014653
0.014951
0.014662
0.015367
0.015381
0.013985
0.014809
0.014864
0.014819
0.014842
0.014605
0.014876
0.015425
0.014442
0.016177
0.013555
0.017548
0.012003
0.014848
0.014866
0.015165
0.014530
0.015092
0.014962
0.014886
0.016611
0.014284
0.013171
0.014869
0.014902
0.014713
0.014882
0.016497
0.013223
0.014810
0.014848
0.014753
0.015154
0.014584
0.015380
0.014162
0.015163
0.014640
0.014847
0.014882
0.017127
0.013411
0.014082
0.015599
0.013739
0.014742
0.015652
0.014761
0.014311
0.014965
0.014672
0.014802
0.014640
0.014925
0.014877
0.014919
0.015326
0.014341
0.015063
0.014510
0.014725
0.015349
0.016348
0.012967
0.014904
0.014838
0.014770
0.014729
0.015096
0.014663
0.014837
0.018213
0.012001
0.014410
0.014940
0.014559
0.014894
0.014614
0.014771
0.014833
0.014755
0.016775
0.013115
0.014921
0.014774
0.015839
0.013879
0.018266
0.011209
0.014722
0.015062
0.014859
0.014840
0.014723
0.020065
0.009676
0.014853
0.016058
0.013850
0.014652
0.014802
0.021547
0.008206
0.014672
0.014862
0.014878
0.015036
0.014528
0.014694
0.015555
0.014463
0.014618
0.014987
0.015133
0.014314
0.014683
0.015062
0.014649
0.014903
0.014936
0.014866
0.014756
0.016246
0.016377
0.012368
0.014376
0.014692
0.014986
0.015773
0.013937
0.014883
0.014636
0.015912
0.014279
0.014367
0.021164
0.018782
0.011148
0.008665
0.014853
0.015042
0.017487
0.013444
0.013344
0.014516
0.015136
0.014104
0.015562
0.014555
0.014676
0.014650
0.017515
0.012531
0.014457
0.014959
0.014562
0.014919
0.014913
0.014892
0.014731
0.015052
0.014903
0.014678
0.018110
0.011532
0.015008
0.014687
0.015359
0.019066
0.010063
0.014795
0.014556
0.016317
0.013931
0.014513
0.016451
0.013168
0.014830
0.014925
0.014948
0.014721
0.015373
0.014253
0.017158
0.012364
0.015001
0.014783
0.016309
0.013265
0.020216
0.010522
0.013844
0.015111
0.014692
0.014819
0.014672
0.016912
0.012972
0.014562
0.016337
0.013593
0.014822
0.014833
0.017136
0.012473
0.019182
0.010477
0.016403
0.013350
0.032287
0.003499
0.008601
0.014819
0.015071
0.014527
0.014858
0.016634
0.014768
0.013241
0.016518
0.012954
0.014991
0.015384
0.014814
0.014249
0.015494
0.014649
0.015068
0.014033
0.017145
0.012805
0.014655
0.014844
0.014661
0.015584
0.015079
0.014003
0.015876
0.013777
0.014854
0.014890
0.015898
0.013746
0.014672
0.014961
0.014810
0.014777
0.014791
0.014893
0.015598
0.014139
0.015135
0.014314
0.014936
0.014823
0.015173
0.016245
0.012876
0.015346
0.014444
0.014984
0.018474
0.011122
0.016838
0.012807
0.014859
0.015500
0.014188
0.014608
0.015050
0.014685
0.015215
0.014711
0.014868
0.014839
0.014673
0.014805
0.014972
0.014730
0.014746
0.015171
0.014951
0.014718
0.014770
0.014908
0.019405
0.010049
0.014760
0.014896
0.015049
0.014767
0.014835
0.014981
0.014658
0.014927
0.015430
0.014272
0.014728
0.014856
0.016059
0.013584
0.014935
0.014868
0.015200
0.016486
0.012732
0.016072
0.013467
0.016149
0.013726
0.017275
0.012442
0.014892
0.015412
0.015603
0.013224
0.015482
0.014396
0.014831
0.014955
0.014838
0.014758
0.015290
0.014326
0.015120
0.014707
0.014767
0.014748
0.016123
0.013599
0.014800
0.015693
0.015112
0.013742
0.017349
0.012396
0.015214
0.014433
0.014853
0.014863
0.014808
0.014887
0.014725
0.014971
0.014641
0.015102
0.014725
0.014664
0.015536
0.014705
0.014607
0.019766
0.009687
0.015447
0.014265
0.014985
0.017631
0.011882
0.015730
0.015286
0.013580
0.015130
0.015204
0.014064
0.014934
0.015375
0.014180
0.014758
0.016255
0.013798
0.014591
0.014943
0.014813
0.015522
0.014094
0.014845
0.015230
0.015361
0.013987
0.105475
0.009003
0.000253
0.000135
0.000125
0.000124
0.000129
0.003531
0.015179
0.014103
0.015513
0.014421
0.014784
0.014862
0.016507
0.013109
0.014686
0.015097
0.015049
0.014854
0.014400
0.014858
0.014733
0.016344
0.013524
0.014744
0.015758
0.013758
0.014866
0.014960
0.020508
0.009585
0.014530
0.016436
0.013160
0.014838
0.015134
0.021002
0.008267
0.015370
0.069321
0.006384
0.000258
0.000136
0.000129
0.012428
0.014587
0.014910
0.015172
0.017244
0.012989
0.014376
0.018421
0.011005
0.014859
0.015905
0.013617
0.014826
0.014811
0.016135
0.016018
0.012190
0.016601
0.013694
0.014393
0.014715
0.014834
0.015097
0.014905
0.019172
0.010099
0.014824
0.015613
0.013990
0.015011
0.014598
0.015619
0.014225
0.014484
0.015124
0.014874
0.014795
0.015129
0.014588
0.015852
0.014002
0.014570
0.014965
0.015017
0.017989
0.013324
0.015344
0.013857
0.015741
0.013595
0.014105
0.014360
0.015216
0.015311
0.014550
0.014177
0.016600
0.013282
0.017989
0.011749
0.014782
0.014971
0.014686
0.023049
0.006441
0.014885
0.014864
0.014722
0.018389
0.011542
0.014575
0.014878
0.014745
0.018591
0.011100
0.014850
0.014943
0.014659
0.014767
0.015179
0.014592
0.014972
0.014850
0.014681
0.014798
0.016149
0.013418
0.015041
0.014602
0.014991
0.015014
0.014534
0.014869
0.015857
0.013860
0.014958
0.020829
0.008673
0.015193
0.014435
0.014654
0.014956
0.014866
0.014883
0.014828
0.015039
0.014732
0.014697
0.015283
0.014199
0.014991
0.017100
0.013526
0.013865
0.015027
0.014704
0.014689
0.014746
0.014959
0.015250
0.014508
0.014914
0.014670
0.016510
0.013137
0.014585
0.015065
0.015077
0.014486
0.014943
0.014915
0.014795
0.014835
0.014817
0.014821
0.014808
0.015363
0.017863
0.011479
0.015117
0.014530
0.016970
0.012635
0.014781
0.018869
0.010809
0.014870
0.015409
0.014491
0.014701
0.014796
0.015080
0.014524
0.014851
0.015081
0.014588
0.015076
0.014805
0.014520
0.015370
0.014365
0.014787
0.015171
0.014528
0.014955
0.014639
0.014903
0.014765
0.015160
0.014983
0.014587
0.016077
0.014132
0.015130
0.013761
0.014805
0.014945
0.014980
0.014665
0.014607
0.015300
0.017353
0.013720
0.013219
0.015036
0.014657
0.014772
0.014762
0.015810
0.013907
0.014708
0.014797
0.015484
0.014485
0.014666
0.014759
0.014876
0.014898
0.014758
0.014775
0.015726
0.013780
0.015101
0.014665
0.020883
0.008754
0.023872
0.005855
0.015973
0.014691
0.014022
0.018218
0.011288
0.019170
0.011454
0.014127
0.014612
0.014867
0.015962
0.013683
0.016422
0.013970
0.014196
0.015179
0.015569
0.013754
0.014697
0.014929
0.014834
0.018138
0.012430
0.014039
0.015590
0.014311
0.017598
0.011741
0.014766
0.014985
0.015150
0.014663
0.014607
0.015197
0.014641
0.014792
0.017360
0.012262
0.015029
0.015011
0.014933
0.016040
0.013674
0.014508
0.014825
0.014920
0.014657
0.014897
0.016461
0.013215
0.014877
0.014955
0.014963
0.014606
0.015304
0.014653
0.014354
0.015105
0.014732
0.014783
0.014733
0.015402
0.014455
0.015357
0.014127
0.014970
0.014786
0.015027
0.014488
0.014897
0.015940
0.013777
0.014953
0.014694
0.014743
0.015237
0.017004
0.012790
0.014508
0.014902
0.015007
0.015554
0.014381
0.014561
0.014540
0.015040
0.014845
0.018120
0.012501
0.013804
0.014826
0.014798
0.014884
0.015805
0.015015
0.013850
0.014696
0.017945
0.011731
0.014737
0.014929
0.014643
0.015361
0.014551
0.014983
0.014689
0.014882
0.014825
0.014963
0.016904
0.012882
0.014500
0.016547
0.014313
0.013795
0.014834
0.015028
0.014582
0.014895
0.015748
0.013666
0.015027
0.015001
0.014705
0.015321
0.015256
0.013901
0.014989
0.014584
0.015190
0.014633
0.015627
0.014056
0.014861
0.014880
0.014649
0.015020
0.015118
0.014420
0.014989
0.019608
0.010144
0.014756
0.018487
0.011633
0.014677
0.014716
0.014660
0.014921
0.014873
0.014952
0.017208
0.013210
0.013907
0.014910
0.015293
0.014204
0.015509
0.014184
0.014893
0.015258
0.014401
0.014994
0.014708
0.014958
0.014660
0.024458
0.005458
0.014629
0.015194
0.015210
0.014046
0.014759
0.014978
0.016306
0.013431
0.014773
0.014981
0.014801
0.014628
0.014901
0.015357
0.014179
0.014840
0.015000
0.015014
0.015286
0.015164
0.013863
0.015124
0.014500
0.014775
0.014693
0.014948
0.016604
0.013479
0.015397
0.013916
0.014704
0.014876
0.014665
0.015470
0.014510
0.014909
0.015925
0.013789
0.014724
0.014657
0.014785
0.014953
0.015238
0.014412
0.014943
0.015547
0.014394
0.014566
0.015403
0.014024
0.015297
0.014412
0.014879
0.017093
0.013362
0.014227
0.015456
0.013956
0.014860
0.015062
0.014578
0.014822
0.016454
0.013306
0.015045
0.014698
0.015703
0.015905
0.012753
0.015212
0.014476
0.015022
0.014960
0.014751
0.014868
0.014522
0.017214
0.012400
0.014982
0.015054
0.015046
0.014384
0.014754
0.014779
0.014847
0.014951
0.014752
0.014637
0.015229
0.014673
0.014700
0.015108
0.014475
0.015117
0.014790
0.015764
0.013711
0.015420
0.014227
0.015366
0.014510
0.014656
0.015199
0.014438
0.014898
0.014726
0.018075
0.011712
0.015252
0.014363
0.019775
0.009965
0.014683
0.015456
0.014189
0.014904
0.014919
0.015346
0.014209
0.014719
0.016297
0.013546
0.015923
0.013727
0.014686
0.015010
0.014540
0.015923
0.014139
0.014439
0.021511
0.013788
0.009292
0.014909
0.014879
0.014913
0.015703
0.013933
0.015097
0.014514
0.014786
0.014826
0.014895
0.014973
0.014628
0.015664
0.014284
0.014549
0.015113
0.016378
0.012932
0.015956
0.014094
0.014671
0.014838
0.014650
0.015003
0.015224
0.014966
0.014715
0.014222
0.017903
0.012257
0.014527
0.014734
0.016544
0.013595
0.014542
0.015798
0.014132
0.016485
0.013806
0.014150
0.014556
0.015003
0.014840
0.014774
0.014741
0.015264
0.017536
0.011829
0.014716
0.022034
0.007615
0.014805
0.014765
0.015099
0.014534
0.015960
0.018165
0.010429
0.014804
0.014914
0.014980
0.014815
0.014802
0.015581
0.014124
0.014595
0.031567
0.002987
0.010248
0.014631
0.014877
0.014937
0.014693
0.016443
0.013090
0.015205
0.014599
0.014656
0.015533
0.014224
0.014772
0.014906
0.014828
0.014914
0.015454
0.015435
0.014078
0.014176
0.014729
0.014851
0.014922
0.015031
0.014751
0.014925
0.014798
0.015235
0.014472
0.014827
0.014915
0.014641
0.014762
0.014912
0.015057
0.015034
0.015926
0.013492
0.014864
0.016155
0.013439
0.015016
0.015625
0.013965
0.014581
0.015108
0.014699
0.020430
0.009267
0.014947
0.014728
0.015896
0.013714
0.014904
0.014786
0.014992
0.015207
0.014492
0.015816
0.013716
0.014954
0.014755
0.014813
0.016401
0.015085
0.013476
0.014534
0.014774
0.014748
0.014868
0.014801
0.015149
0.014700
0.014674
0.016643
0.013254
0.014726
0.014715
0.015059
0.015098
0.018654
0.012893
0.012651
0.014741
0.015044
0.015137
0.015116
0.014135
0.014895
0.014706
0.014835
0.014881
0.014717
0.014922
0.015167
0.014342
0.015071
0.015983
0.013495
0.014956
0.016826
0.012722
0.014851
0.014893
0.014741
0.014912
0.014905
0.014836
0.014917
0.018013
0.011496
0.014737
0.014678
0.014831
0.015298
0.014430
0.014776
0.015666
0.014838
0.014211
0.014912
0.015126
0.014361
0.014799
0.015031
0.015556
0.014153
0.016814
0.012496
0.015579
0.014134
0.015515
0.014256
0.015078
0.014546
0.015001
0.014517
0.015568
0.014560
0.015635
0.014504
0.014071
0.014900
0.016101
0.013477
0.014823
0.015137
0.015025
0.014385
0.016796
0.012771
0.015041
0.014653
0.015263
0.014428
0.014900
0.016232
0.013448
0.015191
0.014298
0.014929
0.017438
0.012254
0.014724
0.014837
0.016275
0.013398
0.014977
0.014581
0.016377
0.013616
0.014595
0.014965
0.014853
0.014763
0.015099
0.014383
0.015010
0.014819
0.014757
0.015029
0.014731
0.015068
0.014578
0.014827
0.014648
0.014826
0.015322
0.023586
0.005837
0.014793
0.015719
0.013665
0.015810
0.014088
0.016907
0.013089
0.014422
0.018961
0.010629
0.015042
0.014942
0.014579
0.014932
0.015163
0.014404
0.015705
0.014203
0.015102
0.014439
0.014856
0.014766
0.014726
0.014942
0.015532
0.014179
0.014817
0.014894
0.014738
0.014678
0.014975
0.014820
0.014720
0.014822
0.014961
0.019069
0.010498
0.014884
0.015028
0.014758
0.014904
0.014596
0.015270
0.014448
0.015097
0.014686
0.014735
0.015528
0.014135
0.014747
0.014767
0.014934
0.014888
0.020035
0.009745
0.015256
0.014265
0.015091
0.014480
0.017704
0.012729
0.014181
0.014904
0.015121
0.014622
0.014646
0.014859
0.016749
0.012917
0.015081
0.014632
0.014865
0.015021
0.035657
0.003107
0.006570
0.013966
0.014696
0.014907
0.015490
0.014167
0.025827
0.003799
0.014858
0.014827
0.014731
0.014762
0.014989
0.022461
0.007285
0.014825
0.014686
0.015207
0.014532
0.014877
0.022300
0.007286
0.017673
0.013831
0.017917
0.009978
0.014735
0.014841
0.014812
0.014822
0.015425
0.014456
0.014961
0.015171
0.014720
0.017847
0.015896
0.010178
0.014930
0.014709
0.078252
0.006235
0.000320
0.000119
0.000110
0.007655
0.011042
0.015965
0.013818
0.014987
0.015224
0.014544
0.014738
0.015093
0.014543
0.014954
0.014722
0.014792
0.014923
0.014914
0.014785
0.014879
0.014726
0.014831
0.014877
0.014885
0.014707
0.017214
0.012751
0.014802
0.015410
0.014095
0.014836
0.014695
0.015046
0.024818
0.004968
0.015886
0.014708
0.013806
0.015023
0.014579
0.014922
0.015060
0.055599
0.002777
0.000279
0.003022
0.012408
0.014842
0.014753
0.014982
0.015009
0.014520
0.014731
0.015029
0.014782
0.015598
0.014506
0.014188
0.014998
0.015414
0.014199
0.014961
0.014931
0.015836
0.013646
0.015418
0.014464
0.014698
0.014911
0.014819
0.015485
0.014306
0.014749
0.015412
0.014190
0.014752
0.015033
0.017008
0.012403
0.015008
0.014788
0.014911
0.014817
0.014939
0.015176
0.014312
0.015283
0.014419
0.014930
0.014925
0.016798
0.012919
0.015074
0.015807
0.013817
0.015986
0.013432
0.014591
0.020187
0.009782
0.015085
0.014388
0.014791
0.017169
0.012439
0.015829
0.014005
0.015184
0.014430
0.017247
0.012489
0.014789
0.016248
0.013248
0.015513
0.014396
0.014840
0.014807
0.015436
0.014287
0.018512
0.011126
0.014832
0.015591
0.014819
0.019840
0.023110
0.005398
0.010169
0.017497
0.018071
0.010908
0.015074
0.012301
0.015137
0.014808
0.014830
0.014563
0.014994
0.015737
0.013849
0.014849
0.015505
0.014286
0.014945
0.014707
0.015600
0.013965
0.014872
0.015749
0.013855
0.014786
0.014945
0.014984
0.014643
0.016442
0.105212
0.006459
0.000275
0.000146
0.000139
0.000136
0.000135
0.004610
0.014797
0.104326
0.005813
0.000283
0.000158
0.000153
0.000147
0.000148
0.007858
0.014600
0.014893
0.090748
0.000271
0.000149
0.000139
0.000136
0.000135
0.013356
0.013818
0.106905
0.005949
0.000284
0.000150
0.000206
0.000140
0.000137
0.004679
0.014806
0.015037
0.093232
0.015807
0.000270
0.000148
0.000141
0.000138
0.002077
0.006664
0.015999
0.014578
0.021309
0.007605
0.096821
0.000276
0.000147
0.000144
0.000136
0.000137
0.006161
0.017894
0.011660
0.014637
0.014786
0.015043
0.014980
0.014820
0.014715
0.014650
0.014913
0.020115
0.009515
0.014845
0.015495
0.014149
0.015167
0.014464
0.015022
0.014849
0.014590
0.014921
0.014788
0.014976
0.014718
0.016126
0.013811
0.014682
0.014686
0.014900
0.014865
0.014696
0.016440
0.013321
0.014922
0.015956
0.013570
0.014939
0.014728
0.015458
0.014170
0.015031
0.014908
0.014688
0.014835
0.014671
0.014951
0.015386
0.014433
0.014630
0.015897
0.013824
0.015500
0.014091
0.014915
0.015100
0.014542
0.014697
0.014984
0.015074
0.019216
0.010087
0.015089
0.014878
0.015333
0.014271
0.015284
0.015189
0.013942
0.015169
0.014486
0.014823
0.015805
0.013786
0.015136
0.014718
0.014845
0.016481
0.013128
0.014746
0.015038
0.031039
0.002887
0.010451
0.015291
0.014414
0.015122
0.015490
0.013798
0.014967
0.014545
0.014974
0.017860
0.011871
0.014816
0.016446
0.013237
0.014820
0.015055
0.014672
0.015162
0.014485
0.015267
0.014712
0.016072
0.025839
0.014712
0.002735
0.014979
0.014334
0.015153
0.014363
0.015164
0.015113
0.014838
0.014944
0.014290
0.015106
0.014821
0.018350
0.011329
0.014555
0.014889
0.014663
0.015484
0.014847
0.014303
0.014787
0.014932
0.015065
0.014587
0.014797
0.014976
0.014675
0.019700
0.010117
0.014642
0.015771
0.013785
0.014886
0.014939
0.014898
0.014857
0.014725
0.015536
0.015823
0.013432
0.014630
0.014706
0.017257
0.012503
0.014839
0.015529
0.014255
0.015563
0.014033
0.014927
0.014693
0.014937
0.014751
0.018449
0.012031
0.014046
0.015263
0.014414
0.014977
0.014711
0.017232
0.014615
0.012765
0.015405
0.014617
0.015109
0.014372
0.014689
0.016698
0.017044
0.010592
0.014899
0.014933
0.015266
0.022057
0.007071
0.015639
0.014154
0.015095
0.016066
0.013333
0.014719
0.014884
0.014811
0.014991
0.015113
0.014271
0.015678
0.014092
0.015120
0.014671
0.014781
0.015075
0.014870
0.014650
0.014879
0.014725
0.015020
0.019082
0.011952
0.014051
0.014707
0.014417
0.014572
0.014834
0.014992
0.017560
0.012076
0.014914
0.014933
0.014707
0.014787
0.014823
0.014852
0.014785
0.014916
0.016042
0.014186
0.014345
0.014906
0.014804
0.014702
0.015191
0.014521
0.015379
0.014434
0.014648
0.014926
0.014799
0.015126
0.014538
0.014741
0.015872
0.013982
0.014922
0.014761
0.014633
0.015153
0.014912
0.014491
0.014978
0.014783
0.014883
0.014876
0.014812
0.015707
0.013961
0.014836
0.014792
0.015004
0.017561
0.011935
0.014760
0.015405
0.014494
0.014894
0.014781
0.014833
0.014969
0.014756
0.014776
0.014649
0.018162
0.012664
0.013845
0.014870
0.016064
0.015040
0.016520
0.011934
0.016177
0.019111
0.009171
0.015871
0.013686
0.019030
0.010703
0.016339
0.013407
0.014711
0.018293
0.011369
0.015065
0.014528
0.014939
0.014901
0.014545
0.014911
0.015037
0.014810
0.015234
0.014895
0.015894
0.013171
0.015284
0.014415
0.014985
0.014716
0.014947
0.014734
0.016646
0.012896
0.014853
0.015471
0.014169
0.014854
0.015730
0.014172
0.014726
0.018463
0.011278
0.015133
0.024830
0.004432
0.014776
0.015110
0.014707
0.014914
0.014824
0.022771
0.007040
0.014704
0.014539
0.014899
0.014813
0.014969
0.014737
0.014844
0.015218
0.015048
0.015264
0.013764
0.015067
0.014693
0.014802
0.020485
0.009017
0.014934
0.014866
0.016063
0.014002
0.015025
0.014360
0.015890
0.014156
0.014460
0.014753
0.018367
0.012576
0.028551
0.003498
0.011140
0.015056
0.014341
0.015346
0.014497
0.014849
0.018228
0.011682
0.015607
0.013655
0.015218
0.014659
0.014815
0.014877
0.014663
0.015430
0.014393
0.014635
0.015234
0.015445
0.013958
0.014855
0.015420
0.014313
0.014534
0.014899
0.014937
0.014778
0.015078
0.014673
0.014675
0.014803
0.015068
0.014731
0.014659
0.015182
0.014803
0.015181
0.014360
0.015324
0.014412
0.014723
0.015775
0.014020
0.017775
0.011711
0.015823
0.014189
0.014585
0.014737
0.016218
0.013457
0.014783
0.014913
0.014563
0.014952
0.015228
0.016135
0.013470
0.014552
0.014820
0.014822
0.014961
0.014718
0.014826
0.014824
0.016162
0.013439
0.015213
0.014506
0.022797
0.007272
0.014742
0.014572
0.015201
0.015403
0.014466
0.014333
0.015390
0.014222
0.014674
0.014999
0.015258
0.014423
0.014730
0.015032
0.014605
0.018250
0.011521
0.014823
0.014828
0.014754
0.014863
0.015548
0.014047
0.015032
0.015513
0.014354
0.014689
0.014648
0.015299
0.014502
0.014609
0.015627
0.013931
0.016533
0.020786
0.007501
0.016330
0.013538
0.014309
0.015955
0.015092
0.013772
0.015619
0.013796
0.016290
0.014031
0.014157
0.015105
0.014696
0.014822
0.014946
0.014600
0.014862
0.015460
0.014190
0.014751
0.014986
0.014907
0.014780
0.014893
0.014969
0.014674
0.015480
0.014114
0.015673
0.013933
0.016681
0.013147
0.016913
0.012681
0.014901
0.014687
0.015002
0.015023
0.014453
0.015084
0.014888
0.014811
0.014883
0.014771
0.014660
0.014832
0.014869
0.015121
0.014577
0.015267
0.023478
0.006335
0.014137
0.015893
0.014057
0.014766
0.015737
0.013707
0.014783
0.017181
0.012501
0.014774
0.015431
0.014337
0.014977
0.014652
0.014927
0.014681
0.014889
0.014852
0.015191
0.018769
0.010895
0.014492
0.014804
0.014978
0.014855
0.014789
0.014770
0.014846
0.014760
0.022392
0.007492
0.014584
0.014922
0.015315
0.014321
0.014830
0.014765
0.015918
0.016308
0.012183
0.017663
0.012581
0.014536
0.014663
0.014761
0.015064
0.014653
0.014742
0.014972
0.014899
0.015111
0.015049
0.016178
0.012881
0.014922
0.014959
0.014805
0.014874
0.014694
0.015157
0.015494
0.013887
0.014787
0.014913
0.014631
0.015094
0.015597
0.013933
0.015545
0.014450
0.014760
0.014640
0.014850
0.014871
0.014699
0.015014
0.014941
0.014884
0.014844
0.014619
0.015901
0.014880
0.013777
0.014755
0.015207
0.021178
0.008119
0.014902
0.016492
0.013202
0.015208
0.014376
0.014850
0.015111
0.014705
0.016111
0.013657
0.014764
0.018400
0.012722
0.013356
0.014711
0.018258
0.011538
0.014887
0.014861
0.014909
0.014787
0.014625
0.015547
0.014555
0.014428
0.014923
0.018181
0.012719
0.013695
0.014773
0.015942
0.013644
0.014969
0.016048
0.014256
0.014181
0.014892
0.014850
0.014820
0.015304
0.014702
0.014364
0.014993
0.015165
0.014509
0.014818
0.014890
0.015092
0.014944
0.014434
0.014826
0.015171
0.014570
0.015592
0.016319
0.012929
0.014640
0.016211
0.013326
0.014820
0.014903
0.014860
0.014864
0.015755
0.013785
0.015455
0.014811
0.014412
0.014659
0.015333
0.014380
0.014900
0.016967
0.017861
0.009796
0.014920
0.015388
0.014169
0.018282
0.011644
0.014717
0.018005
0.011819
0.014376
0.023407
0.006472
0.014703
0.015797
0.013979
0.015251
0.014143
0.015234
0.015315
0.014420
0.014647
0.014986
0.014610
0.016360
0.013434
0.014914
0.014599
0.014870
0.014941
0.014942
0.015026
0.014565
0.015088
0.014514
0.015292
0.014367
0.014692
0.014974
0.014925
0.015313
0.015788
0.013408
0.015205
0.014331
0.014750
0.077496
0.008160
0.000295
0.000159
0.000149
0.003294
0.017600
0.011591
0.014957
0.017419
0.012127
0.014762
0.014929
0.014790
0.014827
0.014877
0.014774
0.014882
0.015392
0.014170
0.014910
0.015110
0.014323
0.015213
0.014699
0.015159
0.015254
0.013928
0.014969
0.014712
0.014972
0.014745
0.014642
0.015091
0.014740
0.014963
0.014774
0.014862
0.055939
0.005999
0.000284
0.000164
0.012926
0.013795
0.014788
0.014828
0.014649
0.015197
0.014491
0.014775
0.015383
0.014484
0.014720
0.021095
0.008644
0.015152
0.014996
0.014184
0.014996
0.014566
0.014925
0.014782
0.014849
0.014897
0.015077
0.014578
0.014719
0.014891
0.014896
0.016169
0.013644
0.014563
0.014898
0.014887
0.014779
0.014794
0.015421
0.014308
0.014884
0.014791
0.014812
0.014871
0.015089
0.015722
0.014826
0.013630
0.016843
0.012693
0.014910
0.014722
0.014966
0.014764
0.015065
0.014915
0.014765
0.016751
0.012981
0.015140
0.014256
0.021458
0.008268
0.015080
0.014589
0.015767
0.021013
0.007791
0.014798
0.014899
0.015785
0.013746
0.014864
0.014784
0.015286
0.015481
0.014025
0.014557
0.014875
0.015491
0.014408
0.014638
0.014778
0.014887
0.016032
0.013585
0.015040
0.016213
0.013514
0.015192
0.014584
0.014400
0.014999
0.015210
0.014260
0.014908
0.015256
0.014458
0.014859
0.015550
0.013992
0.015026
0.015124
0.014498
0.015165
0.015174
0.014320
0.014756
0.014788
0.015355
0.014462
0.015195
0.014224
0.015090
0.014705
0.015121
0.014818
0.014491
0.016210
0.013471
0.014832
0.014830
0.014750
0.014958
0.014767
0.014883
0.017016
0.012718
0.014715
0.014702
0.016104
0.013932
0.014600
0.018359
0.011578
0.014565
0.014845
0.016401
0.015295
0.012751
0.014903
0.014908
0.014606
0.014949
0.014957
0.016202
0.013447
0.015095
0.014433
0.016476
0.013291
0.015129
0.014848
0.014458
0.014876
0.014952
0.016492
0.013086
0.015118
0.014478
0.014709
0.015224
0.015270
0.014141
0.014813
0.014909
0.014908
0.014740
0.016274
0.013220
0.014784
0.014839
0.015093
0.014842
0.014791
0.014837
0.014819
0.015143
0.014886
0.014845
0.015102
0.014558
0.014513
0.014924
0.014567
0.015091
0.015360
0.014222
0.014924
0.015595
0.014481
0.014465
0.014762
0.014794
0.014785
0.015155
0.015269
0.014235
0.014613
0.026391
0.004549
0.014177
0.014319
0.015028
0.014566
0.015025
0.015060
0.014787
0.014610
0.015158
0.014687
0.015077
0.014755
0.014596
0.014811
0.014934
0.016620
0.013111
0.015122
0.014494
0.014759
0.014778
0.021211
0.008457
0.014714
0.015507
0.014572
0.015192
0.014246
0.015972
0.013965
0.015211
0.014177
0.014723
0.015047
0.014720
0.015206
0.014723
0.014678
0.015115
0.014535
0.014901
0.020641
0.010018
0.013875
0.014804
0.014736
0.014839
0.016323
0.013596
0.014864
0.015145
0.014393
0.015371
0.014346
0.015260
0.014924
0.017440
0.012588
0.016733
0.012257
0.014504
0.015392
0.014576
0.014988
0.014463
0.014949
0.014817
0.014671
0.015306
0.014741
0.014656
0.025763
0.004610
0.014060
0.014887
0.019547
0.010163
0.014866
0.015745
0.013985
0.014750
0.015212
0.016433
0.012931
0.014882
0.014822
0.015083
0.014646
0.014807
0.014696
0.015537
0.015133
0.013802
0.014978
0.014844
0.022421
0.007413
0.014921
0.015143
0.015041
0.014126
0.014825
0.015607
0.014392
0.014533
0.015161
0.016464
0.012923
0.015089
0.014575
0.014870
0.014741
0.015087
0.014790
0.014916
0.015939
0.014217
0.014131
0.016029
0.014524
0.014609
0.014413
0.014807
0.015273
0.014346
0.014747
0.015256
0.016324
0.013931
0.013871
0.014755
0.015875
0.014286
0.014297
0.018129
0.011820
0.015566
0.013891
0.015000
0.019324
0.010355
0.017011
0.012566
0.014864
0.014980
0.014632
0.015034
0.014740
0.014898
0.014615
0.014830
0.016597
0.013041
0.017249
0.016498
0.013411
0.012066
0.015277
0.014555
0.014754
0.014855
0.014946
0.014608
0.015905
0.013675
0.015542
0.014249
0.014914
0.020017
0.010439
0.013956
0.014775
0.014885
0.014995
0.015626
0.013738
0.014974
0.014990
0.014833
0.014445
0.015111
0.014576
0.014907
0.015525
0.015574
0.013655
0.014681
0.014916
0.014761
0.014815
0.014814
0.014757
0.015007
0.014703
0.014904
0.015279
0.014287
0.020558
0.008983
0.015170
0.014658
0.015974
0.013962
0.014702
0.014529
0.023366
0.006700
0.014747
0.014755
0.014967
0.014994
0.014582
0.014851
0.015783
0.014005
0.014711
0.014830
0.014947
0.014733
0.014711
0.014726
0.014879
0.014841
0.014715
0.015003
0.014759
0.015362
0.014313
0.015072
0.014751
0.014872
0.014682
0.015302
0.014659
0.014567
0.017073
0.013247
0.014074
0.019992
0.009746
0.015170
0.018160
0.011667
0.014668
0.015042
0.014686
0.015663
0.014228
0.015704
0.016179
0.018007
0.010204
0.013697
0.015127
0.015183
0.014822
0.014827
0.014547
0.014814
0.015371
0.014419
0.014515
0.014496
0.014806
0.015095
0.014687
0.014685
0.014872
0.014808
0.014753
0.015070
0.015509
0.014376
0.015769
0.013347
0.015006
0.014818
0.015005
0.014886
0.014734
0.014785
0.014743
0.014784
0.014917
0.014778
0.014831
0.014778
0.014972
0.014948
0.014657
0.016598
0.013224
0.014832
0.014706
0.014847
0.014822
0.014914
0.014658
0.017766
0.012141
0.015449
0.014424
0.014445
0.014903
0.014768
0.015414
0.014581
0.014702
0.015018
0.014577
0.014638
0.015762
0.017688
0.011615
0.014295
0.014997
0.014727
0.024675
0.006728
0.013151
0.014931
0.014703
0.014813
0.014768
0.014964
0.015038
0.014573
0.014822
0.026056
0.004261
0.014578
0.014525
0.014704
0.014843
0.014811
0.014909
0.014688
0.024291
0.005820
0.014581
0.014788
0.014853
0.014786
0.015810
0.013870
0.014817
0.015295
0.014421
0.014718
0.015091
0.017211
0.012561
0.014728
0.014588
0.015025
0.014832
0.014677
0.014850
0.015324
0.014535
0.014595
0.014814
0.014959
0.015230
0.014164
0.014975
0.015144
0.015530
0.014340
0.015680
0.013519
0.015035
0.014707
0.014513
0.016886
0.013732
0.016803
0.012124
0.015027
0.016579
0.012948
0.014972
0.015789
0.014197
0.014419
0.014825
0.014705
0.015208
0.014471
0.015300
0.014534
0.018605
0.011176
0.014727
0.015208
0.014555
0.014933
0.014644
0.016489
0.014070
0.013931
0.014889
0.014715
0.015734
0.014058
0.014985
0.014659
0.014879
0.014868
0.014803
0.015507
0.014206
0.014993
0.014713
0.014883
0.015270
0.014741
0.014333
0.017136
0.012550
0.015478
0.014874
0.014312
0.015713
0.014068
0.014789
0.015127
0.014261
0.015825
0.013988
0.014900
0.016222
0.014969
0.017103
0.014957
0.010976
0.015039
0.014649
0.015101
0.036409
0.004654
0.003517
0.014972
0.014415
0.014829
0.015091
0.014726
0.014766
0.015279
0.014483
0.015078
0.014932
0.015912
0.013135
0.014962
0.014814
0.014956
0.014821
0.014759
0.014857
0.014823
0.014858
0.014947
0.014758
0.014654
0.014932
0.014749
0.014883
0.014806
0.015113
0.014709
0.014724
0.016032
0.013673
0.014962
0.015309
0.014391
0.014824
0.015060
0.015009
0.014471
0.016875
0.012714
0.015297
0.015590
0.021377
0.007147
0.014723
0.015051
0.015033
0.014509
0.014925
0.016727
0.013310
0.014263
0.015741
0.014786
0.014075
0.014834
0.014847
0.015887
0.014113
0.014626
0.017435
0.012770
0.016779
0.012364
0.014804
0.032216
0.005866
0.006602
0.014762
0.015128
0.014993
0.014568
0.015258
0.014337
0.014676
0.014960
0.014726
0.015063
0.014973
0.014696
0.014687
0.014965
0.014617
0.014832
0.014932
0.014654
0.015740
0.014089
0.014784
0.014867
0.016104
0.016157
0.012283
0.014859
0.015108
0.014614
0.014941
0.015318
0.014226
0.014955
0.014599
0.014802
0.015051
0.018020
0.012288
0.014912
0.014366
0.021922
0.007592
0.018784
0.010844
0.014885
0.014614
0.014921
0.014957
0.015306
0.014344
0.014949
0.014516
0.015608
0.014063
0.014876
0.014931
0.015861
0.013752
0.014731
0.014976
0.015295
0.014291
0.014876
0.016087
0.013877
0.014782
0.014491
0.014770
0.014831
0.014910
0.014843
0.015527
0.014061
0.015383
0.014279
0.014834
0.015243
0.014490
0.014868
0.014796
0.014870
0.017112
0.012510
0.014854
0.015517
0.014644
0.014231
0.014969
0.014760
0.014855
0.014831
0.015532
0.015374
0.014154
0.014283
0.015861
0.014196
0.014683
0.014592
0.014733
0.014909
0.014810
0.014735
0.014952
0.014769
0.014956
0.017302
0.012222
0.014907
0.014757
0.014927
0.014808
0.015051
0.014709
0.014655
0.016193
0.013480
0.014914
0.014924
0.014594
0.014931
0.014675
0.014869
0.014900
0.014821
0.014761
0.014847
0.017461
0.012457
0.015539
0.014036
0.014860
0.014765
0.014781
0.015587
0.014690
0.014243
0.014826
0.014840
0.014864
0.015003
0.014693
0.014878
0.014801
0.014649
0.014892
0.014971
0.014671
0.014908
0.014893
0.015463
0.014077
0.015078
0.014823
0.014628
0.014648
0.017305
0.012944
0.014425
0.014825
0.014838
0.019912
0.009612
0.015021
0.015275
0.014555
0.014601
0.014850
0.014800
0.015017
0.014645
0.014862
0.017928
0.011717
0.014908
0.014727
0.014907
0.094161
0.006741
0.000308
0.000167
0.000158
0.000157
0.004478
0.014213
0.013054
0.014741
0.014899
0.015739
0.014547
0.014500
0.026500
0.003183
0.014924
0.014526
0.015360
0.014723
0.014349
0.015991
0.013756
0.014911
0.015055
0.014997
0.014921
0.015017
0.014571
0.014362
0.015592
0.014692
0.014516
0.014654
0.014597
0.014834
0.014990
0.015404
0.014315
0.014632
0.068317
0.006225
0.000304
0.000167
0.000160
0.013902
0.014865
0.014818
0.015732
0.013865
0.015023
0.014688
0.018408
0.011470
0.014473
0.018278
0.011575
0.015455
0.016920
0.012142
0.014728
0.014871
0.015377
0.014187
0.015143
0.014564
0.015030
0.014839
0.017948
0.011481
0.015012
0.016642
0.016043
0.011680
0.015083
0.014677
0.014702
0.015540
0.014021
0.014985
0.014763
0.014924
0.015130
0.015479
0.013856
0.014854
0.014762
0.015046
0.014846
0.014663
0.015451
0.014260
0.014813
0.014734
0.015002
0.014659
0.016362
0.013997
0.014124
0.014952
0.016708
0.013043
0.014739
0.014775
0.016670
0.012919
0.015012
0.024294
0.005705
0.014702
0.015414
0.014055
0.014625
0.015052
0.015224
0.014270
0.014872
0.014825
0.015659
0.014853
0.014081
0.015893
0.013762
0.014763
0.014842
0.014855
0.015670
0.017133
0.012446
0.014511
0.014507
0.014930
0.014654
0.014918
0.014873
0.015118
0.014415
0.015356
0.014497
0.014862
0.014624
0.023271
0.006508
0.026825
0.003071
0.014682
0.015501
0.014161
0.014759
0.014763
0.014855
0.014966
0.015353
0.015891
0.013099
0.015104
0.014872
0.015462
0.013998
0.015267
0.015566
0.013813
0.014761
0.014818
0.015264
0.014535
0.015730
0.019980
0.008724
0.015013
0.014664
0.015130
0.015262
0.014978
0.015383
0.013548
0.014971
0.014809
0.014636
0.014962
0.015221
0.014996
0.014229
0.016189
0.026041
0.003824
0.013420
0.014834
0.014852
0.014661
0.014910
0.014701
0.014831
0.015777
0.013927
0.016714
0.013073
0.015035
0.014461
0.014998
0.024967
0.006022
0.013477
0.015004
0.014558
0.015570
0.014519
0.014690
0.014781
0.015091
0.014515
0.014682
0.014810
0.015577
0.015262
0.014144
0.014490
0.015138
0.014522
0.014960
0.015245
0.015123
0.014515
0.014413
0.014813
0.015022
0.014784
0.014609
0.015018
0.015083
0.023059
0.006454
0.014714
0.014875
0.014900
0.014713
0.017605
0.012167
0.016692
0.013487
0.022564
0.007181
0.015929
0.014650
0.013273
0.014765
0.014812
0.014861
0.014798
0.014945
0.014877
0.014747
0.015143
0.014714
0.014686
0.015722
0.014268
0.015463
0.013821
0.014968
0.024349
0.005422
0.014692
0.016099
0.013624
0.015229
0.014427
0.017009
0.012765
0.014678
0.015004
0.014710
0.014930
0.015125
0.015686
0.013840
0.015088
0.014421
0.018366
0.011564
0.014553
0.015032
0.014981
0.014681
0.014507
0.018245
0.015411
0.010904
0.015211
0.015395
0.013941
0.014953
0.014794
0.014741
0.015020
0.014510
0.015472
0.014443
0.014809
0.015690
0.013906
0.015018
0.014488
0.015354
0.014514
0.014889
0.014759
0.014810
0.014794
0.014702
0.026027
0.003778
0.014766
0.014748
0.014940
0.014788
0.014900
0.014784
0.015527
0.014213
0.014739
0.014666
0.014888
0.014784
0.015331
0.014717
0.015635
0.014625
0.016280
0.012585
0.015037
0.014451
0.015365
0.014761
0.014635
0.015700
0.014300
0.014928
0.014315
0.021127
0.009500
0.014177
0.014497
0.014780
0.015210
0.014688
0.014559
0.015151
0.014628
0.014807
0.014725
0.015146
0.014588
0.014748
0.014959
0.014865
0.018185
0.011406
0.014868
0.014884
0.014743
0.015241
0.014348
0.015475
0.014269
0.019234
0.010509
0.014707
0.014922
0.015155
0.014574
0.014682
0.015021
0.015561
0.014301
0.015270
0.014122
0.014832
0.018571
0.011028
0.014817
0.015686
0.015708
0.013394
0.014957
0.015231
0.014291
0.014553
0.014833
0.014718
0.015062
0.014780
0.014904
0.014758
0.016279
0.013309
0.017276
0.012315
0.015206
0.014713
0.014848
0.014733
0.014687
0.017772
0.013183
0.014558
0.014033
0.014957
0.014580
0.014771
0.014786
0.015611
0.014152
0.014642
0.014922
0.015333
0.014284
0.014824
0.015174
0.014910
0.014430
0.014908
0.014816
0.015156
0.014378
0.014997
0.015832
0.014060
0.014627
0.014633
0.016487
0.013226
0.014914
0.014778
0.014890
0.015023
0.014690
0.015135
0.014469
0.014808
0.014842
0.015138
0.014547
0.014932
0.014729
0.015808
0.014001
0.014633
0.014750
0.014953
0.028794
0.003552
0.012648
0.016214
0.012925
0.016536
0.013332
0.014688
0.014892
0.014933
0.014650
0.014898
0.014928
0.014541
0.014993
0.014853
0.015722
0.013865
0.014980
0.014812
0.014716
0.014872
0.014681
0.014956
0.015639
0.014052
0.014780
0.014977
0.014802
0.016335
0.013567
0.029869
0.003571
0.011735
0.014094
0.016651
0.012833
0.014810
0.014770
0.015292
0.015441
0.014225
0.014319
0.014901
0.014846
0.014768
0.014757
0.015042
0.015324
0.016279
0.013157
0.015185
0.015457
0.013403
0.014914
0.015064
0.015938
0.013619
0.032381
0.013413
0.005931
0.007576
0.017138
0.012692
0.014683
0.014626
0.014878
0.014948
0.015279
0.014416
0.014907
0.014628
0.015136
0.014732
0.015111
0.014574
0.014742
0.016257
0.013394
0.014765
0.024379
0.007264
0.013510
0.014999
0.014258
0.014575
0.015056
0.015055
0.014936
0.014604
0.014709
0.017091
0.014829
0.013150
0.014286
0.014694
0.014990
0.014947
0.014866
0.014787
0.014842
0.014748
0.014985
0.014834
0.016818
0.012739
0.014909
0.015006
0.014532
0.016063
0.014447
0.014091
0.015487
0.014288
0.014600
0.015017
0.014827
0.015318
0.014469
0.014994
0.014553
0.014787
0.015583
0.014303
0.014778
0.014873
0.014820
0.014892
0.014839
0.014524
0.015167
0.015901
0.014606
0.014024
0.014829
0.015574
0.014904
0.014326
0.014678
0.014629
0.014883
0.015190
0.014470
0.014827
0.015089
0.019753
0.009905
0.018125
0.011438
0.014745
0.015045
0.014608
0.014954
0.014978
0.014639
0.014961
0.016831
0.012770
0.017978
0.011760
0.014767
0.014912
0.014895
0.016577
0.012873
0.014795
0.014835
0.016514
0.013243
0.019616
0.010170
0.014806
0.014938
0.014794
0.015553
0.014059
0.014822
0.014794
0.014970
0.014771
0.015667
0.014290
0.016452
0.014790
0.013040
0.014831
0.014558
0.014912
0.016562
0.013217
0.014880
0.014722
0.014882
0.014911
0.014697
0.014753
0.014946
0.014973
0.015138
0.014534
0.014796
0.014793
0.014967
0.014691
0.019520
0.010253
0.014783
0.014687
0.015027
0.014774
0.015002
0.014729
0.014877
0.014780
0.022560
0.007171
0.014785
0.014755
0.016107
0.013691
0.015016
0.014873
0.015324
0.014067
0.014855
0.014665
0.014858
0.015212
0.014682
0.016295
0.013581
0.015565
0.013928
0.014781
0.014806
0.014905
0.014713
0.021933
0.007703
0.015397
0.014607
0.014649
0.015184
0.014301
0.015331
0.032567
0.011958
0.000318
0.014862
0.014352
0.014576
0.015537
0.014168
0.014723
0.014995
0.015272
0.016304
0.012975
0.014704
0.015021
0.014797
0.014754
0.014670
0.015004
0.014734
0.015133
0.014556
0.015077
0.014548
0.015197
0.015760
0.013887
0.015353
0.014153
0.014661
0.014843
0.014951
0.014639
0.016177
0.013598
0.015221
0.014490
0.014758
0.014868
0.014989
0.014595
0.014660
0.015009
0.015283
0.014852
0.014579
0.014699
0.014746
0.015157
0.014598
0.014592
0.015029
0.017591
0.011983
0.016191
0.013332
0.015081
0.014861
0.015000
0.014528
0.015246
0.014414
0.014772
0.014967
0.014868
0.015095
0.014374
0.014933
0.014797
0.014901
0.016357
0.013289
0.014793
0.014804
0.014774
0.017048
0.012634
0.014875
0.014777
0.014897
0.014780
0.014960
0.015377
0.016142
0.013289
0.015073
0.014921
0.014333
0.014618
0.014791
0.014880
0.016333
0.013168
0.015436
0.014215
0.014798
0.015044
0.014620
0.015130
0.014572
0.015431
0.014892
0.014141
0.014774
0.015130
0.014782
0.014610
0.017863
0.012094
0.014662
0.018115
0.016123
0.010175
0.014833
0.014810
0.015778
0.014472
0.015703
0.013988
0.014459
0.015429
0.015651
0.014501
0.013446
0.014930
0.015210
0.016834
0.012659
0.014706
0.015078
0.016806
0.012709
0.014632
0.015326
0.014500
0.015183
0.014509
0.015631
0.014535
0.014393
0.014713
0.016009
0.013583
0.014940
0.014857
0.014696
0.014848
0.018105
0.011837
0.019234
0.009949
0.015453
0.014376
0.017313
0.028370
0.000362
0.013478
0.014764
0.014792
0.015197
0.014589
0.014638
0.015589
0.014198
0.015358
0.014384
0.014866
0.014718
0.016033
0.014464
0.013984
0.014636
0.014892
0.015011
0.014788
0.015590
0.014019
0.014916
0.014732
0.015413
0.014526
0.018869
0.012027
0.017060
0.011234
0.014723
0.014673
0.014923
0.015395
0.014261
0.014847
0.015061
0.014664
0.014961
0.014738
0.016499
0.013036
0.015007
0.014685
0.015897
0.014229
0.014507
0.014979
0.014562
0.014689
0.015270
0.014853
0.014404
0.015028
0.015086
0.014515
0.014916
0.014885
0.016011
0.013646
0.014879
0.015521
0.014321
0.016629
0.012864
0.014684
0.015146
0.014445
0.014911
0.014747
0.014841
0.015031
0.014676
0.014882
0.014863
0.015003
0.014587
0.015531
0.013999
0.018970
0.010910
0.015881
0.016874
0.012273
0.067762
0.000329
0.000184
0.000176
0.016941
0.011480
0.012333
0.019921
0.014050
0.006477
0.012966
0.014795
0.014819
0.027768
0.002937
0.013942
0.014668
0.014929
0.014802
0.014782
0.014715
0.016485
0.013306
0.015341
0.014390
0.014942
0.014811
0.014898
0.014756
0.014694
0.014993
0.014604
0.015040
0.015929
0.013600
0.015019
0.014789
0.059725
0.006271
0.000329
0.000186
0.008043
0.014577
0.014812
0.015194
0.014426
0.014864
0.014822
0.014958
0.014688
0.016475
0.013465
0.015020
0.014490
0.015550
0.014072
0.014694
0.015036
0.014989
0.014791
0.014634
0.015045
0.015087
0.014546
0.014525
0.015145
0.016265
0.013187
0.014829
0.015073
0.015176
0.017242
0.014942
0.022244
0.004521
0.014659
0.015573
0.014536
0.014676
0.015200
0.014482
0.015261
0.014279
0.015845
0.013980
0.015503
0.014219
0.014727
0.014923
0.014710
0.014845
0.014923
0.026771
0.002816
0.014973
0.014702
0.014890
0.014777
0.015148
0.014941
0.014719
0.014667
0.016506
0.017899
0.010163
0.015092
0.014439
0.014802
0.014871
0.015600
0.014220
0.014425
0.014978
0.014844
0.014804
0.015777
0.014062
0.014719
0.014825
0.014884
0.014641
0.015092
0.014749
0.015928
0.013777
0.015040
0.015036
0.014434
0.017385
0.012339
0.014723
0.014897
0.015866
0.013922
0.014931
0.014568
0.015024
0.014854
0.014763
0.015074
0.016746
0.013365
0.014361
0.014940
0.014723
0.014674
0.014855
0.015111
0.014676
0.014742
0.014925
0.020048
0.010754
0.013609
0.014980
0.018057
0.011255
0.015072
0.014738
0.014884
0.015360
0.014375
0.014934
0.016926
0.012657
0.014852
0.014655
0.014974
0.015166
0.015271
0.014613
0.016382
0.012958
0.014831
0.017322
0.012225
0.016712
0.012932
0.024758
0.008521
0.011430
0.015014
0.019429
0.009800
0.015332
0.014553
0.014754
0.014924
0.014702
0.015916
0.014424
0.014300
0.035716
0.002998
0.005734
0.014783
0.014882
0.014832
0.014776
0.015362
0.014293
0.015029
0.014857
0.014908
0.017692
0.011709
0.014677
0.015108
0.014831
0.014808
0.014724
0.015094
0.014525
0.016419
0.015871
0.012461
0.014591
0.014906
0.015766
0.013784
0.023734
0.005875
0.014782
0.015078
0.017222
0.012252
0.014866
0.014641
0.015250
0.014619
0.014901
0.014812
0.014883
0.014705
0.015143
0.014671
0.014688
0.014847
0.014878
0.014814
0.016166
0.013579
0.014855
0.014677
0.014939
0.016664
0.012847
0.014931
0.015262
0.014862
0.019413
0.009952
0.014565
0.017362
0.012294
0.015020
0.016400
0.013457
0.014495
0.014907
0.015193
0.017024
0.013462
0.013596
0.014662
0.015140
0.014665
0.015123
0.014831
0.014575
0.014720
0.014833
0.014815
0.014864
0.015000
0.014497
0.015011
0.014843
0.014949
0.014716
0.015762
0.014669
0.014003
0.014789
0.016447
0.013213
0.015031
0.014661
0.014811
0.015258
0.015486
0.017370
0.012552
0.013712
0.015194
0.014248
0.014850
0.014769
0.015785
0.014115
0.015308
0.014175
0.015180
0.017626
0.011601
0.014800
0.015016
0.016103
0.013740
0.014617
0.015529
0.014332
0.014490
0.015021
0.014877
0.014914
0.016874
0.012623
0.014885
0.014741
0.014869
0.014743
0.015959
0.014018
0.014575
0.014828
0.014732
0.014904
0.014905
0.015137
0.014461
0.014713
0.015334
0.014445
0.014868
0.015863
0.013682
0.014940
0.014612
0.017723
0.012258
0.014726
0.014953
0.015808
0.014365
0.014264
0.014611
0.014741
0.015509
0.014268
0.014823
0.015953
0.015152
0.013596
0.017998
0.011924
0.014295
0.015005
0.015409
0.014223
0.014845
0.014993
0.014893
0.015521
0.013879
0.015072
0.014693
0.014715
0.015576
0.014742
0.014366
0.014896
0.025180
0.004524
0.014681
0.014717
0.014848
0.015008
0.015548
0.015325
0.014185
0.014467
0.014811
0.014501
0.014874
0.014913
0.014667
0.014958
0.014796
0.014709
0.015024
0.015027
0.014834
0.015058
0.014336
0.014818
0.014974
0.014505
0.016920
0.012811
0.014863
0.017518
0.012265
0.014786
0.014772
0.015108
0.014669
0.014791
0.014666
0.014963
0.015169
0.014503
0.014763
0.015786
0.014559
0.014244
0.015164
0.015485
0.013787
0.014949
0.014684
0.014890
0.014865
0.014850
0.014691
0.014993
0.014852
0.016866
0.012755
0.014791
0.014952
0.014684
0.014934
0.015212
0.014771
0.014522
0.014662
0.016171
0.013702
0.014752
0.015474
0.014506
0.017395
0.012369
0.015084
0.017671
0.011488
0.014720
0.018789
0.011032
0.014905
0.014680
0.014965
0.015224
0.014358
0.015170
0.014580
0.014750
0.014586
0.015172
0.015232
0.014763
0.014674
0.014949
0.014480
0.015058
0.014643
0.014849
0.014918
0.014876
0.014574
0.015025
0.014781
0.014868
0.014893
0.014754
0.014762
0.015148
0.014688
0.016988
0.012850
0.014631
0.015018
0.017400
0.012173
0.014715
0.014798
0.015501
0.014232
0.014955
0.018671
0.012359
0.013402
0.014897
0.014680
0.015414
0.015101
0.014144
0.014941
0.014778
0.014790
0.016641
0.013131
0.016549
0.012950
0.014821
0.015092
0.015081
0.014713
0.014712
0.015012
0.014492
0.015487
0.016648
0.012667
0.016816
0.013008
0.014428
0.015511
0.014495
0.014844
0.014350
0.015183
0.014743
0.015138
0.014563
0.014774
0.014687
0.015785
0.014226
0.014501
0.015559
0.014365
0.017970
0.021047
0.006556
0.013781
0.014821
0.015087
0.015020
0.014485
0.014665
0.014830
0.015493
0.014288
0.014820
0.014916
0.014573
0.014989
0.014849
0.014911
0.014716
0.014908
0.014901
0.014848
0.014583
0.014867
0.016040
0.013808
0.014656
0.014848
0.017459
0.012477
0.014659
0.015019
0.015004
0.014425
0.014771
0.014888
0.014819
0.014879
0.014930
0.014812
0.018492
0.011056
0.014808
0.024616
0.005380
0.014611
0.015458
0.014265
0.014923
0.014779
0.016897
0.012962
0.014624
0.014855
0.015021
0.015287
0.016200
0.012961
0.016293
0.013671
0.014429
0.014835
0.014792
0.014872
0.015519
0.013976
0.015020
0.014803
0.015132
0.016821
0.012969
0.014483
0.015133
0.014604
0.015807
0.013844
0.015488
0.014696
0.014092
0.015029
0.014833
0.014960
0.014846
0.014758
0.015736
0.013858
0.014919
0.014861
0.014848
0.015753
0.013929
0.014847
0.014739
0.015363
0.014404
0.014662
0.014705
0.014968
0.014735
0.014833
0.015126
0.014805
0.014695
0.014696
0.014934
0.014786
0.015045
0.018413
0.011341
0.014684
0.014811
0.014791
0.014875
0.015167
0.014969
0.015139
0.013930
0.015894
0.014640
0.015227
0.013752
0.014671
0.014743
0.014861
0.014835
0.014813
0.014787
0.015136
0.016778
0.012443
0.014917
0.014992
0.014714
0.015881
0.013865
0.014920
0.014769
0.014729
0.014913
0.014735
0.014847
0.014743
0.014844
0.015409
0.014236
0.014939
0.014737
0.014917
0.014826
0.014744
0.014842
0.014977
0.016317
0.016109
0.012955
0.013838
0.015145
0.014542
0.015164
0.014396
0.014950
0.014761
0.034532
0.004587
0.006624
0.013730
0.014786
0.014715
0.014756
0.048963
0.054479
0.000351
0.005714
0.000362
0.000195
0.000184
0.008563
0.014785
0.014788
0.014701
0.015006
0.015004
0.015989
0.013692
0.014542
0.015137
0.014605
0.014796
0.014883
0.014841
0.015114
0.016953
0.012615
0.014652
0.014786
0.014796
0.014715
0.014955
0.014925
0.015997
0.014941
0.013897
0.014986
0.014645
0.014568
0.014550
0.015034
0.014733
0.014974
0.015451
0.017022
0.012613
0.014226
0.015643
0.014042
0.014768
0.014841
0.015218
0.014803
0.014579
0.014954
0.014724
0.015079
0.014202
0.015050
0.014960
0.015269
0.014143
0.014796
0.016001
0.013854
0.014683
0.014848
0.016020
0.013811
0.014869
0.015016
0.014551
0.015406
0.014457
0.014611
0.014734
0.015402
0.014272
0.015084
0.014876
0.014923
0.014666
0.014942
0.014638
0.015084
0.029272
0.003457
0.012621
0.025974
0.003106
0.014378
0.015047
0.014823
0.014697
0.014940
0.014541
0.014799
0.014881
0.014796
0.015830
0.015014
0.018971
0.009796
0.014803
0.032727
0.004230
0.007604
0.014804
0.014741
0.015242
0.014538
0.014611
0.014878
0.015251
0.014425
0.014946
0.014717
0.017534
0.012318
0.016865
0.012754
0.015094
0.014461
0.016166
0.013541
0.015575
0.014308
0.015051
0.014327
0.014820
0.014873
0.014959
0.016154
0.013408
0.014820
0.015066
0.014585
0.014923
0.014658
0.014952
0.014748
0.014720
0.015034
0.014767
0.014824
0.014895
0.014775
0.017150
0.012480
0.014820
0.014783
0.019810
0.009985
0.016515
0.013258
0.014853
0.014708
0.015038
0.015125
0.014620
0.014691
0.014819
0.015680
0.014046
0.018170
0.012794
0.013392
0.015104
0.014646
0.014705
0.014921
0.014753
0.017157
0.012617
0.015257
0.014533
0.014821
0.014663
0.015062
0.015133
0.014440
0.015873
0.014024
0.014987
0.015729
0.015320
0.015667
0.014134
0.013084
0.014785
0.014959
0.015112
0.014448
0.014730
0.014951
0.014700
0.015066
0.020222
0.010532
0.013629
0.014962
0.014816
0.014627
0.015323
0.014781
0.016105
0.013475
0.015711
0.013956
0.014770
0.015285
0.014561
0.014779
0.014769
0.014879
0.014748
0.014900
0.014770
0.014634
0.015045
0.014638
0.014988
0.014850
0.017428
0.014264
0.012862
0.014809
0.015215
0.014478
0.014990
0.014503
0.088587
0.006046
0.000367
0.000197
0.000187
0.000185
0.008590
0.015812
0.015398
0.013806
0.014344
0.014939
0.014975
0.015776
0.013639
0.014811
0.014939
0.015089
0.021074
0.008909
0.014707
0.014449
0.016666
0.012952
0.015127
0.014971
0.014342
0.014821
0.014691
0.014933
0.014723
0.019554
0.010651
0.014810
0.014555
0.016677
0.012820
0.062698
0.006097
0.000346
0.000196
0.005778
0.014415
0.015291
0.014131
0.014989
0.014717
0.016986
0.012794
0.015190
0.014417
0.014798
0.014979
0.014668
0.014738
0.014961
0.021250
0.008468
0.014762
0.014834
0.014795
0.015198
0.014461
0.015588
0.014079
0.015038
0.016471
0.013223
0.014522
0.015068
0.017961
0.011489
0.014767
0.015002
0.014968
0.014782
0.014735
0.015983
0.013528
0.014962
0.014703
0.016055
0.013731
0.015254
0.017551
0.011680
0.014934
0.014687
0.014904
0.014680
0.014868
0.014822
0.014896
0.014945
0.014565
0.015038
0.014923
0.014623
0.014912
0.014616
0.015096
0.015884
0.014286
0.014346
0.014802
0.014802
0.014668
0.014955
0.014774
0.015045
0.014632
0.016426
0.013274
0.014883
0.014784
0.014721
0.014928
0.014744
0.015235
0.015177
0.014335
0.014567
0.015122
0.014641
0.014837
0.016813
0.012950
0.014685
0.017268
0.012360
0.015026
0.014734
0.014833
0.014698
0.014888
0.014726
0.015390
0.014190
0.015112
0.014894
0.014807
0.015529
0.014303
0.014445
0.014783
0.014752
0.021017
0.008863
0.015261
0.014376
0.014857
0.014805
0.014893
0.014728
0.015399
0.014146
0.014765
0.015976
0.014235
0.018281
0.011267
0.014645
0.014785
0.014813
0.014724
0.015434
0.014929
0.014077
0.015316
0.015443
0.013926
0.014812
0.015074
0.014667
0.015917
0.016359
0.012469
0.014494
0.014810
0.016452
0.014206
0.013771
0.015061
0.014785
0.014685
0.014892
0.015419
0.014212
0.014762
0.014823
0.015048
0.014634
0.014987
0.014711
0.015013
0.014605
0.015151
0.014652
0.016291
0.013220
0.014814
0.014949
0.014907
0.015061
0.014603
0.014716
0.015339
0.017078
0.012607
0.015001
0.014418
0.014744
0.014697
0.014939
0.014918
0.027667
0.002919
0.014161
0.014375
0.015518
0.014326
0.015471
0.014004
0.015001
0.014807
0.014728
0.014692
0.014921
0.014874
0.014848
0.015583
0.015598
0.013902
0.014403
0.014723
0.014743
0.014933
0.014653
0.014788
0.014869
0.016115
0.013654
0.015046
0.015268
0.014118
0.015328
0.014239
0.015963
0.014924
0.014816
0.014411
0.014365
0.015406
0.014074
0.014824
0.014792
0.015106
0.015269
0.014267
0.015066
0.014655
0.014698
0.015351
0.014303
0.014921
0.014863
0.014855
0.015277
0.014322
0.015389
0.014898
0.014978
0.014115
0.014913
0.014643
0.014830
0.014834
0.014885
0.014831
0.015820
0.013971
0.015623
0.025479
0.003258
0.014837
0.014753
0.014944
0.014830
0.015397
0.014229
0.014922
0.015014
0.015150
0.014388
0.014803
0.015225
0.014753
0.015150
0.026143
0.002972
0.015494
0.014106
0.014685
0.015246
0.014806
0.014724
0.014685
0.014907
0.014863
0.015208
0.014413
0.015443
0.014458
0.014670
0.015720
0.013893
0.014986
0.014577
0.015099
0.014837
0.014974
0.015227
0.014210
0.014790
0.014906
0.014739
0.015412
0.014320
0.015812
0.013906
0.015049
0.014615
0.014849
0.015739
0.013830
0.014791
0.014796
0.015114
0.014800
0.014841
0.014894
0.015325
0.015342
0.013837
0.014856
0.014715
0.015497
0.014327
0.014849
0.016939
0.013186
0.014520
0.014572
0.016755
0.013291
0.014575
0.014893
0.014968
0.014802
0.015011
0.014981
0.014470
0.015369
0.014117
0.015249
0.016985
0.013222
0.013982
0.014833
0.022061
0.012770
0.009741
0.014731
0.014828
0.015291
0.014500
0.014612
0.015174
0.014810
0.015174
0.014287
0.014927
0.014844
0.016157
0.013922
0.014625
0.014800
0.014797
0.014903
0.014732
0.014758
0.015106
0.016623
0.012923
0.015136
0.014445
0.014970
0.014700
0.014826
0.015246
0.014792
0.014484
0.014857
0.014783
0.014837
0.015055
0.015539
0.013982
0.015003
0.014685
0.016722
0.013765
0.014102
0.014934
0.014730
0.015417
0.014297
0.014796
0.014956
0.014597
0.014943
0.015081
0.017985
0.011787
0.014397
0.015053
0.014738
0.014762
0.014856
0.015104
0.014908
0.014657
0.014830
0.016534
0.013213
0.014722
0.019057
0.010676
0.014909
0.014763
0.014921
0.014827
0.015500
0.013858
0.014921
0.014887
0.016271
0.013905
0.014532
0.014905
0.014775
0.014870
0.016379
0.013031
0.014968
0.014664
0.015377
0.015014
0.014489
0.015463
0.013985
0.014706
0.014920
0.015833
0.016494
0.012098
0.014919
0.014747
0.014940
0.016221
0.013376
0.014794
0.014660
0.015090
0.014757
0.014880
0.101255
0.006028
0.000367
0.000199
0.000191
0.000187
0.000186
0.011104
0.013945
0.095982
0.006376
0.000351
0.000199
0.000191
0.000189
0.014766
0.003221
0.012040
0.098640
0.003282
0.000355
0.000198
0.000188
0.000187
0.003771
0.012433
0.014638
0.101477
0.008992
0.000355
0.000199
0.000189
0.000186
0.000188
0.006946
0.014740
0.102304
0.006319
0.000358
0.000201
0.000191
0.000187
0.000187
0.009082
0.014724
0.015966
0.021978
0.007470
0.099765
0.004058
0.000353
0.000202
0.000189
0.000187
0.000188
0.012960
0.014660
0.014856
0.015111
0.014386
0.014839
0.014837
0.014769
0.015905
0.014964
0.013921
0.014670
0.014673
0.014925
0.016349
0.013750
0.014287
0.015125
0.014585
0.019135
0.010689
0.014629
0.014990
0.015803
0.013726
0.014826
0.014911
0.018780
0.010821
0.015235
0.014343
0.014873
0.014870
0.014818
0.014895
0.014809
0.014910
0.014813
0.014768
0.014800
0.014821
0.014767
0.014784
0.015384
0.015303
0.016687
0.035999
0.004486
0.007654
0.010529
0.012655
0.015030
0.014635
0.015728
0.014322
0.016168
0.013218
0.014818
0.015021
0.014977
0.014278
0.015149
0.014971
0.014556
0.014896
0.016235
0.013743
0.014541
0.015482
0.018025
0.011943
0.013901
0.016834
0.013004
0.014573
0.014904
0.015222
0.014281
0.017967
0.011785
0.014903
0.014783
0.016146
0.013723
0.014514
0.014828
0.014750
0.015401
0.015238
0.014075
0.016081
0.013498
0.014899
0.014690
0.014887
0.015122
0.019215
0.011492
0.013533
0.014959
0.014797
0.014725
0.015561
0.014189
0.014790
0.014879
0.015016
0.014639
0.014514
0.015103
0.014608
0.014772
0.016227
0.013556
0.014851
0.014850
0.014998
0.014864
0.015114
0.028193
0.014736
0.003020
0.013124
0.014854
0.016274
0.013339
0.018412
0.011287
0.014792
0.014715
0.015053
0.014877
0.014698
0.014795
0.016363
0.027873
0.006047
0.008778
0.015036
0.014909
0.014615
0.015034
0.016083
0.013609
0.015755
0.016603
0.012207
0.014963
0.014778
0.015074
0.014670
0.014817
0.016274
0.013488
0.014774
0.016204
0.014706
0.013604
0.014629
0.014824
0.015110
0.015774
0.013869
0.015393
0.014235
0.014719
0.014837
0.014845
0.028886
0.002504
0.017067
0.011045
0.015164
0.014462
0.014922
0.014719
0.014789
0.014833
0.014960
0.014924
0.014785
0.014908
0.014868
0.014763
0.015123
0.014541
0.014832
0.014896
0.015783
0.016657
0.012386
0.015932
0.013603
0.015071
0.014346
0.015034
0.014715
0.014912
0.015092
0.015085
0.014407
0.014784
0.014899
0.014725
0.017188
0.014447
0.012825
0.015326
0.014447
0.014822
0.019452
0.011176
0.014833
0.015077
0.013771
0.014796
0.015281
0.014547
0.014529
0.016521
0.013358
0.014748
0.014978
0.015081
0.015432
0.013861
0.016048
0.013751
0.014782
0.015532
0.014079
0.014787
0.014767
0.015017
0.014873
0.020077
0.009692
0.014702
0.014765
0.014858
0.014850
0.015583
0.014298
0.014867
0.014700
0.014766
0.014840
0.014836
0.016709
0.013684
0.014085
0.014956
0.014920
0.014999
0.015315
0.017504
0.011979
0.014603
0.014720
0.014615
0.015096
0.014711
0.014814
0.014902
0.014905
0.014730
0.015056
0.014542
0.014911
0.014977
0.016039
0.013534
0.015577
0.014360
0.014846
0.014497
0.014751
0.014745
0.015065
0.014816
0.015130
0.015378
0.015316
0.016348
0.011999
0.014785
0.015584
0.014074
0.014811
0.015064
0.014718
0.014789
0.014986
0.014768
0.015480
0.014181
0.014698
0.015048
0.015104
0.014595
0.014863
0.015961
0.013714
0.014777
0.014726
0.018200
0.011650
0.014775
0.016939
0.012824
0.014486
0.016546
0.013396
0.016161
0.013280
0.014983
0.014919
0.014746
0.015339
0.033250
0.002873
0.007762
0.016276
0.014568
0.013722
0.014821
0.014852
0.014801
0.014761
0.014923
0.016206
0.013596
0.014623
0.014839
0.017479
0.012240
0.015092
0.015626
0.013690
0.014854
0.015154
0.014453
0.015144
0.014728
0.014811
0.014936
0.016061
0.013468
0.014788
0.014835
0.014653
0.015151
0.015519
0.016406
0.012312
0.015610
0.015360
0.013768
0.014713
0.014724
0.016414
0.013184
0.015086
0.014689
0.014705
0.017038
0.012674
0.014891
0.014789
0.015980
0.013850
0.014800
0.015967
0.013857
0.014926
0.014564
0.014727
0.014855
0.014708
0.015070
0.014853
0.020957
0.008399
0.015071
0.014756
0.016868
0.012918
0.014720
0.014910
0.015287
0.014310
0.014970
0.014634
0.101802
0.006516
0.000359
0.000206
0.000194
0.000191
0.000191
0.009622
0.014509
0.015950
0.013650
0.015201
0.014502
0.015410
0.014310
0.015071
0.014433
0.016936
0.012726
0.014815
0.014863
0.014661
0.015099
0.015130
0.014449
0.015744
0.013856
0.014897
0.015705
0.038770
0.002710
0.008275
0.013234
0.010270
0.014889
0.014667
0.014964
0.014749
0.014724
0.015232
0.015158
0.014213
0.068146
0.007311
0.000375
0.000203
0.000197
0.013123
0.014574
0.014748
0.015178
0.014658
0.014433
0.015402
0.014753
0.014303
0.015075
0.014841
0.014668
0.015276
0.014514
0.014883
0.014868
0.016015
0.013543
0.014897
0.014860
0.014770
0.014941
0.017060
0.012753
0.014580
0.014827
0.014954
0.014747
0.014792
0.014897
0.014654
0.019613
0.010290
0.014922
0.014886
0.014911
0.014461
0.016069
0.022334
0.006293
0.014707
0.015283
0.014405
0.015004
0.014727
0.014919
0.014540
0.025496
0.004198
0.014877
0.014884
0.014946
0.014658
0.015445
0.017339
0.011546
0.016900
0.013063
0.016598
0.014547
0.013277
0.015011
0.014600
0.019222
0.010366
0.014827
0.016245
0.013441
0.014975
0.016685
0.012854
0.015205
0.014668
0.014754
0.015045
0.014893
0.014520
0.015182
0.014484
0.014810
0.015010
0.014743
0.015073
0.014592
0.014921
0.014844
0.015293
0.014251
0.014870
0.014738
0.015677
0.013909
0.015000
0.015449
0.016151
0.013302
0.014988
0.014861
0.016180
0.013468
0.014320
0.014695
0.015130
0.014829
0.015498
0.018205
0.010929
0.014653
0.014593
0.014841
0.015599
0.014335
0.014645
0.014896
0.014908
0.014724
0.015320
0.014322
0.015122
0.014882
0.014566
0.014968
0.014727
0.016901
0.013032
0.015749
0.013730
0.014959
0.014673
0.014883
0.014751
0.015042
0.017618
0.011852
0.015956
0.014148
0.014346
0.014898
0.014897
0.014927
0.015890
0.013752
0.014797
0.014810
0.016649
0.012986
0.014738
0.015425
0.014522
0.014949
0.014693
0.014964
0.014828
0.014969
0.014555
0.014818
0.014967
0.014891
0.015482
0.014070
0.015864
0.014168
0.014416
0.015020
0.014737
0.014776
0.015099
0.015066
0.014666
0.014580
0.016874
0.012804
0.014725
0.014754
0.015538
0.015174
0.014130
0.018863
0.010574
0.015050
0.014849
0.016248
0.013271
0.015234
0.014609
0.014916
0.015035
0.015497
0.013858
0.016596
0.015502
0.012724
0.014701
0.014812
0.014938
0.016893
0.014045
0.013420
0.014787
0.014931
0.015619
0.014051
0.014796
0.014727
0.014769
0.015830
0.017712
0.010875
0.015018
0.014700
0.014925
0.015831
0.013935
0.014890
0.016456
0.013774
0.014108
0.014973
0.014995
0.014391
0.015200
0.014793
0.014837
0.015219
0.014098
0.015280
0.014536
0.014660
0.022416
0.007392
0.015017
0.014821
0.015515
0.014176
0.014967
0.014656
0.015142
0.014462
0.014889
0.014998
0.015920
0.013936
0.014767
0.014698
0.014741
0.022314
0.007376
0.015681
0.014076
0.015155
0.014608
0.014735
0.015797
0.016690
0.012301
0.015142
0.021826
0.007699
0.014348
0.014915
0.014644
0.015270
0.015161
0.015834
0.013061
0.015622
0.014062
0.014874
0.015299
0.014428
0.014775
0.015306
0.014361
0.014819
0.015081
0.014344
0.015089
0.015185
0.015365
0.014266
0.014451
0.014640
0.016824
0.012915
0.015063
0.016585
0.013342
0.014365
0.016469
0.013331
0.014845
0.014792
0.014937
0.014791
0.015402
0.014808
0.014202
0.014864
0.014921
0.014799
0.014794
0.014734
0.015113
0.014993
0.014455
0.017604
0.012702
0.014093
0.016724
0.013090
0.015462
0.014504
0.016221
0.012898
0.014824
0.016025
0.013806
0.014784
0.014813
0.014682
0.015039
0.014921
0.015716
0.022580
0.011517
0.011096
0.013252
0.014390
0.014967
0.014976
0.017501
0.012480
0.014544
0.015006
0.014532
0.014971
0.015545
0.015778
0.013172
0.014900
0.021057
0.024041
0.003106
0.010999
0.015519
0.014046
0.016075
0.013731
0.014782
0.014726
0.014864
0.014869
0.015616
0.013973
0.015610
0.014138
0.014803
0.014816
0.014901
0.015773
0.013797
0.015226
0.014561
0.014757
0.014699
0.015007
0.014913
0.014577
0.015044
0.015294
0.014277
0.014793
0.018049
0.014398
0.013272
0.013603
0.014787
0.014772
0.014959
0.014626
0.015079
0.014837
0.014626
0.020784
0.009033
0.016129
0.013635
0.014715
0.014889
0.014715
0.015220
0.016708
0.012568
0.015626
0.014542
0.017900
0.011535
0.017682
0.011708
0.014689
0.015493
0.014318
0.015140
0.014622
0.014828
0.015462
0.028206
0.002950
0.012778
0.016441
0.013065
0.015114
0.014566
0.014829
0.014752
0.014933
0.016183
0.013356
0.014895
0.015214
0.014664
0.014628
0.014886
0.014880
0.015111
0.014711
0.014747
0.014650
0.016238
0.013649
0.014736
0.014998
0.014658
0.014770
0.014852
0.014858
0.014885
0.015031
0.014617
0.016121
0.013526
0.014722
0.014853
0.015625
0.014053
0.014852
0.014867
0.015484
0.014455
0.014573
0.015034
0.015014
0.014486
0.017844
0.011936
0.014769
0.015190
0.015522
0.018472
0.016427
0.011034
0.012363
0.014757
0.016220
0.013879
0.016235
0.014000
0.018770
0.011681
0.019936
0.009291
0.014563
0.015178
0.013313
0.014919
0.015888
0.013687
0.015464
0.014304
0.016108
0.013273
0.015707
0.014046
0.014775
0.015073
0.015031
0.015052
0.014714
0.014414
0.014975
0.014651
0.014776
0.015907
0.016362
0.012421
0.014815
0.014782
0.015199
0.014526
0.015063
0.015510
0.014064
0.014622
0.014875
0.015388
0.014280
0.015125
0.016900
0.012966
0.014325
0.014934
0.014714
0.015043
0.014743
0.014875
0.014822
0.014622
0.014989
0.014843
0.014716
0.014917
0.015133
0.014384
0.015132
0.016565
0.012963
0.014855
0.015040
0.016032
0.013720
0.015293
0.014325
0.016673
0.013684
0.014645
0.016430
0.013413
0.015228
0.014540
0.014004
0.015030
0.014730
0.016625
0.012765
0.014807
0.015073
0.014800
0.014840
0.014877
0.015291
0.014919
0.014365
0.014740
0.019616
0.010233
0.014989
0.016588
0.013013
0.014590
0.015016
0.014847
0.014845
0.014753
0.014763
0.014755
0.015155
0.018274
0.026613
0.013802
0.017795
0.003651
0.009336
0.017887
0.014765
0.014319
0.022460
0.005378
0.013758
0.015546
0.014216
0.014476
0.016202
0.013593
0.015262
0.014611
0.015263
0.014241
0.021216
0.008492
0.014916
0.014797
0.014729
0.014913
0.014871
0.014815
0.015196
0.014552
0.020187
0.009836
0.014368
0.014850
0.014854
0.014778
0.015486
0.014303
0.014854
0.014953
0.015479
0.013985
0.015275
0.014808
0.014402
0.014735
0.015082
0.015000
0.014684
0.015855
0.014115
0.014493
0.015234
0.015911
0.013479
0.014952
0.015952
0.013529
0.014841
0.014898
0.017046
0.012537
0.015241
0.014924
0.014397
0.014906
0.014681
0.015076
0.014665
0.014833
0.014849
0.015169
0.014793
0.014577
0.014715
0.014792
0.014842
0.014772
0.014639
0.014905
0.014960
0.025797
0.004765
0.013917
0.014933
0.014882
0.014688
0.014753
0.015315
0.015005
0.014250
0.016890
0.015361
0.012394
0.034685
0.003583
0.006025
0.016308
0.013670
0.021934
0.007476
0.016107
0.013579
0.014804
0.014850
0.014691
0.020380
0.009453
0.016229
0.013651
0.018196
0.011309
0.015171
0.014977
0.019007
0.010092
0.014952
0.014857
0.015193
0.014410
0.015106
0.014388
0.023478
0.006519
0.014534
0.015118
0.014599
0.014765
0.016685
0.014432
0.013712
0.014487
0.015001
0.014611
0.015215
0.014587
0.014830
0.014800
0.014806
0.015255
0.014331
0.014964
0.014723
0.014777
0.014963
0.016030
0.013646
0.014744
0.014794
0.014797
0.014837
0.014876
0.017880
0.012357
0.014261
0.016622
0.013044
0.014947
0.014763
0.014773
0.014908
0.014928
0.014732
0.014939
0.014858
0.015068
0.014425
0.015422
0.021665
0.007797
0.014484
0.014831
0.014656
0.015079
0.015562
0.015110
0.013870
0.014755
0.014936
0.017618
0.011855
0.015097
0.014604
0.014856
0.014870
0.015053
0.014510
0.014754
0.014895
0.014960
0.014694
0.020483
0.010136
0.013996
0.014644
0.015188
0.014584
0.016820
0.014908
0.012867
0.017867
0.011798
0.014860
0.018330
0.012228
0.016005
0.012445
0.015094
0.017388
0.012313
0.015896
0.013862
0.014705
0.017392
0.012318
0.014992
0.014649
0.015265
0.014283
0.015011
0.016440
0.013221
0.014921
0.014736
0.017351
0.012400
0.014971
0.014533
0.015006
0.015137
0.014318
0.014924
0.014662
0.015093
0.015114
0.014450
0.014875
0.014636
0.015099
0.014545
0.014824
0.015569
0.014465
0.014904
0.030448
0.003362
0.010401
0.014812
0.014924
0.014782
0.014591
0.023457
0.007538
0.013616
0.014943
0.014847
0.014784
0.014940
0.014571
0.014925
0.014990
0.015346
0.014311
0.015448
0.014211
0.014821
0.014780
0.015825
0.013760
0.014847
0.014978
0.015504
0.014042
0.014900
0.015111
0.015134
0.014558
0.014706
0.015388
0.014138
0.015124
0.015979
0.013437
0.014625
0.016075
0.013690
0.015407
0.014259
0.015002
0.014766
0.014812
0.027572
0.004915
0.012361
0.014533
0.014656
0.015567
0.014167
0.014744
0.015426
0.014499
0.014751
0.014930
0.015663
0.013863
0.015252
0.014596
0.015517
0.014783
0.014273
0.014659
0.015017
0.014562
0.018018
0.011570
0.014965
0.057264
0.000375
0.000214
0.004050
0.028130
0.004136
0.009787
0.014726
0.014785
0.015185
0.014766
0.015102
0.014523
0.015073
0.014565
0.014892
0.014892
0.014751
0.015519
0.014834
0.016177
0.012934
0.015627
0.014351
0.014499
0.015548
0.014762
0.014011
0.015637
0.014374
0.018286
0.011278
0.014711
0.015548
0.014034
0.014949
0.015250
0.014597
0.014634
0.016932
0.014061
0.013903
0.014669
0.063875
0.006251
0.000336
0.000219
0.003387
0.015189
0.014533
0.015608
0.014685
0.013927
0.015061
0.014906
0.015096
0.014612
0.015294
0.014477
0.014593
0.014921
0.014812
0.015019
0.014717
0.014863
0.014853
0.030783
0.002759
0.011002
0.014636
0.020497
0.009553
0.014449
0.014886
0.015032
0.014744
0.014975
0.015264
0.014215
0.014860
0.014886
0.014606
0.015040
0.014864
0.014860
0.014803
0.014908
0.014700
0.014725
0.015200
0.014564
0.014880
0.014955
0.014775
0.015457
0.014118
0.014870
