 8.430000, 137.870000, 17.030000
-3.880000, 144.760000, 20.190000
-5.000000, 155.510000, 24.200000
-3.160000, 166.800000, 26.770000
-0.120000, 178.400000, 28.900000
 3.160000, 188.360000, 30.380000
 3.670000, 194.590000, 31.000000
 0.000000, 201.250000, 29.250000
-0.530000, 208.530000, 26.580000
 7.590000, 217.030000, 26.050000
 17.960000, 226.700000, 31.060000
 15.900000, 233.810000, 38.190000
 0.510000, 236.170000, 42.960000
-18.620000, 236.350000, 44.910000
-35.160000, 236.770000, 39.830000
-39.640000, 236.500000, 27.340000
-30.040000, 236.460000, 13.730000
-15.420000, 233.160000, 5.590000
-3.980000, 226.240000, 2.580000
-3.310000, 218.250000, 2.840000
-8.750000, 212.380000, 6.060000
-19.460000, 211.850000, 12.350000
-29.290000, 215.120000, 18.230000
-36.530000, 221.960000, 21.220000
-38.290000, 232.870000, 22.900000
-35.450000, 246.660000, 23.900000
-28.580000, 250.120000, 22.600000
-22.120000, 250.120000, 20.610000
-22.160000, 250.120000, 24.910000
-30.850000, 250.120000, 36.200000
-38.520000, 250.120000, 43.870000
-43.580000, 250.120000, 40.950000
-48.310000, 250.120000, 27.230000
-51.430000, 250.120000, 15.290000
-53.140000, 241.980000, 9.750000
-60.350000, 227.710000, 12.260000
-57.610000, 214.310000, 19.830000
-44.340000, 204.400000, 30.630000
-31.080000, 195.320000, 40.150000
-20.620000, 192.720000, 45.320000
-13.530000, 193.160000, 44.480000
-12.250000, 191.620000, 38.910000
-18.650000, 188.090000, 33.890000
-30.350000, 185.980000, 29.670000
-36.730000, 185.390000, 23.870000
-36.190000, 184.460000, 19.900000
-28.270000, 182.790000, 18.340000
-19.600000, 179.510000, 15.450000
-17.280000, 172.680000, 12.870000
-20.990000, 162.760000, 12.960000
-22.740000, 151.660000, 14.650000
-23.040000, 140.280000, 14.600000
-22.030000, 129.670000, 13.730000
-19.060000, 120.030000, 12.940000
-14.670000, 112.250000, 11.160000
-10.090000, 106.810000, 7.690000
-7.310000, 101.310000, 3.500000
-6.380000, 94.510000, 0.540000
-8.770000, 86.820000,-0.470000
-12.470000, 78.730000,-2.900000
-16.480000, 69.900000,-8.280000
-22.930000, 62.290000,-13.000000
-32.040000, 57.120000,-11.400000
-44.770000, 54.410000,-4.380000
-58.220000, 53.830000, 5.050000
-70.850000, 54.900000, 15.720000
-87.180000, 55.770000, 25.180000
-91.810000, 53.640000, 24.300000
-106.630000, 34.570000, 4.800000
-10.250000, 41.270000,-11.380000
 18.060000, 20.220000,-36.640000
-17.580000, 4.310000,-28.200000
-41.340000,-9.900000,-8.270000
-35.450000,-7.890000, 6.620000
-15.570000,-0.650000, 5.950000
 11.120000, 4.190000, 6.550000
 23.440000,-3.240000, 7.350000
 20.610000,-11.010000, 5.290000
 13.010000,-13.760000, 5.300000
 7.430000,-14.250000, 5.990000
 4.270000,-12.450000, 5.080000
 3.680000,-9.070000, 6.640000
 6.920000,-5.090000, 11.580000
 12.570000,-2.370000, 16.870000
 17.260000,-1.750000, 19.250000
 20.150000,-2.490000, 18.160000
 19.910000,-4.610000, 15.030000
 13.700000,-7.480000, 11.350000
 1.230000,-10.480000, 5.840000
-9.820000,-14.910000,-1.450000
-20.880000,-19.370000,-7.260000
-28.740000,-23.050000,-10.500000
-31.840000,-28.260000,-11.190000
-32.230000,-33.520000,-10.350000
-30.140000,-39.100000,-10.160000
-27.480000,-47.510000,-12.030000
-52.490000,-66.350000,-32.410000
-99.670000,-78.980000,-44.900000
 6.820000,-84.370000,-65.360000
 45.690000,-84.150000,-46.150000
 16.350000,-90.610000,-20.120000
-0.290000,-83.340000,-10.800000
 19.290000,-69.130000,-12.260000
 49.350000,-61.250000,-16.680000
 69.830000,-60.350000,-18.050000
 75.250000,-64.480000,-17.140000
 68.450000,-73.350000,-14.120000
 65.610000,-85.960000,-13.360000
 65.610000,-97.980000,-17.950000
 60.090000,-102.800000,-27.030000
 48.260000,-107.900000,-38.980000
 30.050000,-118.990000,-48.270000
 15.790000,-135.260000,-47.240000
 9.750000,-150.160000,-40.230000
 16.510000,-161.700000,-33.700000
 31.380000,-168.510000,-29.480000
 48.660000,-172.930000,-26.750000
 61.900000,-176.410000,-27.280000
 69.380000,-179.760000,-32.830000
 72.660000,-183.450000,-41.380000
 73.520000,-188.260000,-48.220000
 69.360000,-194.860000,-49.580000
 63.670000,-201.560000,-46.470000
 57.060000,-207.920000,-39.240000
 46.910000,-214.790000,-28.540000
 38.270000,-221.610000,-18.400000
 34.770000,-226.980000,-12.320000
 35.820000,-230.520000,-11.480000
 39.930000,-232.180000,-11.820000
 44.430000,-230.990000,-9.180000
 45.480000,-229.270000,-6.140000
 45.310000,-227.090000,-6.860000
 44.970000,-223.000000,-7.540000
 43.720000,-215.690000,-7.990000
 40.950000,-208.220000,-6.250000
 43.270000,-201.940000,-0.410000
 48.140000,-194.570000, 7.250000
 47.320000,-187.720000, 12.970000
 35.920000,-181.960000, 13.470000
 20.540000,-178.630000, 10.470000
 1.460000,-175.470000, 2.540000
-22.800000,-176.250000,-20.090000
-24.250000,-174.000000,-41.890000
-0.190000,-176.760000,-45.250000
 13.020000,-185.910000,-30.880000
 10.140000,-193.020000,-14.160000
 1.140000,-195.860000,-6.260000
-6.300000,-200.270000,-4.870000
-5.600000,-203.330000,-4.930000
 1.380000,-201.640000,-8.920000
 10.470000,-200.700000,-14.350000
 17.910000,-202.960000,-17.030000
 20.990000,-206.380000,-16.170000
 21.510000,-208.610000,-14.030000
 19.650000,-209.430000,-11.550000
 15.690000,-208.840000,-10.160000
 7.220000,-205.010000,-12.710000
-1.300000,-201.420000,-19.610000
-6.580000,-195.390000,-26.610000
-12.080000,-188.150000,-31.770000
-9.090000,-179.310000,-33.530000
-4.450000,-170.220000,-32.590000
-2.800000,-160.150000,-33.470000
-1.110000,-151.050000,-35.870000
-2.690000,-142.960000,-37.410000
-3.360000,-137.070000,-35.370000
-5.090000,-133.250000,-31.060000
-8.540000,-129.220000,-24.960000
-12.070000,-125.800000,-18.060000
-14.350000,-122.770000,-13.450000
-17.000000,-117.060000,-12.630000
-21.870000,-108.760000,-16.000000
-25.130000,-101.150000,-20.640000
-25.510000,-93.440000,-21.080000
-19.350000,-87.350000,-17.920000
-15.700000,-87.040000,-15.350000
-19.910000,-92.480000,-13.930000
-31.300000,-99.540000,-10.010000
-43.120000,-105.370000,-2.300000
-38.130000,-108.770000,-2.450000
-34.470000,-100.390000, 8.090000
 4.450000,-90.320000, 23.810000
 49.940000,-64.740000, 19.580000
 14.400000,-59.220000, 18.750000
-40.160000,-63.360000, 12.160000
-53.990000,-61.920000,-3.800000
-15.920000,-47.350000,-17.490000
 17.870000,-27.410000,-19.560000
 22.500000,-9.330000,-18.000000
 18.460000, 8.120000,-16.860000
 14.380000, 22.250000,-14.530000
 14.260000, 34.480000,-13.830000
 17.430000, 40.060000,-13.450000
 19.970000, 39.350000,-11.900000
 25.150000, 34.300000,-11.110000
 34.280000, 30.290000,-13.090000
 40.900000, 27.800000,-14.980000
 41.800000, 24.870000,-11.150000
 33.370000, 19.670000,-3.150000
 13.560000, 14.150000, 2.760000
-6.530000, 9.960000, 5.390000
-21.300000, 8.220000, 5.920000
-25.130000, 11.540000, 5.230000
-20.630000, 20.140000, 4.970000
-13.930000, 32.860000, 3.530000
-16.170000, 40.640000, 2.870000
-24.920000, 44.500000, 6.070000
-32.360000, 51.100000, 17.960000
-29.700000, 59.380000, 29.060000
-12.690000, 73.460000, 20.450000
-20.510000, 69.000000, 11.330000
-33.500000, 59.250000, 14.370000
-44.030000, 50.250000, 19.380000
-33.490000, 46.920000, 19.080000
-0.610000, 59.120000, 23.190000
 25.320000, 81.690000, 30.290000
 36.000000, 100.760000, 27.650000
 38.910000, 114.070000, 18.110000
 43.290000, 121.250000, 5.210000
 42.820000, 125.670000,-5.870000
 33.640000, 126.310000,-10.160000
 23.090000, 124.300000,-9.070000
 16.480000, 120.240000,-3.650000
 17.680000, 119.830000, 8.000000
 22.570000, 122.740000, 18.170000
 5.440000, 125.440000, 23.930000
-33.520000, 128.700000, 32.930000
-57.470000, 137.510000, 40.770000
-46.350000, 155.470000, 44.510000
-10.270000, 176.980000, 43.600000
 18.220000, 195.660000, 36.630000
 29.800000, 206.620000, 25.150000
 29.180000, 214.050000, 12.100000
 20.000000, 217.580000, 1.540000
 9.290000, 220.970000, 1.170000
-4.450000, 223.830000, 9.830000
-19.930000, 224.810000, 21.710000
-31.540000, 226.410000, 33.500000
-33.640000, 231.470000, 42.490000
-26.800000, 239.170000, 47.270000
-10.130000, 248.800000, 45.990000
 8.220000, 250.120000, 37.290000
 19.650000, 250.120000, 21.000000
 7.120000, 250.120000, 0.470000
-9.450000, 250.120000,-12.410000
-19.510000, 250.120000,-11.740000
-32.690000, 250.120000,-2.660000
-46.380000, 250.120000, 6.520000
-56.060000, 250.120000, 16.000000
-55.640000, 250.120000, 24.730000
-46.640000, 250.120000, 29.160000
-38.520000, 250.120000, 36.000000
-43.450000, 250.120000, 45.080000
-48.090000, 250.120000, 46.160000
-49.250000, 250.120000, 31.200000
-56.860000, 250.120000, 13.950000
-63.610000, 250.120000, 5.880000
-71.560000, 250.120000, 4.320000
-79.800000, 243.310000, 9.280000
-78.290000, 216.420000, 20.900000
-71.690000, 195.090000, 39.340000
-47.610000, 184.030000, 54.720000
-6.380000, 185.540000, 56.690000
 20.670000, 190.090000, 49.130000
 25.510000, 191.710000, 38.510000
 12.540000, 189.440000, 29.220000
-10.830000, 183.030000, 20.060000
-30.870000, 175.400000, 12.150000
-36.220000, 167.060000, 9.030000
-32.550000, 160.030000, 7.580000
-23.510000, 154.050000, 7.010000
-20.160000, 148.590000, 7.350000
-24.390000, 141.260000, 8.820000
-26.180000, 133.500000, 11.250000
-22.890000, 126.190000, 12.230000
-15.610000, 117.160000, 11.890000
-6.610000, 108.620000, 9.260000
-3.680000, 98.900000, 3.500000
-7.780000, 87.540000,-1.170000
-17.410000, 75.790000,-2.290000
-27.140000, 65.410000,-1.730000
-34.200000, 58.850000,-2.090000
-35.430000, 53.850000,-3.350000
-32.590000, 51.810000,-5.770000
-30.740000, 51.980000,-9.750000
-30.610000, 54.190000,-11.380000
-34.440000, 56.070000,-8.400000
-45.050000, 53.000000,-2.980000
-57.810000, 48.350000, 2.810000
-69.120000, 43.250000, 7.170000
-77.900000, 39.640000, 16.180000
-99.960000, 37.310000, 28.800000
-130.900000, 38.340000, 33.350000
-102.240000, 28.290000,-10.960000
 45.340000, 44.250000,-28.430000
 98.070000, 33.190000,-32.760000
 31.500000, 2.880000,-19.930000
-24.580000,-8.880000, 1.490000
-35.250000, 1.170000, 17.830000
-17.190000, 20.570000, 25.690000
 11.940000, 32.980000, 31.540000
 33.820000, 36.740000, 35.820000
 42.290000, 37.200000, 34.070000
 40.130000, 35.160000, 28.640000
 33.740000, 31.350000, 19.730000
 23.300000, 27.260000, 12.060000
 16.210000, 24.800000, 7.930000
 18.250000, 22.590000, 5.610000
 25.890000, 19.080000, 5.720000
 31.520000, 13.690000, 7.080000
 33.030000, 5.700000, 9.640000
 27.900000,-1.960000, 12.040000
 15.110000,-8.910000, 12.800000
-0.610000,-15.410000, 12.730000
-18.690000,-21.830000, 11.810000
-28.900000,-27.450000, 8.800000
-25.070000,-34.990000, 5.480000
-13.440000,-38.550000, 7.050000
-7.960000,-36.480000, 6.250000
-13.410000,-36.650000,-0.970000
-34.030000,-49.970000,-14.900000
-51.870000,-59.670000,-17.800000
-29.610000,-57.870000,-24.970000
-31.540000,-54.800000,-24.510000
-32.130000,-42.770000,-17.410000
-24.090000,-20.270000,-11.130000
-26.250000,-4.850000,-11.090000
-29.170000, 0.550000,-20.790000
-25.030000,-7.590000,-32.380000
-6.120000,-23.980000,-36.870000
 15.670000,-38.470000,-30.300000
 34.670000,-49.400000,-19.850000
 47.830000,-54.290000,-10.720000
 47.110000,-58.100000,-6.980000
 35.270000,-57.980000,-4.410000
 27.000000,-58.310000,-0.720000
 24.010000,-63.220000, 0.070000
 26.190000,-70.660000,-3.950000
 27.600000,-75.030000,-6.200000
 18.370000,-78.460000,-10.280000
 7.650000,-84.910000,-22.540000
 3.390000,-95.030000,-36.220000
 15.200000,-109.930000,-42.450000
 33.240000,-128.290000,-39.890000
 45.930000,-145.760000,-32.700000
 53.580000,-158.330000,-24.260000
 59.860000,-165.930000,-18.580000
 58.090000,-172.870000,-17.160000
 49.250000,-180.260000,-20.190000
 40.000000,-186.150000,-27.230000
 34.580000,-190.700000,-34.760000
 32.530000,-193.810000,-41.340000
 37.650000,-195.540000,-45.640000
 47.090000,-196.770000,-46.570000
 55.180000,-199.930000,-43.570000
 62.450000,-203.730000,-38.400000
 63.980000,-207.770000,-32.850000
 54.870000,-216.070000,-26.340000
 46.120000,-222.430000,-19.500000
 39.660000,-226.660000,-14.700000
 35.830000,-228.880000,-13.220000
 36.080000,-228.220000,-15.050000
 39.900000,-224.060000,-18.440000
 44.570000,-221.580000,-21.060000
 48.450000,-223.270000,-21.320000
 47.000000,-230.140000,-20.720000
 41.060000,-238.900000,-18.970000
 33.990000,-248.460000,-18.010000
 27.210000,-250.130000,-16.060000
 26.110000,-250.130000,-15.310000
 22.670000,-250.090000,-17.600000
 23.190000,-246.460000,-19.110000
 23.610000,-241.800000,-16.880000
 10.970000,-232.290000,-20.760000
-8.100000,-221.320000,-34.350000
-12.390000,-212.930000,-41.960000
-0.080000,-208.630000,-32.970000
 10.250000,-207.120000,-18.850000
 9.040000,-204.000000,-10.890000
-0.050000,-195.500000,-7.520000
-12.920000,-188.250000,-9.830000
-22.160000,-186.070000,-17.200000
-23.160000,-184.250000,-23.000000
-12.850000,-183.730000,-23.600000
 2.770000,-183.990000,-20.580000
 13.270000,-182.530000,-19.500000
 11.550000,-178.060000,-20.380000
 2.380000,-171.910000,-20.690000
-6.730000,-165.190000,-23.760000
-10.340000,-155.990000,-27.340000
-12.860000,-144.100000,-28.600000
-15.530000,-133.670000,-28.770000
-15.410000,-125.220000,-28.730000
-17.370000,-120.320000,-29.400000
-19.510000,-117.820000,-31.460000
-16.220000,-114.220000,-33.570000
-9.580000,-110.410000,-32.880000
-5.100000,-107.030000,-29.290000
-3.930000,-104.090000,-23.790000
-4.640000,-101.450000,-16.230000
-9.370000,-98.640000,-9.960000
-18.630000,-96.590000,-9.160000
-28.020000,-94.110000,-12.310000
-29.310000,-92.070000,-14.220000
-23.350000,-89.410000,-12.030000
-15.410000,-87.540000,-8.080000
-9.610000,-88.490000,-6.220000
-8.020000,-95.650000,-6.870000
-7.440000,-102.300000,-8.260000
-11.260000,-107.450000,-12.600000
-22.050000,-111.730000,-22.960000
-4.170000,-105.660000,-26.630000
 11.870000,-96.260000,-5.720000
 61.830000,-79.730000, 15.350000
 81.960000,-60.290000, 19.790000
 31.040000,-60.930000, 15.440000
-14.410000,-67.850000, 6.960000
-18.870000,-77.570000, 1.250000
-4.700000,-80.820000,-7.440000
 6.410000,-76.460000,-14.460000
 11.270000,-70.280000,-18.120000
 16.080000,-57.830000,-17.930000
 17.640000,-40.700000,-17.830000
 16.510000,-21.730000,-19.520000
 19.060000,-1.930000,-20.910000
 23.720000, 17.510000,-23.530000
 20.560000, 34.130000,-27.250000
 17.040000, 42.830000,-28.850000
 15.880000, 47.570000,-28.540000
 17.890000, 47.350000,-25.450000
 20.740000, 42.660000,-17.280000
 19.750000, 33.290000,-5.460000
 10.300000, 19.520000, 3.460000
-8.010000, 5.340000, 3.650000
-24.250000,-3.830000, 0.450000
-26.130000,-6.130000,-0.870000
-14.830000,-4.440000, 0.190000
 0.830000,-2.640000, 2.810000
 9.000000, 1.590000, 5.770000
-3.920000, 5.270000, 10.510000
-42.350000, 8.640000, 17.820000
-45.770000, 29.900000, 21.220000
-40.150000, 43.610000, 21.500000
-48.200000, 41.870000, 19.530000
-52.950000, 34.070000, 16.340000
-48.770000, 27.190000, 7.550000
-30.910000, 26.660000, 5.250000
 1.090000, 43.250000, 11.340000
 45.190000, 73.210000, 23.950000
 69.370000, 102.830000, 27.110000
 70.740000, 127.620000, 20.940000
 64.080000, 147.660000, 11.250000
 46.350000, 162.960000, 4.800000
 25.790000, 172.480000, 3.660000
 16.220000, 177.830000, 5.310000
 15.740000, 185.780000, 11.490000
 19.380000, 193.120000, 11.640000
 9.620000, 192.030000, 11.000000
-19.010000, 183.320000, 18.050000
-49.330000, 172.950000, 27.110000
-60.480000, 169.390000, 39.510000
-41.240000, 172.830000, 52.720000
-6.670000, 181.230000, 55.320000
 23.910000, 191.360000, 44.680000
 35.490000, 200.320000, 31.000000
 35.120000, 210.030000, 18.910000
 35.460000, 223.610000, 12.900000
 28.380000, 235.980000, 13.330000
 12.560000, 244.510000, 16.120000
-2.780000, 250.120000, 19.510000
-14.190000, 250.120000, 24.020000
-23.350000, 250.120000, 27.870000
-32.250000, 250.120000, 27.530000
-29.170000, 250.120000, 22.610000
-7.900000, 250.120000, 14.570000
 10.380000, 250.120000, 3.420000
 15.320000, 250.120000,-4.580000
 7.050000, 250.120000,-5.410000
-14.070000, 250.120000,-2.190000
-32.540000, 250.120000, 1.490000
-43.830000, 250.120000, 6.560000
-45.710000, 250.120000, 11.730000
-35.800000, 250.120000, 11.520000
-33.770000, 250.120000, 21.870000
-52.290000, 250.120000, 35.530000
-36.110000, 250.120000, 37.090000
-28.800000, 250.120000, 20.200000
-41.640000, 250.120000, 4.000000
-60.210000, 250.120000,-0.640000
-76.350000, 241.460000, 4.510000
-73.020000, 218.860000, 13.720000
-52.550000, 199.830000, 25.480000
-27.010000, 189.720000, 36.170000
-7.730000, 187.770000, 39.450000
 1.510000, 187.960000, 29.380000
-2.920000, 186.180000, 14.030000
-19.360000, 177.900000, 5.120000
-34.530000, 170.120000, 3.650000
-43.590000, 164.250000, 5.750000
-43.320000, 157.880000, 9.090000
-35.130000, 150.270000, 11.630000
-24.640000, 143.890000, 11.260000
-19.960000, 135.630000, 9.480000
-26.550000, 125.140000, 7.360000
-40.620000, 111.580000, 8.090000
-48.410000, 96.670000, 10.730000
-45.700000, 84.180000, 14.040000
-35.040000, 72.070000, 15.940000
-20.820000, 64.020000, 13.960000
-13.410000, 61.680000, 7.610000
-16.320000, 59.480000, 2.040000
-27.800000, 56.610000, 0.120000
-41.530000, 51.490000, 3.480000
-53.510000, 45.120000, 9.400000
-59.010000, 38.540000, 13.960000
-59.270000, 33.910000, 18.910000
-58.260000, 32.910000, 23.090000
-59.520000, 36.160000, 23.000000
-61.610000, 41.280000, 21.260000
-63.150000, 45.250000, 22.800000
-58.460000, 52.350000, 30.130000
-49.290000, 62.700000, 36.300000
-33.820000, 72.510000, 30.020000
-58.000000, 60.700000,-0.430000
-13.190000, 58.430000,-17.830000
 29.180000, 47.350000,-41.200000
-2.360000, 18.340000,-41.830000
-36.000000,-4.640000,-13.290000
-39.330000,-12.950000, 11.910000
-13.550000,-8.910000, 20.670000
 21.090000,-4.810000, 19.000000
 48.760000,-10.660000, 11.900000
 55.570000,-19.350000, 2.540000
 40.930000,-26.860000,-2.740000
 22.430000,-29.700000,-4.590000
 9.890000,-24.410000,-7.500000
 6.280000,-14.800000,-12.260000
 15.730000,-1.790000,-12.240000
 32.370000, 9.380000,-5.510000
 45.510000, 13.430000,-1.450000
 44.870000, 8.120000,-1.240000
 33.770000, 0.510000,-3.050000
 17.090000,-6.930000,-3.120000
 1.060000,-14.910000,-4.130000
-15.860000,-25.060000,-4.220000
-29.450000,-34.680000,-2.740000
-36.480000,-41.810000,-2.380000
-39.910000,-48.220000,-2.270000
-44.340000,-58.030000,-2.300000
-65.030000,-69.700000,-3.030000
-105.580000,-84.290000,-10.290000
-141.060000,-111.420000,-30.930000
-97.320000,-128.830000,-54.580000
 9.980000,-110.740000,-48.930000
 65.890000,-95.880000,-33.710000
 55.740000,-88.230000,-23.160000
 35.440000,-75.770000,-16.290000
 25.510000,-64.080000,-21.650000
 37.030000,-52.510000,-31.870000
 52.950000,-44.970000,-36.360000
 58.750000,-37.930000,-33.580000
 54.010000,-32.370000,-28.580000
 47.840000,-33.130000,-27.290000
 49.080000,-41.150000,-30.040000
 54.230000,-51.780000,-29.760000
 57.270000,-57.270000,-18.760000
 47.220000,-63.780000,-12.960000
 26.870000,-77.410000,-20.960000
 4.040000,-91.550000,-33.250000
 5.740000,-102.320000,-45.860000
 34.400000,-108.830000,-54.000000
 61.420000,-116.830000,-50.220000
 77.260000,-127.070000,-37.540000
 84.610000,-132.120000,-26.900000
 85.250000,-134.030000,-25.200000
 77.250000,-135.520000,-28.250000
 67.470000,-138.580000,-32.340000
 58.960000,-143.310000,-37.690000
 49.710000,-151.440000,-42.220000
 42.350000,-161.550000,-43.800000
 38.470000,-174.220000,-43.030000
 38.880000,-188.800000,-41.460000
 40.510000,-201.770000,-40.970000
 42.110000,-212.510000,-40.960000
 40.650000,-222.290000,-37.670000
 40.890000,-230.160000,-32.910000
 40.520000,-234.010000,-30.040000
 37.860000,-235.360000,-24.920000
 29.290000,-238.850000,-11.590000
 42.090000,-237.350000, 2.630000
 78.260000,-221.560000, 9.810000
 88.210000,-207.700000, 10.040000
 73.240000,-204.220000, 5.790000
 50.540000,-204.440000, 0.000000
 31.650000,-203.140000,-6.870000
 18.920000,-198.770000,-14.340000
 13.110000,-192.000000,-16.160000
 13.320000,-184.020000,-12.300000
 17.520000,-172.900000,-9.580000
 19.740000,-159.540000,-8.630000
 16.390000,-146.140000,-10.030000
 8.350000,-135.000000,-14.510000
 4.580000,-128.380000,-17.420000
 7.230000,-124.970000,-12.550000
 11.800000,-126.650000,-3.660000
 12.770000,-132.890000, 1.830000
 8.410000,-138.960000, 1.610000
-0.540000,-144.580000,-4.930000
-6.530000,-153.150000,-12.260000
-5.120000,-164.320000,-14.480000
 1.380000,-173.710000,-11.240000
 7.110000,-179.290000,-7.160000
 10.990000,-178.580000,-8.300000
 9.080000,-172.830000,-12.300000
 4.850000,-165.780000,-14.430000
-2.770000,-158.890000,-17.740000
-7.540000,-148.060000,-21.980000
-4.260000,-133.970000,-26.320000
 0.920000,-120.540000,-27.660000
 7.790000,-107.640000,-26.360000
 15.220000,-95.960000,-23.190000
 16.210000,-87.380000,-18.720000
 10.770000,-82.660000,-15.830000
 4.730000,-78.050000,-16.020000
-1.530000,-73.700000,-16.230000
-9.210000,-72.040000,-14.630000
-16.610000,-71.980000,-12.250000
-28.450000,-74.480000,-11.850000
-44.450000,-81.250000,-12.060000
-58.160000,-89.510000,-12.540000
-68.090000,-98.480000,-13.140000
-68.640000,-107.770000,-16.800000
-54.790000,-115.530000,-22.900000
-39.030000,-120.930000,-17.580000
-10.160000,-116.790000,-18.320000
-7.960000,-108.150000,-8.540000
-4.580000,-98.630000, 21.470000
 41.540000,-62.900000, 23.030000
 26.970000,-40.530000, 19.930000
-11.350000,-25.090000, 10.110000
-26.840000,-10.860000,-5.680000
-7.670000, 8.660000,-18.190000
 19.800000, 30.100000,-20.900000
 35.270000, 48.200000,-20.220000
 36.870000, 61.570000,-18.810000
 30.420000, 68.670000,-15.350000
 29.070000, 70.390000,-11.030000
 33.900000, 67.880000,-6.260000
 40.520000, 61.960000,-3.670000
 40.550000, 53.410000,-3.550000
 33.750000, 41.030000,-8.060000
 17.360000, 25.370000,-11.840000
-11.900000, 8.670000,-10.330000
-45.870000,-0.750000,-3.430000
-81.380000,-0.580000, 6.190000
-120.130000,-0.890000, 15.450000
-145.840000, 3.150000, 27.480000
-110.580000, 26.990000, 34.580000
-35.040000, 55.780000, 29.160000
 17.930000, 58.030000, 14.320000
 28.910000, 44.100000, 12.740000
 9.700000, 32.310000, 24.240000
-5.740000, 28.600000, 33.190000
-1.550000, 36.190000, 32.040000
 15.710000, 50.000000, 23.410000
 35.360000, 63.790000, 11.010000
 47.500000, 74.840000, 1.550000
 44.840000, 86.740000,-7.330000
 29.390000, 100.640000,-7.410000
 9.680000, 113.590000,-4.990000
-5.370000, 125.040000,-0.860000
 0.220000, 141.040000, 7.480000
 18.360000, 164.290000, 16.300000
 12.110000, 175.190000, 25.290000
-0.320000, 181.030000, 38.030000
-1.530000, 186.660000, 43.740000
 3.360000, 190.700000, 38.830000
 11.870000, 194.260000, 30.960000
 16.930000, 194.160000, 23.550000
 26.700000, 194.460000, 16.790000
 40.510000, 197.240000, 14.000000
 48.750000, 203.380000, 20.880000
 36.890000, 209.070000, 29.040000
 11.570000, 213.300000, 32.270000
-18.280000, 216.290000, 30.480000
-48.720000, 219.290000, 24.580000
-72.820000, 221.660000, 15.400000
-84.620000, 224.770000, 7.950000
-73.580000, 231.670000, 8.790000
-28.980000, 248.790000, 15.800000
-1.520000, 250.120000, 19.030000
-5.040000, 250.120000, 20.990000
