0.001038
0.012738
0.015658
0.015237
0.022815
0.043894
0.020875
0.000224
0.002809
0.000239
0.012084
0.014636
0.015142
0.015095
0.014485
0.016339
0.013599
0.015597
0.013616
0.015456
0.015009
0.036601
0.004517
0.003400
0.014283
0.015039
0.015371
0.015111
0.014105
0.014432
0.015773
0.013891
0.018554
0.011145
0.014603
0.015147
0.015043
0.014795
0.021620
0.008641
0.013936
0.014785
0.014928
0.019905
0.009884
0.014881
0.015010
0.014330
0.023683
0.009286
0.012711
0.013808
0.014571
0.015061
0.014857
0.039860
0.007387
0.000232
0.013560
0.012848
0.015310
0.014751
0.015402
0.021409
0.007914
0.014615
0.016207
0.019037
0.009974
0.014410
0.014855
0.014827
0.014875
0.014355
0.018591
0.012104
0.013862
0.014919
0.014996
0.014688
0.016584
0.032207
0.003826
0.007038
0.015352
0.013919
0.016756
0.014380
0.014000
0.014075
0.015313
0.014855
0.014379
0.014929
0.038944
0.003106
0.002918
0.014567
0.014860
0.016037
0.013380
0.015361
0.014979
0.014392
0.014723
0.019297
0.011327
0.013862
0.015556
0.015081
0.017827
0.017512
0.010966
0.012190
0.015248
0.014771
0.015640
0.016445
0.013104
0.018145
0.010588
0.015067
0.014437
0.014543
0.017923
0.013643
0.019146
0.012105
0.011887
0.014837
0.015261
0.015104
0.013733
0.016586
0.013634
0.015448
0.014055
0.015311
0.014181
0.015354
0.014516
0.014638
0.015051
0.014718
0.015732
0.013721
0.016206
0.014349
0.015477
0.014565
0.013918
0.014768
0.014885
0.015410
0.013969
0.016238
0.013361
0.015244
0.014425
0.015367
0.014842
0.016511
0.014124
0.013448
0.014830
0.017506
0.012534
0.014561
0.014509
0.046501
0.007858
0.000256
0.005383
0.015058
0.014202
0.017373
0.012300
0.014890
0.014752
0.015097
0.014352
0.018804
0.011000
0.014811
0.014950
0.015707
0.013809
0.017414
0.013638
0.013439
0.015848
0.014338
0.014437
0.014673
0.015472
0.014606
0.014596
0.016816
0.020193
0.008053
0.014007
0.015266
0.015190
0.014891
0.014194
0.015044
0.017425
0.013451
0.013783
0.014486
0.014860
0.016789
0.012751
0.017933
0.012794
0.014083
0.015277
0.014581
0.014614
0.014686
0.018062
0.011539
0.016222
0.018145
0.010037
0.014857
0.016866
0.013615
0.014248
0.014781
0.015003
0.015380
0.015489
0.013411
0.019244
0.010426
0.017736
0.012636
0.013936
0.015020
0.015511
0.014204
0.014635
0.014833
0.014621
0.022695
0.007071
0.016974
0.012897
0.015341
0.019652
0.009314
0.014825
0.015489
0.014163
0.014579
0.127854
0.008025
0.000229
0.000112
0.000100
0.000097
0.000095
0.000095
0.000097
0.012490
0.014563
0.015229
0.014851
0.014149
0.015808
0.019917
0.010146
0.014313
0.013849
0.015804
0.013906
0.018824
0.012883
0.012766
0.014554
0.034138
0.000233
0.010753
0.027148
0.003930
0.016953
0.011351
0.015688
0.016158
0.012795
0.013916
0.015510
0.014339
0.016336
0.013896
0.014616
0.014463
0.015077
0.017550
0.017969
0.012122
0.018135
0.007970
0.014708
0.015856
0.014357
0.014608
0.014944
0.014494
0.015099
0.015462
0.014072
0.017317
0.012651
0.021186
0.008403
0.020121
0.009730
0.014473
0.015184
0.014419
0.029262
0.005523
0.009717
0.014738
0.014808
0.015546
0.016536
0.015612
0.013347
0.020290
0.012254
0.013086
0.019313
0.008017
0.016389
0.013048
0.014754
0.015837
0.014043
0.014741
0.014675
0.015117
0.016138
0.013323
0.022379
0.009540
0.012606
0.015667
0.015743
0.023137
0.007630
0.015466
0.012676
0.013733
0.015095
0.014413
0.014845
0.014907
0.015904
0.015011
0.013409
0.016007
0.013717
0.015261
0.014590
0.045513
0.012928
0.000232
0.005425
0.010045
0.015947
0.014279
0.024265
0.005196
0.014344
0.015743
0.018525
0.016147
0.008806
0.015065
0.045731
0.012002
0.000168
0.013244
0.003505
0.013786
0.015812
0.015814
0.013562
0.014141
0.014925
0.015072
0.034079
0.004252
0.007515
0.017087
0.011035
0.014661
0.014747
0.015126
0.016650
0.012929
0.015647
0.014435
0.014943
0.015854
0.013626
0.015466
0.014112
0.015204
0.014105
0.014724
0.016259
0.013670
0.014726
0.018698
0.010904
0.016625
0.014184
0.022556
0.007102
0.015937
0.012491
0.014910
0.015058
0.014297
0.015148
0.015390
0.015026
0.014190
0.017454
0.012602
0.014374
0.017355
0.015183
0.011899
0.014859
0.015537
0.014903
0.017665
0.015135
0.015457
0.012403
0.028017
0.019418
0.003307
0.006406
0.017387
0.013917
0.013782
0.015323
0.013913
0.016864
0.012516
0.015231
0.014686
0.015097
0.014898
0.014352
