-2.000000, 2.390000,-0.130000
-2.130000, 2.130000,-0.160000
-1.990000, 1.830000,-0.320000
-2.160000, 1.480000,-0.450000
-2.540000, 1.410000,-0.480000
-2.530000, 1.450000,-0.450000
-2.720000, 1.160000,-0.450000
-2.410000, 1.150000,-0.710000
-2.350000, 1.060000,-0.540000
-2.820000, 1.090000,-0.450000
-3.240000, 1.060000,-0.390000
-3.340000, 1.110000,-0.350000
-3.050000, 1.230000,-0.670000
-2.750000, 1.000000,-0.740000
-3.180000, 1.030000,-0.710000
-3.740000, 0.760000,-0.680000
-3.740000, 0.920000,-0.670000
-2.930000, 0.860000,-0.540000
-1.770000, 1.460000,-0.510000
-0.910000, 1.730000,-0.430000
-0.520000, 1.920000,-0.480000
-1.040000, 1.860000,-0.150000
-1.900000, 2.320000,-0.390000
-2.720000, 2.180000,-0.170000
-2.710000, 2.530000,-0.450000
-2.030000, 2.800000,-0.410000
-1.320000, 2.950000,-0.310000
-1.230000, 2.700000,-0.360000
-1.450000, 2.870000,-0.600000
-2.280000, 2.690000,-0.230000
-3.150000, 2.620000,-0.340000
-3.120000, 2.560000,-0.100000
-2.510000, 2.750000,-0.460000
-2.120000, 2.420000,-0.320000
-2.500000, 2.450000,-0.050000
-2.920000, 2.430000,-0.030000
-2.840000, 2.800000,-0.070000
-2.340000, 2.700000,-0.120000
-1.500000, 2.750000,-0.410000
-1.380000, 2.910000,-0.250000
-1.760000, 2.990000,-0.270000
-2.290000, 3.120000, 0.040000
-2.250000, 3.310000, 0.180000
-1.960000, 3.430000, 0.060000
-1.870000, 3.440000, 0.000000
-1.870000, 3.290000,-0.170000
-1.800000, 3.110000,-0.060000
-2.240000, 3.090000,-0.160000
-3.700000, 2.850000,-0.200000
-4.450000, 2.540000,-0.270000
-3.550000, 2.600000,-0.050000
-2.280000, 2.530000,-0.090000
-1.740000, 2.430000,-0.310000
-1.760000, 2.640000,-0.190000
-1.730000, 2.690000,-0.350000
-2.150000, 2.500000,-0.290000
-2.160000, 2.340000,-0.320000
-2.480000, 2.330000,-0.250000
-2.650000, 2.340000,-0.320000
-2.680000, 2.470000,-0.250000
-2.880000, 2.620000,-0.370000
-2.970000, 2.610000,-0.390000
-3.060000, 2.220000,-0.350000
-3.420000, 2.310000,-0.210000
-3.250000, 2.060000,-0.290000
-2.510000, 2.130000,-0.290000
-1.800000, 2.090000,-0.460000
-1.480000, 2.740000,-0.380000
-1.760000, 2.820000,-0.420000
-2.360000, 2.670000,-0.510000
-2.640000, 2.480000,-0.190000
-2.650000, 2.550000,-0.190000
-1.900000, 2.340000,-0.310000
-1.480000, 2.660000,-0.480000
-1.440000, 2.510000,-0.560000
-1.300000, 2.570000,-0.630000
-1.720000, 2.480000,-0.670000
-2.450000, 2.200000,-0.610000
-3.250000, 2.150000,-0.420000
-3.240000, 1.860000,-0.380000
-2.960000, 1.610000,-0.460000
-2.710000, 1.730000,-0.530000
-2.290000, 1.910000,-0.570000
-2.320000, 1.930000,-0.260000
-2.180000, 2.150000,-0.350000
-2.130000, 1.990000,-0.420000
-2.450000, 2.050000,-0.370000
-2.630000, 2.280000,-0.490000
-2.880000, 2.270000,-0.510000
-3.110000, 2.520000,-0.480000
-2.250000, 2.490000,-0.250000
-1.640000, 2.510000,-0.170000
-1.540000, 2.650000, 0.000000
-1.800000, 2.640000,-0.200000
-2.310000, 2.810000,-0.070000
-2.790000, 2.870000,-0.230000
-3.120000, 2.620000,-0.270000
-3.220000, 2.610000,-0.180000
-2.950000, 2.570000,-0.260000
-2.700000, 2.480000,-0.300000
-2.890000, 2.360000,-0.150000
-2.480000, 2.380000,-0.060000
-1.900000, 2.120000,-0.370000
-1.430000, 1.930000,-0.500000
-1.490000, 1.970000,-0.700000
-2.030000, 1.850000,-0.480000
-2.560000, 1.960000,-0.370000
-3.100000, 1.690000,-0.480000
-2.690000, 1.730000,-0.320000
-2.220000, 1.550000,-0.560000
-1.840000, 1.570000,-0.440000
-1.460000, 1.640000,-0.380000
-1.710000, 1.640000,-0.480000
-2.000000, 1.510000,-0.500000
-2.510000, 1.620000,-0.340000
-2.230000, 2.030000,-0.150000
-1.970000, 2.490000,-0.030000
-1.670000, 2.560000,-0.120000
-1.910000, 2.580000,-0.250000
-2.020000, 2.840000,-0.420000
-2.290000, 2.930000,-0.310000
-2.630000, 3.050000,-0.380000
-2.770000, 2.660000,-0.100000
-2.630000, 2.600000,-0.430000
-2.140000, 2.120000,-0.310000
-1.880000, 1.830000,-0.610000
-2.120000, 1.710000,-0.480000
-2.540000, 1.630000,-0.550000
-2.610000, 1.510000,-0.520000
-2.610000, 1.090000,-0.540000
-2.200000, 1.330000,-0.580000
-2.050000, 0.980000,-0.520000
-2.220000, 1.010000,-0.480000
-2.590000, 1.200000,-0.380000
-2.900000, 1.400000,-0.340000
-2.720000, 1.330000,-0.570000
-2.490000, 1.480000,-0.430000
-2.140000, 1.900000,-0.390000
-1.680000, 2.180000,-0.040000
-1.450000, 2.350000,-0.160000
-1.670000, 2.770000,-0.260000
-2.290000, 2.830000,-0.200000
-2.880000, 3.140000, 0.000000
-2.700000, 3.290000,-0.030000
-2.470000, 3.340000,-0.220000
-1.860000, 3.170000, 0.030000
-1.640000, 3.210000, 0.060000
-1.580000, 3.410000, 0.030000
-1.800000, 3.770000,-0.030000
-1.960000, 3.820000, 0.000000
-1.880000, 3.700000, 0.060000
-1.800000, 3.230000, 0.020000
-1.900000, 3.460000,-0.030000
-1.630000, 3.350000,-0.120000
-1.410000, 3.510000,-0.040000
-1.660000, 3.770000,-0.090000
-1.720000, 3.480000,-0.140000
-2.020000, 3.300000, 0.110000
-2.100000, 3.260000, 0.030000
-2.600000, 3.250000, 0.060000
-2.910000, 3.220000, 0.090000
-2.640000, 3.410000, 0.070000
-2.110000, 3.850000,-0.100000
-1.530000, 4.190000,-0.190000
-1.490000, 4.580000, 0.010000
-1.590000, 4.420000, 0.250000
-1.680000, 4.610000, 0.370000
-1.410000, 4.570000, 0.540000
-1.350000, 4.470000, 0.470000
-1.430000, 4.700000, 0.190000
-1.800000, 4.590000,-0.350000
-2.160000, 4.850000,-0.240000
-2.110000, 4.540000,-0.210000
-2.040000, 4.410000, 0.090000
-2.210000, 4.450000, 0.340000
-2.160000, 4.740000, 0.190000
-1.710000, 5.060000, 0.190000
-1.500000, 5.640000, 0.060000
-1.270000, 6.080000, 0.260000
-0.870000, 6.640000, 0.610000
-0.280000, 7.270000, 0.860000
 0.090000, 8.090000, 0.830000
-0.220000, 8.530000, 0.540000
-0.770000, 8.950000, 1.030000
-0.220000, 9.150000, 0.700000
 0.960000, 9.290000,-0.210000
 3.250000, 9.620000,-0.510000
 6.450000, 9.760000,-0.110000
 10.030000, 10.300000, 1.250000
 15.250000, 9.910000, 2.930000
 22.580000, 7.010000, 5.290000
 30.790000, 3.840000, 8.770000
 38.740000,-1.200000, 12.050000
 44.510000,-6.790000, 13.640000
 46.740000,-12.130000, 13.350000
 43.870000,-17.900000, 11.450000
 35.130000,-24.720000, 8.450000
 24.290000,-32.210000, 5.150000
 17.370000,-42.260000, 1.090000
 15.030000,-54.520000,-3.310000
 11.140000,-68.150000,-4.450000
 7.070000,-84.800000,-1.050000
 4.660000,-103.300000, 3.680000
 5.180000,-122.200000, 7.940000
 7.550000,-140.870000, 12.810000
 9.350000,-159.940000, 17.850000
 7.390000,-177.310000, 23.420000
 2.830000,-193.230000, 29.640000
-4.740000,-206.220000, 33.930000
-17.990000,-215.350000, 36.190000
-36.780000,-219.110000, 35.620000
-56.520000,-218.670000, 31.790000
-74.610000,-214.440000, 26.000000
-87.190000,-209.150000, 19.160000
-96.800000,-204.140000, 11.990000
-94.160000,-196.870000, 1.500000
-80.250000,-185.090000,-11.760000
-57.840000,-170.610000,-22.840000
-34.820000,-156.720000,-28.430000
-23.130000,-150.960000,-23.610000
-27.540000,-156.180000,-11.580000
-58.670000,-171.170000, 7.120000
-83.140000,-192.430000, 18.940000
-79.720000,-219.720000, 4.600000
-68.160000,-248.240000,-22.640000
-61.220000,-250.130000,-45.410000
-53.900000,-250.130000,-53.110000
-45.600000,-250.130000,-48.590000
-39.440000,-250.130000,-42.930000
-33.050000,-250.130000,-41.160000
-25.420000,-250.130000,-40.870000
-19.120000,-250.130000,-40.660000
-15.310000,-250.130000,-38.490000
-16.860000,-250.130000,-36.130000
-20.610000,-250.130000,-33.000000
-25.380000,-250.130000,-31.610000
-30.690000,-250.130000,-33.510000
-37.540000,-250.130000,-36.520000
-46.830000,-250.130000,-39.680000
-54.490000,-250.130000,-42.890000
-60.380000,-250.130000,-43.540000
-61.610000,-250.130000,-42.180000
-59.930000,-250.130000,-43.370000
-54.570000,-250.130000,-47.350000
-44.380000,-250.130000,-46.600000
-40.740000,-250.130000,-36.760000
-49.090000,-250.130000,-24.350000
-61.060000,-250.130000,-16.160000
-68.220000,-250.130000,-16.920000
-64.540000,-250.130000,-27.850000
-53.020000,-250.130000,-43.350000
-38.820000,-250.130000,-56.550000
-26.900000,-250.130000,-61.020000
-16.770000,-250.130000,-57.400000
-12.520000,-250.130000,-48.460000
-9.540000,-250.130000,-37.230000
-12.640000,-250.130000,-27.550000
-15.020000,-250.130000,-24.640000
-18.930000,-250.130000,-28.410000
-24.540000,-250.130000,-33.710000
-26.350000,-250.130000,-37.890000
-25.430000,-250.130000,-38.190000
-22.040000,-250.130000,-33.570000
-19.410000,-250.130000,-26.600000
-18.040000,-250.130000,-24.250000
-19.590000,-250.130000,-27.800000
-19.590000,-250.130000,-35.480000
-22.950000,-235.070000,-43.610000
-26.380000,-218.730000,-48.900000
-23.120000,-206.320000,-49.220000
-21.490000,-192.390000,-35.070000
-35.650000,-181.770000,-6.120000
-51.720000,-173.510000, 19.250000
-16.710000,-162.850000, 16.690000
 35.110000,-151.480000, 0.060000
 56.770000,-145.240000,-7.800000
 54.260000,-145.520000,-3.860000
 35.170000,-146.000000, 4.390000
 3.200000,-146.420000, 10.030000
-40.000000,-145.570000, 11.610000
-72.010000,-141.510000, 7.370000
-84.860000,-141.320000,-6.240000
-99.870000,-137.770000,-27.930000
-80.390000,-128.120000,-50.680000
-15.510000,-118.160000,-51.260000
 35.560000,-116.800000,-34.680000
 41.980000,-109.060000,-17.960000
 37.310000,-101.010000,-13.330000
 21.310000,-91.400000,-13.140000
-4.320000,-80.430000,-10.510000
-28.950000,-71.420000,-7.370000
-43.360000,-63.680000,-8.020000
-46.320000,-56.750000,-11.670000
-40.430000,-48.820000,-17.250000
-26.410000,-42.540000,-20.400000
-11.800000,-37.930000,-16.300000
-4.190000,-36.210000,-11.410000
-2.360000,-33.380000,-8.970000
-1.880000,-31.220000,-6.910000
-2.740000,-28.320000,-5.020000
-5.700000,-24.680000,-4.060000
-11.130000,-21.870000,-2.930000
-16.060000,-21.910000,-1.800000
-18.480000,-23.010000,-1.230000
-15.360000,-24.220000,-1.260000
-8.800000,-23.110000,-2.210000
-2.620000,-20.780000,-5.160000
-0.380000,-18.800000,-6.020000
-0.060000,-17.710000,-4.670000
-2.480000,-18.800000,-1.860000
-6.640000,-20.050000, 0.950000
-9.160000,-21.640000, 2.110000
-9.830000,-20.880000, 2.080000
-10.870000,-18.450000, 1.520000
-9.730000,-16.740000,-0.400000
-3.910000,-16.440000,-0.630000
 2.120000,-16.200000, 1.420000
 3.810000,-15.090000, 1.460000
 1.740000,-12.000000, 0.930000
-1.520000,-8.670000, 0.340000
-4.100000,-5.640000, 0.540000
-3.320000,-2.450000, 0.510000
-0.890000, 0.980000, 0.050000
-0.200000, 6.360000,-1.960000
-0.380000, 12.700000,-4.970000
 1.270000, 16.990000,-6.290000
 5.120000, 19.580000,-4.220000
 9.350000, 19.870000,-1.820000
 11.000000, 19.060000,-0.960000
 12.100000, 17.750000,-1.140000
 11.100000, 15.610000,-1.210000
 8.320000, 11.740000,-0.870000
 4.540000, 6.860000,-0.410000
 2.640000, 2.630000,-1.070000
 2.220000,-0.240000,-2.670000
 2.960000,-1.770000,-4.970000
 3.780000,-1.400000,-8.160000
 5.600000,-0.740000,-11.190000
 7.070000, 0.170000,-12.240000
 6.740000, 1.320000,-11.460000
 4.480000, 3.870000,-8.160000
 3.840000, 6.610000,-1.860000
 6.980000, 8.480000, 5.600000
 13.840000, 10.250000, 10.740000
 20.680000, 12.140000, 12.840000
 24.210000, 14.290000, 12.900000
 22.190000, 15.990000, 12.000000
 16.410000, 16.570000, 9.320000
 8.860000, 15.850000, 5.900000
 0.190000, 15.190000, 4.130000
-6.800000, 14.240000, 4.930000
-9.140000, 12.160000, 6.810000
-7.420000, 8.810000, 8.120000
-3.070000, 6.190000, 8.390000
 1.880000, 4.570000, 8.090000
 8.700000, 4.110000, 8.230000
 18.550000, 2.410000, 6.410000
 27.160000,-0.120000, 3.310000
 30.000000,-1.760000, 0.180000
 26.210000,-2.680000,-1.790000
 19.800000,-5.560000,-2.700000
 13.770000,-9.970000,-4.610000
 10.100000,-16.590000,-6.250000
 7.380000,-23.790000,-5.710000
 5.740000,-31.070000,-2.690000
 6.100000,-39.130000, 1.110000
 9.580000,-48.190000, 4.340000
 16.140000,-57.860000, 3.810000
 19.530000,-68.290000, 1.850000
 16.870000,-78.590000, 1.800000
 10.830000,-91.660000, 4.890000
 4.860000,-107.620000, 9.430000
 0.770000,-125.690000, 15.680000
 3.150000,-148.700000, 23.160000
 7.500000,-174.490000, 30.860000
 12.030000,-199.530000, 37.020000
 13.000000,-219.800000, 42.130000
 4.780000,-235.980000, 44.720000
-12.120000,-248.570000, 46.110000
-34.740000,-250.130000, 48.610000
-60.670000,-250.130000, 49.370000
-91.610000,-250.130000, 44.590000
-122.390000,-241.510000, 32.310000
-140.290000,-219.120000, 15.700000
-138.720000,-199.950000,-5.650000
-112.220000,-180.720000,-20.130000
-74.020000,-166.150000,-20.680000
-50.270000,-158.610000,-10.050000
-45.820000,-158.120000,-5.070000
-46.410000,-166.200000,-11.580000
-42.240000,-184.480000,-23.030000
-39.330000,-207.240000,-25.960000
-42.010000,-230.810000,-20.300000
-46.980000,-250.130000,-15.750000
-55.010000,-250.130000,-18.350000
-63.320000,-250.130000,-24.800000
-68.780000,-250.130000,-34.000000
-64.650000,-250.130000,-41.070000
-51.530000,-250.130000,-42.940000
-34.670000,-250.130000,-40.570000
-23.330000,-250.130000,-35.150000
-22.750000,-250.130000,-30.770000
-26.500000,-250.130000,-29.830000
-30.420000,-250.130000,-32.470000
-33.060000,-250.130000,-35.390000
-39.330000,-250.130000,-34.200000
-50.490000,-250.130000,-28.020000
-63.390000,-250.130000,-21.940000
-74.700000,-250.130000,-20.700000
-79.370000,-250.130000,-26.430000
-79.190000,-250.130000,-35.800000
-73.960000,-250.130000,-44.000000
-63.890000,-250.130000,-51.870000
-49.560000,-250.130000,-54.990000
-38.920000,-250.130000,-49.000000
-38.630000,-250.130000,-38.100000
-47.450000,-250.130000,-32.510000
-59.480000,-250.130000,-35.220000
-68.080000,-250.130000,-40.420000
-73.060000,-250.130000,-46.680000
-73.820000,-250.130000,-53.090000
-60.700000,-250.130000,-53.770000
-40.240000,-250.130000,-44.590000
-26.580000,-250.130000,-37.350000
-21.980000,-250.130000,-38.700000
-21.310000,-250.130000,-41.090000
-25.250000,-250.130000,-39.200000
-35.410000,-250.130000,-32.500000
-50.670000,-250.130000,-25.040000
-63.930000,-250.130000,-24.550000
-66.770000,-250.130000,-32.730000
-59.640000,-250.130000,-41.740000
-43.680000,-250.130000,-43.320000
-21.350000,-250.130000,-38.970000
-5.090000,-250.130000,-34.230000
 1.340000,-250.130000,-32.220000
-1.680000,-250.130000,-33.090000
-7.730000,-250.130000,-34.720000
-14.300000,-250.130000,-33.190000
-17.530000,-227.760000,-29.520000
-15.920000,-201.600000,-29.250000
-9.440000,-170.740000,-34.900000
-11.500000,-140.270000,-40.470000
-45.150000,-119.820000,-28.060000
-68.260000,-113.820000, 12.700000
-7.480000,-121.270000, 23.380000
 41.320000,-126.610000, 4.160000
 51.450000,-137.740000,-11.610000
 46.400000,-154.380000,-16.540000
 29.510000,-172.930000,-12.360000
 1.540000,-196.880000,-3.880000
-29.150000,-217.120000, 1.900000
-52.690000,-230.350000, 0.740000
-65.930000,-234.870000,-4.220000
-72.920000,-227.350000,-10.740000
-65.360000,-213.720000,-22.170000
-42.570000,-198.580000,-34.780000
-10.700000,-181.630000,-40.360000
 18.350000,-151.680000,-31.640000
 24.960000,-123.410000,-20.010000
 14.000000,-103.210000,-16.140000
