-6.810000,-0.380000, 1.120000
-6.950000,-0.610000, 1.270000
-7.130000,-0.960000, 1.690000
-7.490000,-1.040000, 2.020000
-7.800000,-1.350000, 2.280000
-7.740000,-1.190000, 2.510000
-7.250000,-0.670000, 2.520000
-7.320000,-0.710000, 2.750000
-6.960000,-0.850000, 2.350000
-6.980000,-0.700000, 2.210000
-7.640000,-0.580000, 2.340000
-8.430000,-0.530000, 2.450000
-8.630000,-0.490000, 2.210000
-8.740000,-0.380000, 2.060000
-8.470000,-0.150000, 1.740000
-8.250000,-0.450000, 1.350000
-9.330000,-0.720000, 0.710000
-10.640000,-0.960000, 0.350000
-12.050000,-1.090000,-0.340000
-12.720000,-1.070000,-0.830000
-12.390000,-0.830000,-1.130000
-11.160000,-1.100000,-1.150000
-10.270000,-1.390000,-0.940000
-9.780000,-1.540000,-0.670000
-9.650000,-1.400000,-0.310000
-9.710000,-1.090000,-0.270000
-9.900000,-0.740000, 0.150000
-9.750000,-0.520000, 0.350000
-9.480000,-0.590000, 0.560000
-8.720000,-0.720000, 0.380000
-7.950000,-0.700000, 0.570000
-7.450000,-0.570000, 0.260000
-7.210000,-0.820000, 0.130000
-6.830000,-0.770000, 0.380000
-6.380000,-1.140000, 0.380000
-5.780000,-1.080000, 0.290000
-5.190000,-1.200000, 0.410000
-4.390000,-1.450000, 0.700000
-3.290000,-1.480000, 1.030000
-3.290000,-1.520000, 0.880000
-4.050000,-0.920000, 0.530000
-5.310000,-0.050000, 0.190000
-5.410000, 0.240000,-0.260000
-4.810000, 0.240000,-0.190000
-3.700000,-0.140000,-0.050000
-2.350000,-0.550000, 0.670000
-1.560000,-1.030000, 1.540000
-0.960000,-0.800000, 2.170000
-1.930000,-0.030000, 2.240000
-2.190000, 0.760000, 2.070000
-2.100000, 0.750000, 1.350000
-1.030000, 0.770000, 0.390000
 0.550000, 1.410000,-0.300000
 1.380000, 1.760000,-0.850000
 0.900000, 1.580000,-0.700000
-0.010000, 0.560000,-0.450000
-1.100000,-0.170000, 0.030000
-1.900000,-0.660000, 0.900000
-2.060000,-0.150000, 1.200000
-2.050000, 0.090000, 1.480000
-2.830000,-0.080000, 1.580000
-3.840000,-0.230000, 1.600000
-3.800000, 0.000000, 0.960000
-3.190000, 0.000000, 0.740000
-2.960000,-0.320000, 0.210000
-2.870000,-0.400000,-0.020000
-3.380000,-0.610000,-0.020000
-3.080000,-0.210000,-0.060000
-2.720000, 0.600000,-0.240000
-3.020000, 1.550000,-0.300000
-3.100000, 2.050000,-0.630000
-3.380000, 1.530000,-0.380000
-3.800000, 0.860000,-0.200000
-4.380000,-0.030000, 0.270000
-4.570000,-0.430000, 0.870000
-4.710000,-0.330000, 1.280000
-4.320000, 0.380000, 1.480000
-3.010000, 0.770000, 1.510000
-2.030000, 0.770000, 1.090000
-1.220000, 0.860000, 0.640000
-1.170000, 1.140000, 0.200000
-1.850000, 0.860000, 0.270000
-2.490000, 0.410000, 0.480000
-2.980000,-0.300000, 0.830000
-3.090000,-0.650000, 1.120000
-3.370000,-0.500000, 1.470000
-3.960000,-0.120000, 1.610000
-4.250000, 0.340000, 1.270000
-4.350000, 0.580000, 0.490000
-4.200000, 0.840000,-0.030000
-4.020000, 0.600000,-0.020000
-4.450000,-0.250000, 0.310000
-5.090000,-0.960000, 0.730000
-5.620000,-1.290000, 1.150000
-6.070000,-1.090000, 1.280000
-5.870000,-0.580000, 1.020000
-5.560000, 0.210000, 0.860000
-5.250000, 0.160000, 0.670000
-4.560000, 0.670000, 0.600000
-5.480000,-0.200000, 0.420000
-4.840000,-0.580000, 0.680000
-5.230000,-0.080000, 0.960000
-5.190000,-0.150000, 1.120000
-4.730000, 0.600000, 1.090000
-4.960000, 0.580000, 1.000000
-4.810000, 0.300000, 1.030000
-4.580000, 0.280000, 0.780000
-4.510000,-0.090000, 0.900000
-4.290000, 0.430000, 0.740000
-5.110000, 0.700000, 1.180000
-4.250000, 0.410000, 1.060000
-5.080000, 0.260000, 1.130000
-4.620000,-0.060000, 0.970000
-5.200000, 0.090000, 0.640000
-5.550000, 0.080000, 0.030000
-5.870000, 0.240000,-0.100000
-6.590000, 0.160000, 0.020000
-7.250000,-0.060000, 0.500000
-7.760000,-0.350000, 0.750000
-7.890000,-0.830000, 1.000000
-7.610000,-0.730000, 1.230000
-7.890000,-0.630000, 1.530000
-7.320000,-0.330000, 1.480000
-7.130000, 0.130000, 1.370000
-5.900000, 0.550000, 1.480000
-4.870000, 0.490000, 1.280000
-4.530000, 0.330000, 1.320000
-4.480000, 0.180000, 1.190000
-4.690000, 0.230000, 1.130000
-4.790000, 0.230000, 1.210000
-5.080000,-0.150000, 1.400000
-5.660000,-0.320000, 1.540000
-6.000000,-0.630000, 1.610000
-6.420000,-0.220000, 1.280000
-6.670000, 0.170000, 1.030000
-7.200000, 0.420000, 0.920000
-7.670000,-0.350000, 1.020000
-7.780000,-1.640000, 1.580000
-7.580000,-2.380000, 2.170000
-7.620000,-2.430000, 2.470000
-7.580000,-1.390000, 2.170000
-7.480000,-0.680000, 1.680000
-7.060000,-0.540000, 1.280000
-6.000000,-0.850000, 0.800000
-4.830000,-0.700000, 0.860000
-3.900000,-1.100000, 0.810000
-3.320000,-0.830000, 1.050000
-2.510000,-0.470000, 0.830000
-1.740000,-0.080000, 0.670000
-0.980000, 0.540000, 0.210000
-0.380000, 0.560000, 0.000000
-0.280000, 0.380000,-0.290000
-0.120000, 0.320000, 0.020000
-0.410000,-0.070000,-0.120000
-1.290000,-0.030000, 0.000000
-2.410000, 0.180000, 0.450000
-2.930000, 0.000000, 0.660000
-3.130000, 0.000000, 0.580000
-2.900000,-0.520000, 0.970000
-2.980000,-0.840000, 1.030000
-3.870000,-0.970000, 0.800000
-4.800000,-1.120000, 0.470000
-5.380000,-0.850000, 0.640000
-5.740000,-0.770000, 0.330000
-6.160000,-0.750000, 0.370000
-5.700000,-0.510000, 0.160000
-5.000000,-0.100000,-0.090000
-4.030000,-0.120000,-0.320000
-3.910000,-0.280000,-0.310000
-3.840000,-0.430000,-0.030000
-3.270000,-0.540000,-0.040000
-2.160000,-0.480000,-0.090000
-0.730000, 0.180000,-0.260000
 0.480000, 0.250000,-0.560000
 1.490000, 0.600000,-0.930000
 2.610000, 0.770000,-1.380000
 3.440000, 0.680000,-1.590000
 3.200000, 0.370000,-1.600000
 2.440000,-0.100000,-1.310000
 1.620000,-0.790000,-1.080000
 1.330000,-0.980000,-1.070000
 0.700000,-0.870000,-1.090000
 0.100000,-0.670000,-1.230000
-1.100000,-0.630000,-1.200000
-3.730000,-0.690000,-1.520000
-7.440000,-0.500000,-2.400000
-10.690000,-0.140000,-4.190000
-13.240000, 1.290000,-6.530000
-16.310000, 3.310000,-8.640000
-21.350000, 4.510000,-9.390000
-27.320000, 4.610000,-9.180000
-32.480000, 4.700000,-9.070000
-34.330000, 5.090000,-9.680000
-34.700000, 6.090000,-9.970000
-36.170000, 7.480000,-9.580000
-39.900000, 8.410000,-8.420000
-43.000000, 8.350000,-7.840000
-47.890000, 6.580000,-8.090000
-54.880000, 3.230000,-9.670000
-64.030000,-2.040000,-11.290000
-72.660000,-6.350000,-12.410000
-75.590000,-7.700000,-11.810000
-75.270000,-9.330000,-8.660000
-76.520000,-11.160000,-2.480000
-81.380000,-12.340000, 6.400000
-91.380000,-12.580000, 15.920000
-103.510000,-11.880000, 23.580000
-115.630000,-11.780000, 28.170000
-126.350000,-14.190000, 30.920000
-132.430000,-20.450000, 32.610000
-134.010000,-29.090000, 33.800000
-137.160000,-38.320000, 35.800000
-146.780000,-44.160000, 37.830000
-162.160000,-44.100000, 38.680000
-147.770000,-29.320000, 39.600000
-97.760000,-18.760000, 41.890000
-71.210000,-41.170000, 49.830000
-80.800000,-84.210000, 59.730000
-106.720000,-127.290000, 75.590000
-147.700000,-146.350000, 94.290000
-207.740000,-140.870000, 118.130000
-250.130000,-120.460000, 148.970000
-250.130000,-105.830000, 175.510000
-250.130000,-82.980000, 195.680000
-250.130000,-56.220000, 208.700000
-250.130000,-26.950000, 214.070000
-250.130000,-3.160000, 214.540000
-248.390000, 11.180000, 212.370000
-242.740000, 19.410000, 209.910000
-250.130000, 20.290000, 210.480000
-250.130000, 22.540000, 215.370000
-250.130000, 29.850000, 224.220000
-250.130000, 40.590000, 235.300000
-250.130000, 56.320000, 243.620000
-250.130000, 73.850000, 246.120000
-250.130000, 90.030000, 242.280000
-250.130000, 104.870000, 233.750000
-250.130000, 117.090000, 222.360000
-250.130000, 127.310000, 211.450000
-250.130000, 134.140000, 202.690000
-250.130000, 136.320000, 197.250000
-250.130000, 133.930000, 193.250000
-250.130000, 128.760000, 187.540000
-250.130000, 125.800000, 179.740000
-250.130000, 125.460000, 170.640000
-250.130000, 127.470000, 161.480000
-250.130000, 130.930000, 152.670000
-250.130000, 132.800000, 144.350000
-250.130000, 129.560000, 136.350000
-250.130000, 123.330000, 128.980000
-250.130000, 115.500000, 122.350000
-248.090000, 108.510000, 115.510000
-241.960000, 103.870000, 107.810000
-232.750000, 101.380000, 98.410000
-218.620000, 102.690000, 89.510000
-207.590000, 108.010000, 82.310000
-200.000000, 114.740000, 77.440000
-197.480000, 120.410000, 75.960000
-195.930000, 120.840000, 76.100000
-192.580000, 116.350000, 74.940000
-188.870000, 107.320000, 71.000000
-187.790000, 97.520000, 63.160000
-192.200000, 90.700000, 53.230000
-199.740000, 93.060000, 45.010000
-207.390000, 99.700000, 41.680000
-209.610000, 108.640000, 42.550000
-204.910000, 114.520000, 45.350000
-192.590000, 116.060000, 46.170000
-186.420000, 107.390000, 42.700000
-182.610000, 92.750000, 34.030000
-175.580000, 77.590000, 24.150000
-175.820000, 61.270000, 19.830000
-176.300000, 56.990000, 25.740000
-177.030000, 64.470000, 45.140000
-181.170000, 71.390000, 76.300000
-186.430000, 70.780000, 114.260000
-186.970000, 66.090000, 151.030000
-180.500000, 62.190000, 188.100000
-159.770000, 67.180000, 225.040000
-121.360000, 81.120000, 250.120000
-80.920000, 92.340000, 250.120000
-42.480000, 96.590000, 250.120000
-15.430000, 90.530000, 250.120000
 0.990000, 72.730000, 250.120000
 12.290000, 56.670000, 250.120000
 33.740000, 51.000000, 250.120000
 71.640000, 64.210000, 250.120000
 115.280000, 90.340000, 250.120000
 133.710000, 116.070000, 250.120000
 121.060000, 133.020000, 250.120000
 89.420000, 135.700000, 250.120000
 58.470000, 128.700000, 250.120000
 40.540000, 119.290000, 250.120000
 37.800000, 117.110000, 250.120000
 46.990000, 122.000000, 250.120000
 52.300000, 129.960000, 250.120000
 53.540000, 139.910000, 250.120000
 44.760000, 149.130000, 244.930000
 30.770000, 154.200000, 220.060000
 20.940000, 155.100000, 195.700000
 24.120000, 152.060000, 171.060000
 34.740000, 147.900000, 147.140000
 44.220000, 140.900000, 124.710000
 53.990000, 139.120000, 104.430000
 64.930000, 145.140000, 86.580000
 75.330000, 157.640000, 68.230000
 75.830000, 172.000000, 48.300000
 67.350000, 183.860000, 25.060000
 55.250000, 192.600000,-2.550000
 40.830000, 215.090000,-33.590000
 25.470000, 250.120000,-58.410000
 12.030000, 250.120000,-68.450000
-9.590000, 250.120000,-63.770000
 250.120000,-131.960000,-236.540000
-170.160000, 250.120000,-71.760000
 198.950000, 250.120000, 17.620000
-81.510000,-114.490000, 39.600000
-84.450000,-164.460000, 13.250000
-53.670000,-133.360000,-12.090000
-11.350000,-81.800000,-39.120000
-16.240000,-19.780000,-75.690000
-16.020000, 19.480000,-100.780000
-1.430000, 25.180000,-117.090000
-8.510000, 11.470000,-124.020000
-29.970000,-3.670000,-124.320000
-51.520000,-19.740000,-132.510000
-57.970000,-30.400000,-153.060000
-33.310000,-31.000000,-179.930000
 12.740000,-24.280000,-213.170000
 47.930000,-22.440000,-250.130000
 57.460000,-31.170000,-250.130000
 28.650000,-46.910000,-250.130000
-2.280000,-54.330000,-250.130000
-31.250000,-56.550000,-250.130000
-46.010000,-64.830000,-250.130000
-52.370000,-57.680000,-250.130000
-29.030000,-51.640000,-250.130000
-2.930000,-62.100000,-250.130000
-6.700000,-83.100000,-250.130000
-18.900000,-94.030000,-250.130000
-43.120000,-80.480000,-250.130000
-52.590000,-63.290000,-250.130000
-36.190000,-40.400000,-250.130000
-8.580000,-15.060000,-250.130000
 26.860000, 16.320000,-250.130000
 65.100000, 51.650000,-250.130000
 97.230000, 80.630000,-250.130000
 113.780000, 96.980000,-250.130000
 102.100000, 95.390000,-250.130000
 44.340000, 77.360000,-250.130000
-34.970000, 54.050000,-250.130000
-108.740000, 33.290000,-250.130000
-154.670000, 19.050000,-189.200000
-159.540000, 12.540000,-111.480000
-137.060000, 9.430000,-46.520000
-99.660000, 12.390000,-1.350000
-54.960000, 18.770000, 25.050000
-9.770000, 24.810000, 32.740000
 25.060000, 30.030000, 25.060000
 46.670000, 33.970000, 8.220000
 55.710000, 35.240000,-10.070000
 54.060000, 29.420000,-23.570000
 43.880000, 14.830000,-28.040000
 29.930000,-3.630000,-21.480000
 14.030000,-21.700000,-6.900000
-2.470000,-37.000000, 12.010000
-16.390000,-47.870000, 30.630000
-26.810000,-53.930000, 46.860000
-34.950000,-57.540000, 60.660000
-42.820000,-60.980000, 72.710000
-51.780000,-65.190000, 83.720000
-62.420000,-69.830000, 94.060000
-72.810000,-75.030000, 104.400000
-79.770000,-79.480000, 112.410000
-83.960000,-82.890000, 120.590000
-87.810000,-83.860000, 127.940000
-92.150000,-83.120000, 134.960000
-96.880000,-80.010000, 141.540000
-102.420000,-73.540000, 147.170000
-110.320000,-69.250000, 151.400000
-122.520000,-73.190000, 153.880000
-145.200000,-87.730000, 155.840000
-175.030000,-104.410000, 158.110000
-203.510000,-116.770000, 161.740000
-225.150000,-123.480000, 167.580000
-235.870000,-126.580000, 176.120000
-238.450000,-125.670000, 187.380000
-237.900000,-114.560000, 201.830000
-243.690000,-90.390000, 220.380000
-250.130000,-56.690000, 239.030000
-250.130000,-26.830000, 250.120000
-250.130000,-5.730000, 250.120000
-250.130000, 5.030000, 250.120000
-250.130000, 6.660000, 250.120000
-250.130000, 5.330000, 245.610000
-250.130000, 7.550000, 232.220000
-250.130000, 12.100000, 221.040000
-250.130000, 21.380000, 213.210000
-250.130000, 31.070000, 210.180000
-250.130000, 41.090000, 210.700000
-250.130000, 52.130000, 212.880000
-250.130000, 64.000000, 214.290000
-250.130000, 75.410000, 213.970000
-250.130000, 84.320000, 210.700000
-250.130000, 89.920000, 204.560000
-250.130000, 97.570000, 197.660000
-250.130000, 102.090000, 190.200000
-250.130000, 106.830000, 184.240000
-250.130000, 111.020000, 179.460000
-250.130000, 113.700000, 176.230000
-250.130000, 112.620000, 174.330000
-250.130000, 110.180000, 173.530000
-250.130000, 106.250000, 173.160000
-250.130000, 102.910000, 172.870000
-250.130000, 99.400000, 172.280000
-250.130000, 100.800000, 171.190000
-250.130000, 104.310000, 170.450000
-249.210000, 106.760000, 169.250000
-246.390000, 106.770000, 165.980000
-243.770000, 106.830000, 160.380000
-240.200000, 108.960000, 150.310000
-236.070000, 111.000000, 135.540000
-230.940000, 111.800000, 116.120000
-222.510000, 113.170000, 93.060000
-212.410000, 118.620000, 67.480000
-201.560000, 128.660000, 41.890000
-190.120000, 139.490000, 19.060000
-182.740000, 142.330000, 3.580000
-181.100000, 137.860000,-4.580000
-188.120000, 127.940000,-6.350000
-203.340000, 115.130000,-1.760000
-219.780000, 102.700000, 5.670000
-229.360000, 93.480000, 12.620000
-230.510000, 87.960000, 16.740000
-221.440000, 87.350000, 16.100000
-206.180000, 88.260000, 11.290000
-192.860000, 88.530000, 4.280000
-187.820000, 84.510000,-1.630000
-198.430000, 78.010000,-3.590000
-224.470000, 67.990000,-4.360000
-250.130000, 41.140000,-12.060000
-244.250000, 16.680000,-16.160000
-224.640000,-1.610000,-15.470000
-228.880000,-6.310000,-10.890000
-246.900000, 3.730000,-9.810000
-250.130000, 3.670000,-5.160000
-250.130000,-0.730000, 13.080000
-250.130000,-0.020000, 35.450000
-250.130000,-6.410000, 61.610000
-250.130000,-14.710000, 96.340000
-235.420000,-22.460000, 127.640000
-180.810000,-21.940000, 148.490000
-136.950000,-12.350000, 157.500000
-112.370000, 1.120000, 160.040000
-99.700000, 14.900000, 164.240000
-97.470000, 18.720000, 173.650000
-94.190000, 12.950000, 190.100000
-79.630000, 4.040000, 208.800000
-56.970000,-3.690000, 227.030000
-29.870000,-5.550000, 244.030000
 3.370000, 0.930000, 250.120000
