0.002272
0.010685
0.014399
0.014922
0.014856
0.015075
0.014305
0.015393
0.014216
0.015163
0.014886
0.014828
0.015038
0.014341
0.016259
0.013881
0.014263
0.014912
0.014718
0.015555
0.014449
0.024566
0.005945
0.015331
0.013266
0.015371
0.014774
0.014516
0.015056
0.014907
0.015623
0.014078
0.014437
0.015675
0.015434
0.013219
0.014819
0.015823
0.014496
0.015447
0.014359
0.014626
0.014774
0.014618
0.014672
0.015355
0.014351
0.014840
0.015939
0.014594
0.014294
0.014951
0.017983
0.011287
0.014848
0.016042
0.014160
0.015283
0.014109
0.015095
0.014517
0.015904
0.013722
0.014644
0.015220
0.027574
0.006005
0.010797
0.014943
0.017014
0.012967
0.014859
0.014948
0.014489
0.014551
0.015098
0.015529
0.013765
0.015665
0.015774
0.013449
0.017088
0.012587
0.014715
0.014839
0.017060
0.012523
0.015484
0.014669
0.015717
0.014497
0.014157
0.014554
0.014645
0.015019
0.014668
0.014816
0.014969
0.019491
0.010207
0.015848
0.014021
0.014846
0.015902
0.013586
0.016795
0.013598
0.013795
0.020809
0.009296
0.014531
0.015592
0.014466
0.015653
0.014644
0.015991
0.013066
0.014349
0.015745
0.014115
0.014770
0.015089
0.019707
0.015125
0.010295
0.013798
0.014854
0.014940
0.016023
0.014578
0.013910
0.017539
0.012917
0.014243
0.014753
0.015470
0.014251
0.015569
0.017079
0.035993
0.004926
0.004442
0.011155
0.014351
0.016653
0.015531
0.012899
0.014424
0.015030
0.014896
0.015049
0.016652
0.013799
0.013999
0.015403
0.015839
0.098683
0.009754
0.000333
0.000217
0.000334
0.000365
0.000200
0.006754
0.016073
0.103651
0.008287
0.000238
0.000126
0.000102
0.000098
0.000098
0.006446
0.013454
0.106086
0.003341
0.000228
0.000111
0.000100
0.000097
0.000098
0.010294
0.015708
0.014102
0.098085
0.000243
0.000125
0.000103
0.000097
0.000098
0.017934
0.012413
0.100495
0.007674
0.000235
0.000114
0.000102
0.000099
0.000096
0.000098
0.016690
0.011187
0.032804
0.003681
0.007829
0.096125
0.000229
0.000112
0.000101
0.000097
0.000097
0.010559
0.012073
0.014663
0.021192
0.007386
0.015849
0.013803
0.020809
0.010320
0.013996
0.023187
0.007044
0.014058
0.014884
0.022161
0.007419
0.014291
0.015050
0.014995
0.014782
0.017061
0.012574
0.016041
0.014954
0.013963
0.014109
0.019781
0.010836
0.014049
0.016765
0.013648
0.017009
0.012593
0.015777
0.018861
0.010106
0.014271
0.014796
0.014560
0.015252
0.014744
0.016762
0.015547
0.012155
0.014713
0.014895
0.014856
0.019165
0.023216
0.007247
0.009984
0.014402
0.015190
0.014947
0.014569
0.015165
0.014426
0.015654
0.017916
0.010941
0.014913
0.015371
0.014814
0.014292
0.015052
0.017220
0.012428
0.014591
0.015608
0.013877
0.021611
0.009323
0.017651
0.012101
0.013917
0.015982
0.021149
0.008754
0.014860
0.014860
0.013423
0.015818
0.013551
0.016192
0.018139
0.010591
0.014339
0.015141
0.016394
0.013188
0.014959
0.015298
0.014507
0.017438
0.012183
0.014819
0.014628
0.014860
0.014790
0.015220
0.014823
0.015351
0.014546
0.014170
0.015215
0.014559
0.014621
0.015147
0.014968
0.014716
0.016212
0.013353
0.015092
0.014572
0.015589
0.016155
0.012893
0.014787
0.015743
0.013813
0.015467
0.014631
0.014641
0.015664
0.013531
0.015127
0.015931
0.013660
0.015259
0.014954
0.014833
0.016567
0.022184
0.005332
0.017012
0.015044
0.012417
0.014887
0.015513
0.014723
0.017513
0.013804
0.020072
0.011646
0.010601
0.016672
0.012937
0.029266
0.008252
0.007273
0.016365
0.013279
0.014862
0.015421
0.014539
0.015012
0.014109
0.014998
0.015737
0.015014
0.013667
0.014951
0.014824
0.014920
0.014664
0.016973
0.013349
0.014264
0.014650
0.015062
0.014654
0.015449
0.018847
0.010453
0.015236
0.064366
0.006731
0.000235
0.000127
0.004916
0.016610
0.013215
0.015819
0.011076
0.014769
0.017207
0.013068
0.014238
0.014710
0.015038
0.014668
0.015042
0.014848
0.014655
0.015124
0.014339
0.020694
0.009193
0.014980
0.014619
0.017196
0.012563
0.015031
0.017365
0.012496
0.014586
0.016116
0.015084
0.013089
0.014790
0.016327
0.013403
0.015302
0.014561
0.016515
0.013572
0.014127
0.015001
0.016335
0.013320
0.015670
0.014432
0.014688
0.015767
0.014731
0.014024
0.014453
0.014779
0.014864
0.018377
0.031143
0.005703
0.028536
0.007728
0.017833
0.010009
0.019283
0.000231
0.013619
0.010841
0.016827
0.017441
0.010302
0.019129
0.011050
0.014533
0.014522
0.014992
0.015335
0.015623
0.013499
0.015752
0.014068
0.018137
0.013182
0.013229
0.014466
0.018965
0.024412
0.003662
0.012786
0.021982
0.007511
0.015309
0.014530
0.014682
0.014845
0.019904
0.013677
0.010840
0.017944
0.017582
0.009876
0.058052
0.008425
0.000239
0.000119
0.006759
0.015650
0.015787
0.012634
0.016416
0.014096
0.014955
0.013714
0.014911
0.014972
0.014759
0.015073
0.022017
0.007361
0.015804
0.017124
0.019372
0.010971
0.012025
0.017872
0.011997
0.013499
0.016163
0.014932
0.013570
0.015535
0.015442
0.013928
0.014507
0.015866
0.013816
0.015573
0.024338
0.004428
0.094964
0.006426
0.000236
0.000118
0.000105
0.000109
0.006468
0.010343
0.016323
0.013274
0.014928
0.014800
0.017610
0.012369
0.014450
0.015182
0.014564
0.022019
0.007777
0.014715
0.025900
0.007572
0.011079
0.015063
0.015906
0.023119
0.007376
0.012894
0.014621
0.017405
0.065138
0.000239
0.000117
0.000138
0.009849
0.011212
0.015546
0.017283
0.011557
0.014840
0.018766
0.011220
0.014999
0.014356
0.023007
0.007182
0.017048
0.012345
0.014587
0.023125
0.008128
0.015575
0.012714
0.015066
0.020145
0.009360
0.014817
0.014622
0.015494
0.014776
0.022052
0.007451
0.014589
0.015298
0.014362
0.015181
0.014453
0.022987
0.006658
0.014781
0.015719
0.013930
0.019720
0.010116
0.016294
0.013234
0.015153
0.014509
0.014992
0.014873
0.014680
0.014994
0.016420
0.013992
0.021114
0.008365
0.014949
0.020392
0.010791
0.016158
0.012681
0.013376
0.015737
0.013753
0.017210
0.013779
0.013645
0.015778
0.015645
0.013660
0.015312
0.018437
0.010601
0.014513
0.014626
0.015140
0.018620
0.011483
0.018039
0.011941
0.013933
0.015231
0.015142
0.017863
0.012275
0.014346
0.016652
0.012285
0.014779
0.016576
0.014316
0.014005
0.014334
0.014965
0.016131
0.017933
0.010655
0.014830
0.014769
0.015201
0.014559
0.015275
0.014203
0.017258
0.012783
0.017455
0.015351
0.011352
0.023056
0.006842
0.014838
0.015694
0.014095
0.014891
0.015053
0.014164
0.015237
0.016433
0.013605
0.101004
0.000175
0.000087
0.000067
0.000063
0.000063
0.004934
0.012087
0.014238
0.016585
0.014145
0.014530
0.014825
0.014548
0.014632
0.015528
0.014365
0.014823
0.014731
0.014585
0.014920
0.014871
0.014841
0.016560
0.013996
0.015895
0.015491
0.013002
0.014156
0.014886
0.015323
0.016324
0.013679
0.021493
0.007206
0.015143
0.014896
0.014337
0.016673
0.018139
0.009810
0.015725
0.014066
0.014390
0.015234
0.015515
0.014773
0.014228
0.016053
0.013462
0.015227
0.016739
0.012842
0.015561
0.013941
0.014901
0.014725
0.015284
0.014264
0.014944
0.014779
0.016003
0.015287
0.030266
0.007079
0.005405
0.015688
0.014326
0.024574
0.006809
0.012763
0.015915
0.014006
0.015895
0.015588
0.014277
0.013860
0.014633
0.014660
0.015229
0.016679
0.012665
0.016595
0.015569
0.012582
0.016632
0.013255
0.015948
0.013288
0.016113
0.013389
0.015116
0.014581
0.014954
0.015113
0.017787
0.011903
0.016381
0.014910
0.013199
0.014552
0.046265
0.011502
0.000220
0.005131
0.011592
0.015215
0.017438
0.013830
0.014390
0.013879
0.013703
0.017790
0.013121
0.014366
0.027561
0.006866
0.009693
0.021438
0.008502
0.015038
0.015483
0.013214
0.015152
0.017472
0.012809
0.014804
0.014741
0.014548
0.015013
0.015714
0.013438
0.014970
0.018229
0.011899
0.020030
0.010859
0.017207
0.010874
0.016623
0.013622
0.013860
0.015266
0.015144
0.014187
0.015950
0.014770
0.016199
0.013951
0.013464
0.014857
0.014745
0.015199
0.014992
0.014261
0.016718
0.028055
0.007215
0.009451
0.020254
0.025918
0.003834
0.009031
0.013758
0.013969
0.015121
0.014936
0.014747
0.015829
0.014983
0.013716
0.020824
0.011761
0.013364
0.013562
0.014780
0.014624
0.020698
0.014168
0.013050
0.024579
0.006145
0.012682
0.013046
0.014200
0.016067
0.013769
0.015431
0.015931
0.021597
0.011814
0.009211
0.023573
0.009333
0.012789
0.013866
0.015706
0.014587
0.014248
0.015412
0.013991
0.015036
0.014761
0.018078
0.012123
0.015319
0.013973
0.015407
0.015367
0.013913
0.014521
0.015196
0.014975
0.015848
0.013614
0.014693
0.014893
0.014914
0.018275
0.011859
0.016221
0.012889
0.014868
0.015401
0.014853
0.014198
0.015192
0.015795
0.013370
0.015054
0.014602
0.015357
0.014786
0.017733
0.015288
0.011342
0.015606
0.013846
0.014779
0.015183
0.017165
0.015061
0.012015
0.016172
0.013820
0.023226
0.008927
0.015882
0.012008
0.014039
0.015105
0.014382
0.016699
0.014011
0.014085
0.014860
0.015200
0.014752
0.014323
0.014963
0.015005
0.016490
0.014376
0.013659
0.017536
0.012393
0.015897
0.014699
0.013558
0.014706
0.014585
0.015075
0.014827
0.015488
0.013915
0.023218
0.007436
0.014448
0.014439
0.016341
0.013387
0.014746
0.015560
0.014662
0.014624
0.015395
0.014578
0.014839
0.014911
0.014194
0.015134
0.015613
0.013724
0.016592
0.013087
0.014784
0.014836
0.015129
0.015242
0.014762
0.014106
0.015812
0.014466
0.014573
0.015359
0.014529
0.014532
0.014469
0.015324
0.016851
0.013223
0.014153
0.014999
0.014607
0.015492
0.015284
0.014150
0.015126
0.014307
0.014560
0.015052
0.014893
0.018977
0.010862
0.014926
0.014345
0.015059
0.015316
0.014864
0.015675
0.014157
0.015367
0.013552
0.014954
0.014876
0.014896
0.014656
0.020751
0.009429
0.015579
0.013561
0.014939
0.014866
0.015345
0.014343
0.015113
0.016776
0.013138
0.014595
0.015138
0.014325
0.014621
0.014899
0.014659
0.014814
0.015172
0.015559
0.013992
0.015395
0.014431
0.014921
0.023937
0.009679
0.011195
0.014552
0.015498
0.014176
0.014655
0.015702
0.014656
0.015288
0.017195
0.011341
0.014866
0.016903
0.012716
0.014917
0.014588
0.021490
0.008324
0.015146
0.014339
0.015206
0.014293
0.015958
0.016902
0.011837
0.015282
0.014824
0.014478
0.015077
0.018588
0.010729
0.017760
0.012482
0.014260
0.015649
0.014389
0.017698
0.015729
0.011381
0.026785
0.005035
0.013761
0.015806
0.012214
0.019309
0.010966
0.023129
0.006529
0.014409
0.017400
0.013657
0.013974
0.017510
0.011497
0.014942
0.014647
0.015771
0.014359
0.014566
0.015341
0.014326
0.014786
0.017248
0.014939
0.012784
0.016166
0.014205
0.014011
0.020695
0.008575
0.015492
0.016096
0.014666
0.013038
0.015211
0.018517
0.011713
0.024391
0.015830
0.003960
0.024190
0.005756
0.015675
0.013346
0.014490
0.015715
0.027787
0.007978
0.008674
0.015398
0.013996
0.014558
0.016216
0.013203
0.015949
0.013949
0.014980
0.015178
0.015190
0.014202
0.015137
0.014507
0.015935
0.013443
0.014951
0.015429
0.019013
0.011507
0.013460
0.015264
0.014741
0.014435
0.016892
0.012918
0.015044
0.014481
0.015268
0.014804
0.014789
0.014871
0.014589
0.014528
0.015919
0.015734
0.014211
0.014734
0.014330
0.014274
0.016947
0.013429
0.017440
0.012048
0.014735
0.014918
0.014268
0.032203
0.006253
0.007980
0.015449
0.012378
0.015082
0.015327
0.014162
0.016557
0.013555
0.014798
0.015460
0.018925
0.011069
0.013541
0.014761
0.015848
0.013754
0.014855
0.018233
0.011672
0.014782
0.014790
0.015032
0.015025
0.015739
0.016382
0.019727
0.007237
0.014608
0.016182
0.013408
0.024464
0.014366
0.006961
0.013718
0.014824
0.015296
0.014264
0.017679
0.012553
0.015079
0.017945
0.011781
0.016208
0.013330
0.014189
0.015032
0.014624
0.015361
0.015259
0.018508
0.012878
0.012976
0.014314
0.016592
0.013059
0.015336
0.014769
0.014261
0.017601
0.012895
0.022105
0.007013
0.015789
0.013790
0.015174
0.014315
0.015447
0.016018
0.013217
0.015745
0.014281
0.016381
0.012910
0.014693
0.015571
0.018959
0.010726
0.018022
0.014065
0.016474
0.011177
0.014542
0.015667
0.014708
0.015507
0.013680
0.014293
0.016594
0.012630
0.015282
0.014329
0.015581
0.019227
0.032719
0.007256
0.003265
0.011031
0.018290
0.012786
0.061194
0.007856
0.000246
0.000126
0.004352
0.014301
0.015904
0.013222
0.018966
0.021707
0.013841
0.023167
0.008510
0.003694
0.014218
0.015539
0.015568
0.013469
0.014742
0.016419
0.017612
0.015874
0.010799
0.016385
0.016885
0.010419
0.014324
0.017586
0.026489
0.034477
0.016481
0.000244
0.000127
0.030942
0.051667
0.000246
0.035625
0.000429
0.000139
0.077964
0.000247
0.033942
0.000252
0.000126
0.000115
0.000110
0.000111
0.024649
0.000262
0.040342
0.000247
0.012618
0.000246
0.000127
0.011027
0.016379
0.015320
0.055642
0.020509
0.000208
0.000110
0.005151
0.040899
0.017236
0.000250
0.000138
0.013424
0.021758
0.004977
0.010054
0.016009
0.014397
0.014793
0.014305
0.013890
0.021399
0.009675
0.013241
0.017001
0.012750
0.015311
0.016272
0.013352
0.015728
0.015291
0.015805
0.012271
0.014916
0.014713
0.014710
0.014946
0.016212
0.013993
0.015396
0.013507
0.015039
0.014967
0.016438
0.013029
0.014922
0.018616
0.010990
0.021640
0.008597
0.014554
0.015024
0.014321
0.014770
0.014976
0.014653
0.017558
0.023475
0.005583
0.014010
0.014208
0.014467
0.015283
0.014711
0.014511
0.014779
0.021460
0.008381
0.014250
0.016119
0.015926
0.012690
0.014817
0.015215
0.015771
0.013207
0.015821
0.018837
0.010135
0.018714
0.012041
0.015920
0.012430
0.014827
0.015221
0.015247
0.014145
0.017206
0.013572
0.014061
0.014722
0.018564
0.012618
0.014680
0.013177
0.016797
0.013529
0.014547
0.015397
0.015173
0.013558
0.015609
0.019819
0.010707
0.013027
0.015045
0.026189
0.004177
0.014175
0.018969
0.011796
0.013806
0.014955
0.017684
0.011892
0.017401
0.012431
0.016016
0.014186
0.015116
0.013685
0.015964
0.013656
0.015076
0.014813
0.016827
0.012711
0.014921
0.014982
0.014745
0.020664
0.012959
0.010984
0.015915
0.013654
0.026382
0.008739
0.027317
0.003396
0.010438
0.012779
0.015857
0.014893
0.014709
0.014043
0.014733
0.016022
0.016132
0.015335
0.094614
0.053708
0.000254
0.000128
0.000117
0.000113
0.000112
0.006535
0.000264
0.000143
0.006316
0.013742
0.026844
0.032390
0.000264
0.007880
0.055286
0.007341
0.000211
0.000100
0.007128
0.010290
0.088835
0.014248
0.000274
0.000146
0.000118
0.000115
0.019310
0.005432
0.006613
0.013055
0.016803
0.017901
0.009538
0.015216
0.056064
0.006844
0.000255
0.000131
0.010627
0.015900
0.014078
0.019319
0.018907
0.007239
0.013537
0.018762
0.020169
0.022871
0.008676
0.012714
0.005985
0.015752
0.014394
0.014161
0.015039
0.015092
0.014642
0.014918
0.014624
0.024904
0.006811
0.012831
0.014599
0.021153
0.009443
0.023630
0.008576
0.011774
0.017650
0.012467
0.014362
0.014598
0.015960
0.016144
0.016099
0.055936
0.006669
0.000264
0.000142
0.007840
0.017182
0.013620
0.013756
0.014531
0.014994
0.015623
0.015687
0.014548
0.013424
0.014761
0.014851
0.014825
0.042692
0.013847
0.000258
0.028691
0.010375
0.000259
0.008974
0.016445
0.012553
0.014358
0.016176
0.017442
0.014320
0.048211
0.000250
0.000128
0.031242
0.040085
0.024143
0.000251
0.000130
0.007800
0.000249
0.008531
0.017566
0.032464
0.081962
0.014640
0.000249
0.000129
0.000118
0.000115
0.000115
0.014884
0.004036
0.010839
0.015330
0.014023
0.014554
0.014931
0.014800
0.014798
0.015198
0.014434
0.015002
0.014834
0.014903
0.019128
0.011536
0.015566
0.012994
0.014817
0.014971
0.014585
0.015306
0.032869
0.005762
0.006124
0.015953
0.014390
0.014368
0.016062
0.013756
0.020494
0.008935
0.015190
0.063671
0.064042
0.000334
0.000152
0.008261
0.000244
0.000106
0.000098
0.000092
0.012593
0.018226
0.013257
0.010669
0.016122
0.014503
0.014967
0.053921
0.008617
0.000261
0.000129
0.011352
0.014796
0.065451
0.007440
0.000262
0.000129
0.003117
0.011783
0.015610
0.014342
0.016503
0.012861
0.017595
0.013329
0.020136
0.060041
0.008841
0.000257
0.000133
0.004989
0.017146
0.007305
0.033223
0.004575
0.015844
0.013073
0.006949
0.023928
0.088197
0.146367
0.000258
0.000146
0.000121
0.000116
0.000121
0.021194
0.000251
0.000128
0.000118
0.000115
0.000113
0.000113
0.000112
0.000114
0.002862
0.000257
0.011205
0.014860
0.014614
0.016069
0.014018
0.014751
0.017307
0.016295
0.020685
0.016154
0.021301
0.003963
0.007970
0.016737
0.013300
0.017012
0.012392
0.014895
0.015316
0.014188
0.014981
0.015389
0.014119
0.015295
0.017736
0.012118
0.017690
0.021740
0.011087
0.008455
0.016131
0.013354
0.014918
0.015204
0.014221
0.015163
0.014569
0.018192
0.011675
0.016102
0.015756
0.013626
0.022429
0.007742
0.013581
0.015684
0.013767
0.014965
0.015449
0.014125
0.014789
0.014976
0.014866
0.019506
0.010065
0.017113
0.012699
0.053136
0.007059
0.000254
0.000130
0.015321
0.014721
0.019777
0.008068
0.014694
0.014650
0.014985
0.015067
0.014758
0.014734
0.014798
0.015651
0.014392
0.014414
0.019260
0.011010
0.023295
0.006367
0.014405
0.014899
0.014728
0.014870
0.015643
0.014576
0.014076
0.015918
0.017924
0.012358
0.013379
0.014606
0.015024
0.015326
0.014290
0.022897
0.012783
0.010304
0.013608
0.016139
0.014884
0.013410
0.014477
0.014948
0.016822
0.015692
0.014886
0.013043
0.016181
0.012521
0.014798
0.015248
0.014198
0.015331
0.014557
0.016456
0.013220
0.015499
0.014165
0.014639
0.016441
0.015233
0.013037
0.016794
0.012807
0.014876
0.015233
0.016054
0.014766
0.015486
0.012576
0.019605
0.011649
0.013064
0.014953
0.015177
0.014983
0.014913
0.015414
0.013916
0.034189
0.004862
0.005515
0.014542
0.015141
0.015084
0.015341
0.014067
0.014495
0.015252
0.014597
0.015190
0.015148
0.019257
0.010079
0.014462
0.015220
0.019496
0.009819
0.016050
0.013852
0.014973
0.014637
0.015019
0.014899
0.016078
0.024879
0.005800
0.020412
0.008668
0.012851
0.016707
0.012928
0.042327
0.006306
0.000328
0.011121
0.017264
0.012279
0.021021
0.024651
0.006276
0.009115
0.014443
0.012931
0.014906
0.014740
0.020512
0.009246
0.014897
0.014881
0.018080
0.016555
0.010164
0.016941
0.012991
0.014238
0.015064
0.014680
0.014957
0.017581
0.012907
0.013633
0.021408
0.008702
0.015029
0.015181
0.017942
0.011798
0.024382
0.008467
0.012838
0.013983
0.013703
0.014959
0.014877
0.014865
0.014775
0.014860
0.016369
0.014719
0.013066
0.016811
0.014380
0.013670
0.014677
0.015282
0.014575
0.014541
0.020317
0.009502
0.014686
0.016454
0.014015
0.014891
0.014514
0.017488
0.012275
0.014061
0.015255
0.014926
0.014709
0.014727
0.017377
0.013772
0.013933
0.014803
0.015704
0.016192
0.011827
0.015511
0.014524
0.015060
0.014919
0.014540
0.015051
0.014716
0.014612
0.014733
0.019319
0.012532
0.012772
0.015377
0.018581
0.011087
0.014837
0.014349
0.014379
0.019550
0.010661
0.019521
0.009884
0.015211
0.014405
0.017706
0.013149
0.014626
0.015552
0.013468
0.016045
0.013734
0.015351
0.015781
0.013392
0.015732
0.013782
0.014934
0.014845
0.022097
0.007536
0.014567
0.015834
0.013961
0.014686
0.014934
0.014823
0.015493
0.014762
0.018707
0.010395
0.014821
0.016798
0.012976
0.016652
0.014461
0.013906
0.014497
0.014508
0.015613
0.014148
0.016701
0.013172
0.016982
0.013345
0.022935
0.006499
0.019524
0.010722
0.027614
0.004460
0.011509
0.016869
0.015937
0.011427
0.014929
0.014738
0.014682
0.014885
0.016677
0.013168
0.014750
0.014603
0.017976
0.012054
0.014786
0.016711
0.012823
0.014950
0.014948
0.018175
0.012107
0.014985
0.014314
0.015128
0.016669
0.067561
0.007776
0.000253
0.000131
0.000124
0.010960
0.026000
0.025309
0.003956
0.007772
0.010744
0.015032
0.015070
0.014793
0.014975
0.015428
0.014521
0.018176
0.010979
0.019418
0.010017
0.015690
0.014769
0.014215
0.015434
0.018507
0.010839
0.019850
0.009608
0.014557
0.015339
0.014995
0.015002
0.016437
0.012775
0.015581
0.016379
0.014050
0.013582
0.014761
0.014382
0.015157
0.015449
0.014304
0.014592
0.015404
0.017306
0.011941
0.017643
0.013468
0.014089
0.016062
0.016354
0.012292
0.013683
0.014953
0.014724
0.014793
0.015131
0.014523
0.015508
0.014265
0.015288
0.021536
0.010935
0.013622
0.012870
0.015866
0.013628
0.015183
0.015766
0.013833
0.015761
0.013701
0.014663
0.015316
0.014640
0.015093
0.014466
0.015621
0.013968
0.015375
0.014242
0.015424
0.017618
0.011783
0.016401
0.013868
0.014029
0.014911
0.014684
0.015032
0.015497
0.023011
0.006735
0.014654
0.016786
0.013766
0.015391
0.013258
0.014334
0.014767
0.014970
0.015481
0.013951
0.015592
0.014750
0.016927
0.013084
0.013875
0.015099
0.015241
0.014440
0.014616
0.015375
0.015753
0.013416
0.015906
0.014146
0.014863
0.016119
0.014832
0.013240
0.015096
0.073375
0.010988
0.000264
0.000136
0.000126
0.015667
0.005386
0.012703
0.017604
0.017420
0.009366
0.016776
0.012805
0.014944
0.016338
0.014918
0.012866
0.015149
0.015178
0.014947
0.014884
0.014085
0.015832
0.015456
0.013678
0.014513
0.014730
0.015166
0.014677
0.015097
0.016391
0.012909
0.015168
0.014585
0.016126
0.021191
0.008223
0.013770
0.014968
0.015201
0.015222
0.014974
0.016098
0.032750
0.005687
0.006047
0.014280
0.013069
0.017312
0.014583
0.013770
0.014089
0.015012
0.016554
0.012968
0.014571
0.014975
0.014632
0.014780
0.015545
0.014137
0.018941
0.011316
0.015309
0.015563
0.015254
0.030849
0.006299
0.008110
0.011966
0.014840
0.022509
0.007695
0.014617
0.016948
0.012407
0.014852
0.018033
0.011620
0.019086
0.010574
0.015421
0.014518
0.014662
0.020394
0.010132
0.014966
0.013708
0.015540
0.025609
0.005311
0.012797
0.015087
0.017683
0.011960
0.015524
0.014025
0.015034
0.014685
0.033876
0.003177
0.007819
0.014582
0.014696
0.015033
0.015317
0.014263
0.014799
0.014899
0.015865
0.016797
0.011987
0.014856
0.014584
0.015582
0.014176
0.030683
0.113233
0.006441
0.000256
0.000134
0.000125
0.000121
0.000119
0.000119
0.000120
0.012628
0.014201
0.017258
0.012536
0.015825
0.014917
0.013511
0.014622
0.017839
0.012717
0.016325
0.012930
0.014696
0.014927
0.014630
0.016213
0.013848
0.020016
0.012640
0.020890
0.009297
0.011070
0.015418
0.014378
0.015139
0.015443
0.013741
0.023385
0.010059
0.011133
0.016256
0.013147
0.016517
0.013279
0.015270
0.020202
0.008901
0.016873
0.013622
0.015717
0.013171
0.019048
0.010577
0.015078
0.016771
0.012906
0.016244
0.013313
0.015565
0.014131
0.014742
0.016069
0.014359
0.014449
0.014725
0.016035
0.014756
0.014578
0.028920
0.004299
0.014434
0.011165
0.015077
0.022264
0.006995
0.014552
0.014982
0.019330
0.011876
0.037081
0.005864
0.003668
0.018783
0.015583
0.008856
0.031101
0.006987
0.004318
0.014772
0.016695
0.012508
0.014560
0.015264
0.015320
0.014180
0.016540
0.015449
0.012836
0.014532
0.015254
0.014978
0.016024
0.013432
0.014792
0.014479
0.015541
0.018026
0.011120
0.014715
0.014742
0.015316
0.016285
0.014706
0.016720
0.011678
0.014468
0.024725
0.005563
0.018211
0.011909
0.013870
0.015352
0.014286
0.014618
0.016021
0.013747
0.015315
0.014275
0.015511
0.014625
0.058824
0.007747
0.000262
0.000139
0.008094
0.013619
0.015142
0.014545
0.015317
0.015542
0.017352
0.017543
0.009047
0.015191
0.013769
0.014661
0.015127
0.014770
0.016767
0.012773
0.016864
0.013103
0.014401
0.014947
0.015679
0.014575
0.014444
0.014722
0.016489
0.013240
0.014776
0.015277
0.016467
0.013644
0.017593
0.011869
0.014588
0.015212
0.030607
0.022611
0.000283
0.017538
0.171218
0.016802
0.000261
0.000240
0.000149
0.000129
0.000125
0.000123
0.000122
0.000121
0.000120
0.000123
0.011960
0.023756
0.006710
0.000270
0.012260
0.042364
0.012166
0.000285
0.004088
0.014398
0.010937
0.015262
0.014999
0.014934
0.015212
0.013840
0.015474
0.014225
0.014737
0.014829
0.015975
0.013753
0.016181
0.016468
0.012202
0.014370
0.023929
0.006224
0.018641
0.011855
0.013874
0.015451
0.014378
0.014965
0.017193
0.011822
0.014791
0.016149
0.014672
0.014819
0.018982
0.009742
0.014846
0.014640
0.017171
0.013674
0.013948
0.101109
0.000271
0.006450
0.000269
0.000144
0.000190
0.000177
0.010776
0.014966
0.014826
0.015154
0.013936
0.014801
0.017048
0.025555
0.005566
0.011662
0.014222
0.015020
0.014547
0.016178
0.014020
0.014495
0.015343
0.016555
0.012604
0.020993
0.013235
0.014680
0.015693
0.013570
0.016501
0.009334
0.017477
0.012547
0.014422
0.015163
0.014595
0.014586
0.016529
0.013652
0.014345
0.017305
0.012572
0.016604
0.014356
0.013390
0.017359
0.013068
0.014512
0.014355
0.014909
0.015751
0.019497
0.013053
0.010988
0.014853
0.015323
0.031937
0.005501
0.013156
0.008812
0.014152
0.015410
0.014409
0.019759
0.010108
0.015063
0.014361
0.018878
0.010651
0.015081
0.014813
0.014670
0.014973
0.015524
0.014524
0.014496
0.023211
0.007075
0.015532
0.017517
0.014270
0.012881
0.013899
0.015537
0.014853
0.013594
0.017410
0.013871
0.012910
0.014985
0.014952
0.018488
0.012162
0.014122
0.014379
0.014967
0.015713
0.013955
0.014639
0.015028
0.014656
0.016421
0.013303
0.016812
0.016239
0.036792
0.004955
0.005800
0.009523
0.013480
0.016080
0.014941
0.014883
0.013570
0.015336
0.014693
0.014719
0.016422
0.014727
0.019258
0.009443
0.015432
0.014731
0.014277
0.016885
0.012471
0.015026
0.014326
0.015216
0.014897
0.014843
0.014618
0.016171
0.023045
0.009637
0.010568
0.014758
0.015301
0.020054
0.009979
0.013676
0.016007
0.013856
0.015671
0.014193
0.014629
0.017847
0.011744
0.015092
0.017955
0.011490
0.015308
0.015628
0.013696
0.039841
0.007124
0.009273
0.003166
0.014863
0.014708
0.015244
0.016388
0.016101
0.012572
0.013976
0.014865
0.015475
0.013933
0.014931
0.016652
0.016530
0.011386
0.014788
0.014880
0.014745
0.014932
0.015025
0.014512
0.014804
0.015677
0.014198
0.014649
0.016359
0.013523
0.015025
0.014627
0.015252
0.015482
0.013644
0.017191
0.014235
0.013063
0.015079
0.014609
0.015148
0.014466
0.015426
0.014830
0.014744
0.014675
0.015154
0.014380
0.014737
0.015287
0.015298
0.014054
0.015562
0.014178
0.014802
0.015186
0.016243
0.013661
0.014261
0.014541
0.014944
0.015958
0.015990
0.014430
0.016329
0.012520
0.014116
0.017040
0.012309
0.014767
0.015241
0.018497
0.011069
0.014875
0.015728
0.013699
0.014840
0.018364
0.011640
0.014209
0.015164
0.015512
0.014259
0.015777
0.015297
0.017161
0.012442
0.013229
0.016300
0.014416
0.013761
0.015380
0.015246
0.016014
0.013676
0.014331
0.014490
0.015296
0.014702
0.014559
0.016184
0.013856
0.015524
0.013947
0.015927
0.014278
0.014465
0.014637
0.014739
0.014762
0.015162
0.015659
0.014074
0.020915
0.008375
0.016355
0.013438
0.017914
0.011752
0.016255
0.013366
0.015836
0.023229
0.006185
0.014756
0.014729
0.014777
0.014384
0.014819
0.014709
0.015354
0.014213
0.017566
0.016402
0.011261
0.015592
0.013874
0.023515
0.006009
0.014912
0.017041
0.012347
0.015504
0.014311
0.017484
0.012321
0.015730
0.015982
0.012964
0.015706
0.018773
0.009868
0.015110
0.014859
0.014571
0.015668
0.013951
0.015941
0.014060
0.014339
0.015076
0.017254
0.020060
0.009974
0.011966
0.014824
0.015144
0.014738
0.027342
0.006868
0.010276
0.015118
0.015395
0.014590
0.013962
0.014870
0.014869
0.014784
0.014832
0.015668
0.014422
0.015405
0.016664
0.012583
0.014167
0.016941
0.012728
0.018163
0.013598
0.024840
0.003729
0.015499
0.022796
0.005992
0.014330
0.014574
0.015621
0.014058
0.014654
0.015299
0.014944
0.024555
0.006829
0.013632
0.014305
0.018661
0.010687
0.015097
0.015059
0.017227
0.032319
0.016926
0.011998
0.025889
0.023735
0.000294
0.005754
0.014908
0.003303
0.011537
0.014462
0.014964
0.014122
0.020699
0.010193
0.025674
0.011140
0.013104
0.036320
0.006704
0.000271
0.009767
0.028960
0.023563
0.004116
0.021849
0.016940
0.003866
0.008756
0.011042
0.014170
0.015893
0.013853
0.015266
0.014264
0.017215
0.012269
0.015547
0.014932
0.016467
0.014763
0.012643
0.017018
0.015072
0.012281
0.014757
0.014886
0.015370
0.014309
0.014736
0.017043
0.014871
0.014774
0.012675
0.014964
0.015990
0.013460
0.015811
0.029447
0.004518
0.010238
0.014422
0.022264
0.010033
0.012999
0.014293
0.014895
0.014462
0.014949
0.018147
0.011634
0.014566
0.016229
0.014324
0.014317
0.016546
0.013865
0.014138
0.014938
0.017572
0.011270
0.015177
0.014670
0.018016
0.012209
0.014307
0.019189
0.011110
0.015634
0.013597
0.014870
0.014808
0.014526
0.015034
0.015932
0.014169
0.022161
0.006910
0.015323
0.015006
0.014473
0.015937
0.013856
0.014805
0.014832
0.014703
0.017143
0.012603
0.016328
0.014382
0.014297
0.014120
0.015137
0.014589
0.015318
0.014485
0.014833
0.020332
0.009561
0.017272
0.013393
0.039881
0.014728
0.000273
0.005503
0.023618
0.009145
0.024860
0.003728
0.010709
0.015034
0.014593
0.014937
0.020125
0.010066
0.014434
0.014637
0.018075
0.017425
0.009045
0.014709
0.014974
0.015249
0.014592
0.016725
0.012607
0.047128
0.007108
0.000273
0.012907
0.010256
0.013925
0.012928
0.016123
0.013704
0.014823
0.015746
0.014553
0.013634
0.015087
0.017489
0.013195
0.013471
0.014821
0.014999
0.015710
0.013861
0.017600
0.012436
0.014394
0.015022
0.014532
0.014846
0.015328
0.016862
0.012389
0.014671
0.015182
0.014630
0.017195
0.015937
0.013035
0.014342
0.014148
0.014527
0.015370
0.014100
0.016594
0.013760
0.016157
0.014138
0.013720
0.014858
0.014894
0.016667
0.012910
0.015203
0.016362
0.013106
0.014647
0.015052
0.015518
0.019212
0.009992
0.014366
0.014799
0.015752
0.013966
0.016703
0.015149
0.012801
0.014574
0.015160
0.017317
0.012257
0.014763
0.015630
0.013792
0.016213
0.014250
0.018940
0.010155
0.018645
0.011014
0.014822
0.015120
0.016156
0.013021
0.015008
0.014728
0.019053
0.011283
0.014260
0.015417
0.017874
0.013285
0.012998
0.014868
0.014724
0.014793
0.014625
0.014957
0.014885
0.015919
0.016220
0.012477
0.015173
0.014661
0.014836
0.015162
0.017351
0.019367
0.051369
0.007956
0.000307
0.000150
0.007961
0.015225
0.013002
0.015107
0.016222
0.013267
0.015023
0.014947
0.014710
0.018071
0.011904
0.014808
0.020812
0.030691
0.000284
0.008185
0.017137
0.011993
0.014446
0.015039
0.015271
0.015804
0.013457
0.014649
0.014791
0.014715
0.017129
0.013039
0.017189
0.012800
0.015436
0.013519
0.021599
0.009166
0.014183
0.015070
0.016276
0.012666
0.014870
0.015211
0.015700
0.032700
0.004857
0.006041
0.015399
0.016553
0.012658
0.014645
0.015076
0.014554
0.015257
0.014645
0.015377
0.014650
0.014434
0.014369
0.016204
0.014244
0.014038
0.015727
0.017048
0.012252
0.015552
0.014522
0.016192
0.013548
0.014058
0.015710
0.017674
0.012517
0.013836
0.014529
0.015081
0.014544
0.014947
0.014499
0.016388
0.014770
0.013663
0.014675
0.015795
0.014196
0.014611
0.016712
0.032032
0.004771
0.006114
0.014673
0.015033
0.014460
0.014864
0.021302
0.008603
0.016833
0.012888
0.014789
0.014737
0.015620
0.014893
0.015092
0.013836
0.019516
0.014121
0.010957
0.014779
0.014849
0.014658
0.015380
0.019596
0.014610
0.010541
0.015470
0.013605
0.017420
0.013382
0.015301
0.016293
0.011913
0.014925
0.015813
0.013814
0.016991
0.012334
0.017540
0.022339
0.004384
0.015914
0.039460
0.005662
0.000281
0.016426
0.038346
0.000276
0.006481
0.011447
0.014204
0.014993
0.014627
0.015135
0.015494
0.016405
0.013455
0.013868
0.014906
0.014828
0.018392
0.012522
0.013724
0.014361
0.015019
0.016513
0.016055
0.012545
0.014575
0.014672
0.015503
0.013933
0.015118
0.014641
0.014809
0.036498
0.004278
0.005578
0.015262
0.015092
0.012892
0.014215
0.015300
0.015462
0.014087
0.015322
0.015549
0.017965
0.011018
0.014531
0.015840
0.013471
0.015427
0.014125
0.015620
0.071571
0.011305
0.000279
0.000147
0.000138
0.005252
0.015229
0.014030
0.015238
0.017148
0.012267
0.017419
0.012298
0.017771
0.012084
0.026625
0.006629
0.010891
0.014760
0.019006
0.010762
0.014901
0.019759
0.009866
0.014993
0.014900
0.017255
0.013035
0.023549
0.055443
0.009250
0.000274
0.000148
0.030103
0.026342
0.000289
0.074934
0.000281
0.008612
0.000280
0.000161
0.000137
0.000135
0.006880
0.015315
