0.006907
0.002936
0.000228
0.000108
0.000100
0.000098
0.010014
0.014791
0.022544
0.009388
0.020235
0.011866
0.009970
0.013710
0.017107
0.013576
0.015754
0.014033
0.015502
0.012999
0.016975
0.012607
0.018327
0.016227
0.014377
0.010799
0.103114
0.011742
0.000225
0.000109
0.000114
0.000097
0.000096
0.030703
0.000226
0.006440
0.010911
0.072064
0.061805
0.000241
0.000128
0.000113
0.012661
0.000229
0.000109
0.000098
0.008902
0.008277
0.013886
0.014170
0.019049
0.013822
0.011431
0.125776
0.313410
0.000227
0.000109
0.000096
0.000095
0.000093
0.000093
0.000093
0.000091
0.000091
0.000090
0.000095
0.000093
0.000092
0.000091
0.000090
0.000091
0.000089
0.000090
0.000091
0.000091
0.000090
0.000090
0.074987
0.000224
0.000109
0.000098
0.000094
0.000092
0.000091
0.000091
0.000091
0.000098
0.007849
0.029712
0.302499
0.011789
0.000226
0.000109
0.000098
0.000095
0.000091
0.000091
0.000091
0.000090
0.000090
0.000090
0.000090
0.000089
0.000090
0.000089
0.000090
0.000089
0.000097
0.000095
0.000092
0.000093
0.099712
0.099766
0.000282
0.000220
0.000124
0.000103
0.000099
0.006742
0.000191
0.000087
0.000076
0.000073
0.000072
0.000073
0.010526
0.008992
0.019378
0.010457
0.018965
0.017067
0.009254
0.017811
0.015464
0.009915
0.021209
0.011151
0.044210
0.050161
0.000232
0.011601
0.000231
0.000111
0.000101
0.046727
0.016820
0.000231
0.000115
0.014832
0.005414
0.030487
0.009731
0.003627
0.014670
0.015724
0.016301
0.017430
0.009774
0.019542
0.034825
0.004379
0.003860
0.012038
0.018841
0.016405
0.024243
0.006733
0.008284
0.018949
0.013853
0.012443
0.013484
0.036434
0.008804
0.027454
0.016509
0.000237
0.007241
0.017274
0.005038
0.015958
0.013288
0.034813
0.009027
0.006019
0.009271
0.015801
0.017560
0.139264
0.009230
0.000236
0.000115
0.000102
0.000101
0.000099
0.000095
0.000095
0.000095
0.022766
0.004743
0.013930
0.013347
0.021378
0.017489
0.008837
0.022489
0.014655
0.021196
0.010479
0.038668
0.020291
0.000240
0.000129
0.012204
0.070775
0.039028
0.000236
0.000113
0.000103
0.019464
0.000229
0.000112
0.000102
0.008491
0.024767
0.064808
0.034619
0.000231
0.000111
0.000101
0.000098
0.003848
0.027102
0.027695
0.000233
0.038170
0.025885
0.000236
0.000133
0.019771
0.000228
0.007973
0.010821
0.010109
0.023672
0.014313
0.013812
0.014159
0.008441
0.013739
0.015964
0.022685
0.007009
0.013832
0.014744
0.014787
0.014826
0.015058
0.019316
0.055726
0.018984
0.000230
0.000112
0.000102
0.021563
0.010916
0.028773
0.048815
0.000236
0.014161
0.000229
0.000114
0.073770
0.006968
0.000237
0.000116
0.000102
0.000099
0.014435
0.012893
0.030766
0.024456
0.000232
0.028672
0.000231
0.023098
0.098933
0.000230
0.033334
0.000230
0.000113
0.000102
0.000098
0.000096
0.000097
0.002887
0.065894
0.311777
0.000231
0.000119
0.000103
0.000098
0.000097
0.038047
0.000229
0.000113
0.000101
0.000099
0.000097
0.000095
0.000099
0.000097
0.000095
0.000095
0.000094
0.000095
0.000093
0.000094
0.000096
0.004919
0.000231
0.000139
0.000107
0.000100
0.000099
0.013488
0.014755
0.014723
0.014703
0.022286
0.008150
0.023081
0.023069
0.003152
0.234968
0.731191
0.000230
0.000112
0.000102
0.000099
0.000096
0.000095
0.000101
0.000099
0.000097
0.000095
0.000094
0.000094
0.000094
0.000094
0.000097
0.000096
0.000094
0.000094
0.000095
0.000095
0.000094
0.000095
0.000093
0.000094
0.000094
0.000094
0.000094
0.000114
0.000098
0.000095
0.000095
0.000093
0.000106
0.000073
0.000072
0.000074
0.012626
0.000228
0.000111
0.000102
0.000097
0.000096
0.000095
0.000095
0.000094
0.000094
0.000094
0.000093
0.000094
0.000128
0.000101
0.000097
0.000094
0.000093
0.000094
0.000095
0.000093
0.000094
0.000094
0.000093
0.000093
0.000094
0.000093
0.000095
0.006981
0.027495
0.013217
0.048289
0.042395
0.000232
0.000121
0.000107
0.000101
0.024678
0.000241
0.024805
0.000235
0.015191
0.026262
0.013614
0.021576
0.038087
0.000229
0.000114
0.050338
0.000240
0.084959
0.000232
0.000114
0.000104
0.000101
0.016776
0.000159
0.000065
0.000059
0.009029
0.012753
0.025259
0.005987
0.013947
0.014090
0.072679
0.015941
0.000232
0.000113
0.000106
0.011237
0.008348
0.017056
0.010964
0.012470
0.013291
0.014661
0.014971
0.015924
0.013690
0.014782
0.016239
0.013786
0.014471
0.014828
0.044437
0.003670
0.000236
0.011693
0.014361
0.017106
0.012661
0.015785
0.055547
0.030396
0.000236
0.000116
0.000105
0.006845
0.010823
0.014008
0.014366
0.014975
0.014780
0.014791
0.114364
0.009699
0.000243
0.000130
0.000106
0.000101
0.000100
0.000100
0.010479
0.013122
0.022744
0.008449
0.013517
0.014702
0.017337
0.016206
0.012862
0.014142
0.026712
0.004549
0.012706
0.033502
0.018456
0.000252
0.007650
0.020190
0.008197
0.015643
0.014278
0.063514
0.157481
0.000233
0.000117
0.055333
0.000231
0.000115
0.000111
0.000104
0.000100
0.000099
0.000097
0.000097
0.000098
0.000099
0.009232
0.000233
0.000114
0.000106
0.009110
0.121179
0.051682
0.000238
0.000117
0.000104
0.000100
0.000098
0.000100
0.015001
0.000245
0.000120
0.000108
0.003883
0.018792
0.013966
0.020908
0.007872
0.013179
0.015242
0.017092
0.012020
0.014958
0.024736
0.008481
0.017236
0.063718
0.010353
0.000203
0.000117
0.000140
0.009708
0.094198
0.016329
0.000242
0.000116
0.000106
0.000101
0.000102
0.015928
0.009316
0.344850
0.000331
0.000164
0.000113
0.000104
0.000101
0.000099
0.000099
0.000098
0.000098
0.000098
0.000120
0.000105
0.000100
0.000097
0.000098
0.000099
0.018857
0.000247
0.000133
0.000108
0.000103
0.000100
0.000101
0.003326
0.011769
0.016600
0.013175
0.015717
0.013681
0.014506
0.089297
0.029142
0.000237
0.000117
0.000105
0.000105
0.029942
0.000238
0.004119
0.000237
0.009637
0.014871
0.017445
0.013224
0.028948
0.009429
0.019769
0.009731
0.013754
0.103382
0.010019
0.000237
0.000125
0.000109
0.000104
0.000101
0.000102
0.013648
0.013063
0.016821
0.017159
0.023333
0.031576
0.000235
0.000118
0.021639
0.008758
0.013558
0.015598
0.018405
0.009951
0.014726
0.014413
0.174422
0.011798
0.000238
0.000116
0.000106
0.000102
0.000101
0.000100
0.000099
0.000099
0.000099
0.000101
0.007178
0.063138
0.014297
0.000261
0.000119
0.000109
0.009362
0.134497
0.009622
0.000252
0.000172
0.000112
0.000104
0.000102
0.000101
0.000102
0.004436
0.198727
0.013980
0.000249
0.000136
0.000110
0.000105
0.000102
0.000100
0.000101
0.000099
0.000100
0.000101
0.000099
0.000101
0.008557
0.013791
0.015356
0.015014
0.013942
0.020414
0.033129
0.004836
0.006498
0.010185
0.013902
0.014532
0.018706
0.080531
0.007248
0.000241
0.000118
0.000106
0.000105
0.013982
0.025342
0.005050
0.012351
0.014216
0.017076
0.014729
0.013066
0.014746
0.014569
0.111690
0.014235
0.000238
0.000117
0.000105
0.000103
0.000102
0.007696
0.005266
0.009394
0.014510
0.014495
0.112532
0.013378
0.000243
0.000119
0.000108
0.000103
0.000101
0.000101
0.059679
0.128470
0.000238
0.000119
0.008328
0.000238
0.000117
0.000107
0.000103
0.000101
0.000101
0.000100
0.000101
0.010523
0.013049
0.009295
0.014751
0.018663
0.022060
0.006055
0.021981
0.014225
0.022608
0.034798
0.007337
0.000239
0.000120
0.019397
0.012317
0.012948
0.014831
0.103693
0.007029
0.000250
0.000134
0.000110
0.000104
0.000109
0.006149
0.017633
0.013188
0.014782
0.014335
0.022623
0.011611
0.104124
0.017044
0.000237
0.000119
0.000107
0.000103
0.000102
0.000102
0.012747
0.015864
0.010091
0.012395
0.022222
0.007108
0.022927
0.007368
0.015145
0.121966
0.007569
0.000241
0.000121
0.000108
0.000103
0.000102
0.000103
0.002794
0.014301
0.017083
0.013774
0.013770
0.014744
0.017053
0.013257
0.206853
0.032566
0.000240
0.000118
0.000109
0.000103
0.000102
0.000101
0.000100
0.000102
0.000099
0.000100
0.000100
0.000102
0.004377
0.000240
0.011828
0.022280
0.003902
0.015281
0.117301
0.056530
0.000240
0.000124
0.000111
0.000105
0.000103
0.000102
0.010803
0.000234
0.000118
0.000109
0.004458
0.014741
0.026985
0.011963
0.048585
0.020765
0.000269
0.000123
0.004677
0.007982
0.014871
0.012478
0.015678
0.025903
0.007304
0.010382
0.015687
0.014284
0.029475
0.062307
0.020327
0.000241
0.000119
0.000108
0.000106
0.014040
0.013850
0.010512
0.012932
0.017410
0.011584
0.015143
0.016135
0.013064
0.015107
0.015896
0.013726
0.015680
0.019180
0.090243
0.066292
0.000253
0.000122
0.000110
0.000121
0.000105
0.008147
0.000248
0.000120
0.000112
0.008697
0.014442
0.019668
0.024686
0.121712
0.006889
0.000243
0.000120
0.000110
0.000107
0.000104
0.000103
0.000106
0.003095
0.016538
0.012618
0.016685
0.016909
0.011335
0.027490
0.004750
0.273255
0.000242
0.000120
0.000110
0.000106
0.000150
0.000110
0.000104
0.000102
0.000102
0.000102
0.000101
0.000102
0.000101
0.000102
0.011964
0.000242
0.000121
0.000111
0.011600
0.009772
0.014548
0.022147
0.261672
0.009755
0.000202
0.000139
0.000089
0.000084
0.000081
0.000080
0.000080
0.000079
0.000080
0.000079
0.000078
0.000078
0.000078
0.000078
0.000079
0.000080
0.002082
0.039456
0.028434
0.000245
0.060106
0.000242
0.027672
0.000250
0.000124
0.000110
0.000108
0.007495
0.013874
0.014665
0.014704
0.015772
0.017710
0.010866
0.018116
0.012066
0.291681
0.000242
0.000120
0.000107
0.000106
0.000104
0.000104
0.000102
0.000109
0.000106
0.000104
0.000102
0.000102
0.000102
0.000102
0.000103
0.015576
0.000242
0.000120
0.000112
0.113185
0.007308
0.000242
0.000119
0.000109
0.000105
0.000103
0.000106
0.009866
0.006953
0.012367
0.017699
0.012238
0.014489
0.037149
0.008519
0.000242
0.016658
0.012889
0.020881
0.024160
0.003136
0.009189
0.034044
0.008028
0.018411
0.028693
0.004327
0.000253
0.014088
0.022070
0.003527
0.014779
0.083306
0.019137
0.000238
0.000120
0.000108
0.000107
0.018191
0.010001
0.006130
0.012778
0.013109
0.015497
0.014153
0.015233
0.014413
0.014766
0.014913
0.015309
0.059877
0.009960
0.000244
0.000122
0.003488
0.084996
0.006881
0.000242
0.000121
0.000111
0.000108
0.011656
0.014748
0.466829
0.000245
0.000121
0.000109
0.000106
0.000105
0.000103
0.000103
0.000103
0.000109
0.000106
0.000104
0.000101
0.000103
0.000103
0.004994
0.000241
0.000119
0.000109
0.000106
0.000104
0.000104
0.000102
0.000103
0.000102
0.000102
0.000102
0.000102
0.000102
0.000102
0.000104
0.004189
0.010522
0.014896
0.014024
0.015888
0.014342
0.014326
0.019527
0.012272
0.032210
0.003213
0.007224
0.014233
0.015333
0.015738
0.014973
0.014346
0.015128
0.188652
0.023102
0.000252
0.000164
0.000116
0.000110
0.000107
0.000105
0.000104
0.000105
0.000103
0.000104
0.000105
0.003368
0.006836
0.013999
0.016822
0.013036
0.014319
0.293696
0.000317
0.000181
0.000121
0.000125
0.000153
0.000134
0.000108
0.000105
0.000104
0.000105
0.000104
0.000104
0.000104
0.000104
0.000105
0.005298
0.000209
0.000108
0.000090
0.024831
0.013064
0.007113
0.011382
0.027611
0.003087
0.011954
0.015403
0.023315
0.029564
0.017652
0.000247
0.008635
0.011596
0.011423
0.014803
0.015955
0.013858
0.015856
0.014453
0.018846
0.011032
0.015654
0.013101
0.016292
0.014424
0.014252
0.014935
0.033288
0.000258
0.010663
0.015657
0.014137
0.015029
0.014272
0.015586
0.016333
0.042253
0.016023
0.000251
0.000124
0.016382
0.012852
0.014357
0.015518
0.017218
0.019369
0.008379
0.014476
0.013734
0.020409
0.026164
0.000346
0.025384
0.003577
0.014946
0.024191
0.006341
0.011731
0.014914
0.016066
0.013531
0.014693
0.017224
0.015232
0.012139
0.015758
0.016007
0.015732
0.011916
0.031052
0.009718
0.005818
0.017842
0.015151
0.011526
0.013658
0.078061
0.016387
0.000243
0.000120
0.000111
0.000109
0.027346
0.006614
0.006300
0.028219
0.016198
0.006110
0.006514
0.016437
0.015936
0.011797
0.015195
0.014436
0.015158
0.017503
0.012302
0.016849
0.012386
0.015976
0.013966
0.016153
0.015611
0.014371
0.012847
0.020571
0.009103
0.015309
0.014413
0.018852
0.010826
0.017430
0.012376
0.015076
0.018867
0.012118
0.013621
0.015070
0.016496
0.013208
0.014100
0.025126
0.019029
0.003095
0.013273
0.013788
0.015683
0.015061
0.015797
0.013907
0.013894
0.015224
0.019136
0.009865
0.182539
0.010795
0.000252
0.000125
0.000114
0.000110
0.000107
0.000108
0.000107
0.000106
0.000106
0.000109
0.006462
0.056219
0.009619
0.000245
0.000124
0.006633
0.008872
0.014203
0.015443
0.015369
0.014759
0.013852
0.015101
0.016460
0.013360
0.014382
0.020351
0.010901
0.015178
0.014748
0.023200
0.005267
0.016582
0.025235
0.014907
0.003448
0.014095
0.014106
0.015076
0.014615
0.015211
0.016405
0.015116
0.013385
0.021702
0.008069
0.109942
0.010920
0.000261
0.000126
0.000115
0.000110
0.000109
0.000109
0.011445
0.016749
0.161573
0.074877
0.000247
0.000123
0.000115
0.000110
0.000156
0.000114
0.000109
0.000107
0.000108
0.012213
0.000260
0.000140
0.000116
0.000112
0.003089
0.013645
0.041102
0.003910
0.000248
0.015981
0.011055
0.016760
0.012485
0.028287
0.008706
0.007800
0.015518
0.017803
0.011096
0.015305
0.062646
0.013595
0.000248
0.000127
0.005458
0.010268
0.011315
0.015874
0.014191
0.016050
0.016618
0.011993
0.015656
0.013185
0.018899
0.011647
0.016143
0.016247
0.038781
0.063237
0.000260
0.012145
0.000256
0.000126
0.000115
0.002852
0.013746
0.013087
0.020891
0.016274
0.016009
0.008863
0.011875
0.015307
0.017137
0.015100
0.019448
0.010321
0.025903
0.006787
0.049731
0.007797
0.000247
0.000127
0.089786
0.012764
0.000252
0.000124
0.000113
0.000109
0.000110
0.015504
0.011921
0.015963
0.015079
0.012139
0.134609
0.008796
0.000252
0.000168
0.000120
0.000113
0.000111
0.000110
0.000110
0.008385
0.010734
0.014020
0.018043
0.014080
0.030085
0.000257
0.016737
0.011191
0.013955
0.031978
0.009934
0.010122
0.018747
0.013940
0.004374
0.017083
0.014045
0.039049
0.008147
0.000255
0.011681
0.013135
0.015749
0.021128
0.014848
0.007548
0.014717
0.015990
0.160362
0.010368
0.000247
0.000124
0.000115
0.000111
0.000110
0.000109
0.000115
0.000112
0.000111
0.025201
0.010279
0.005063
0.010125
0.014898
0.023326
0.163594
0.016276
0.000251
0.000124
0.000116
0.000111
0.000110
0.000109
0.000109
0.000107
0.000107
0.000109
0.007451
0.027833
0.102722
0.000248
0.007186
0.000246
0.000124
0.000114
0.000111
0.000111
0.004585
0.014597
0.055880
0.035695
0.000247
0.000129
0.059637
0.000256
0.000130
0.013428
0.000248
0.000132
0.000119
0.023735
0.004939
0.014570
0.015025
0.027150
0.030300
0.006058
0.000248
0.008903
0.014468
0.015023
0.017465
0.015759
0.012827
0.022894
0.009853
0.009673
0.015549
0.016904
0.014532
0.094561
0.017876
0.000265
0.000141
0.000117
0.000112
0.000112
0.004190
0.014895
0.016144
0.014383
0.017283
0.011263
0.032516
0.003398
0.007295
0.015628
0.014140
0.083288
0.019900
0.000247
0.000133
0.000119
0.000113
0.002640
0.020271
0.009549
0.012289
0.015793
0.021848
0.007084
0.033472
0.008192
0.016984
0.013056
0.018593
0.014701
0.000250
0.013493
0.014871
0.016177
0.025622
0.005325
0.013014
0.013408
0.015462
0.014189
0.014937
0.020592
0.013529
0.010309
0.016006
0.016383
0.013176
0.015262
0.013878
0.016166
0.015267
0.015261
0.012324
0.020051
0.009431
0.019005
0.010723
0.014962
0.035841
0.005408
0.005859
0.013848
0.082648
0.007913
0.000251
0.000127
0.000117
0.000115
0.011662
0.015903
0.014758
0.013664
0.014490
0.016705
0.014712
0.013090
0.014517
0.041715
0.006239
0.000291
0.011045
0.015873
0.014212
0.016351
0.013253
0.015860
0.015431
0.012965
0.020206
0.018585
0.007250
0.018743
0.014974
0.009416
0.324147
0.000284
0.000186
0.000128
0.000116
0.000158
0.000117
0.000112
0.000110
0.000109
0.000109
0.000109
0.000110
0.000108
0.000110
0.007582
0.000252
0.000125
0.000116
0.000113
0.000111
0.000111
0.089282
0.013323
0.000253
0.000128
0.000116
0.000163
0.000117
0.012529
0.011828
0.032169
0.004136
0.005770
0.041527
0.031072
0.000254
0.003132
0.000251
0.025221
0.007127
0.010035
0.015990
0.014483
0.015749
0.020009
0.035544
0.012570
0.000254
0.012467
0.009081
0.041494
0.035369
0.000256
0.012139
0.000254
0.000129
0.012133
0.016723
0.082708
0.031525
0.000256
0.000127
0.000119
0.000116
0.039294
0.000252
0.000128
0.000120
0.009930
0.010851
0.017752
0.012970
0.023066
0.008169
0.015492
0.011805
0.017341
0.012654
0.015471
0.013870
0.015054
0.235180
0.116095
0.000256
0.000130
0.000118
0.000115
0.000112
0.000110
0.000111
0.000117
0.000113
0.000111
0.000110
0.000109
0.000111
0.046292
0.000218
0.000103
0.000093
0.000088
0.000086
0.000087
0.000087
0.000087
0.134523
0.000261
0.000132
0.014886
0.000253
0.000125
0.000127
0.000116
0.000114
0.000111
0.000111
0.000113
0.006639
0.006348
0.014672
0.016299
0.046982
0.011786
0.000260
0.013035
0.019945
0.011875
0.007830
0.012633
0.007699
0.017754
0.014019
0.020023
0.008892
0.017181
0.014135
0.012651
0.014948
0.013839
0.015911
0.013737
0.015016
0.017134
0.027414
0.004391
0.013322
0.012132
0.016477
0.013534
0.015821
0.013758
0.018384
0.012832
0.017291
0.013137
0.014125
0.016418
0.011446
0.015038
0.016355
0.014239
0.016308
0.017709
0.012064
0.011777
0.015442
0.014715
0.014194
0.017708
0.014520
0.016649
0.011170
0.014198
0.018518
0.015034
0.012671
0.014044
0.016510
0.013172
0.014846
0.014356
0.015204
0.020789
0.012384
0.010547
0.033602
0.007952
0.007743
0.011579
0.014687
0.018494
0.011466
0.015018
0.014793
0.014493
0.016358
0.011976
0.014869
0.014842
0.041083
0.011130
0.000262
0.012374
0.010795
0.019099
0.011813
0.013064
0.013921
0.016010
0.016789
0.014630
0.012404
0.014293
0.014919
0.014728
0.014913
0.015385
0.015220
0.016562
0.013071
0.013800
0.018546
0.010964
0.016684
0.013525
0.014369
0.020592
0.010042
0.015124
0.015539
0.013249
0.014289
0.016049
0.014127
0.014423
0.043725
0.006593
0.000333
0.015363
0.008042
0.015310
0.014883
0.017981
0.011519
0.014660
0.015098
0.014265
0.018173
0.013437
0.015878
0.012090
0.015731
0.015683
0.013057
0.019619
0.010873
0.014967
0.015120
0.015727
0.014961
0.014763
0.015404
0.012101
0.016383
0.013423
0.015022
0.015060
0.015335
0.015997
0.021118
0.006783
0.016794
0.015635
0.013125
0.016118
0.013535
0.014455
0.015506
0.021911
0.013830
0.007266
0.017793
0.012331
0.014389
0.015998
0.013608
0.017440
0.013648
0.014624
0.014004
0.014760
0.015418
0.020278
0.007993
0.017682
0.012315
0.016718
0.013287
0.031624
0.011392
0.006844
0.011945
0.013520
0.016209
0.011925
0.015717
0.025009
0.004315
0.020752
0.009234
0.026242
0.011451
0.010031
0.010815
0.024452
0.004910
0.016531
0.013505
0.014303
0.015011
0.015866
0.014327
0.017407
0.011786
0.015910
0.014169
0.041499
0.004477
0.000260
0.012342
0.015135
0.014927
0.014605
0.015777
0.018092
0.012865
0.012831
0.016140
0.013251
0.014723
0.017663
0.012627
0.019068
0.011624
0.015926
0.012672
0.014323
0.017543
0.016891
0.010078
0.028713
0.004528
0.011200
0.018037
0.012128
0.015876
0.015372
0.012815
0.016374
0.014610
0.013358
0.015595
0.014938
0.014404
0.014353
0.014822
0.015637
0.017657
0.012955
0.016102
0.012490
0.014098
0.015469
0.014203
0.017526
0.012276
0.015197
0.016728
0.014077
0.013496
0.014504
0.015970
0.014329
0.014640
0.014747
0.014570
0.016544
0.016317
0.011597
0.015587
0.016079
0.012921
0.014698
0.014831
0.015634
0.014236
0.015042
0.017101
0.014668
0.012568
0.015113
0.014882
0.017910
0.012888
0.020513
0.010257
0.013283
0.016621
0.015385
0.011599
0.017306
0.018356
0.011998
0.012134
0.015799
0.013466
0.020911
0.008947
0.016092
0.016577
0.011580
0.014497
0.016480
0.019906
0.011767
0.012257
0.015995
0.015600
0.012389
0.014329
0.015636
0.014957
0.017146
0.014342
0.012738
0.014170
0.015226
0.014488
0.015570
0.014876
0.015814
0.013619
0.014855
0.021917
0.009282
0.012642
0.017485
0.012673
0.017314
0.016240
0.012699
0.013227
0.036659
0.008811
0.000261
0.014593
0.015387
0.018308
0.009834
0.014974
0.015407
0.014465
0.014268
0.016122
0.014400
0.014909
0.014540
0.016644
0.015428
0.011579
0.015743
0.013736
0.016284
0.013715
0.015984
0.016218
0.012096
0.016991
0.024305
0.008587
0.010637
0.015035
0.018161
0.011737
0.013188
0.014621
0.014868
0.047385
0.003540
0.000262
0.008661
0.014856
0.020171
0.010821
0.014906
0.014913
0.013921
0.014387
0.014850
0.015000
0.016406
0.012912
0.021100
0.010802
0.013804
0.013594
0.015180
0.015360
0.015873
0.013731
0.014978
0.017593
0.030448
0.024243
0.000276
0.006158
0.010285
0.014912
0.030181
0.010323
0.005995
0.018192
0.009094
0.014941
0.024591
0.007161
0.014386
0.013879
0.014991
0.013773
0.014511
0.014991
0.015343
0.014945
0.014127
0.018363
0.011945
0.016812
0.014632
0.014471
0.014048
0.024172
0.008006
0.012156
0.014217
0.014403
0.014608
0.016166
0.013557
0.017358
0.013628
0.013745
0.020693
0.009031
0.019159
0.030783
0.004549
0.009594
0.009838
0.015777
0.013983
0.016035
0.014357
0.014883
0.014226
0.015303
0.019813
0.010524
0.015273
0.013726
0.021393
0.007747
0.014578
0.015422
0.019384
0.010881
0.015396
0.014746
0.015556
0.013938
0.018017
0.024048
0.006922
0.008831
0.016112
0.015246
0.013668
0.014986
0.015914
0.013177
0.017355
0.012994
0.014302
0.014625
0.016841
0.013192
0.025964
0.005480
0.013073
0.015292
0.016558
0.013472
0.014628
0.077390
0.008650
0.000271
0.000140
0.000126
0.006667
0.011561
0.013917
0.014236
0.015481
0.021836
0.008864
0.014811
0.023031
0.006090
0.020828
0.007918
0.017074
0.012010
0.017126
0.018035
0.012504
0.014111
0.012583
0.017627
0.012709
0.015108
0.025319
0.009253
0.009584
0.020027
0.018183
0.005827
0.031896
0.006170
0.006542
0.014885
0.017190
0.012687
0.015261
0.014446
0.014379
0.014836
0.017506
0.012213
0.016150
0.013859
0.018892
0.012930
0.012447
0.014744
0.021770
0.007991
0.017634
0.013482
0.013736
0.016140
0.015087
0.012806
0.016795
0.014285
0.014145
0.024222
0.011191
0.008375
0.019398
0.012023
0.013699
0.014173
0.016910
0.014404
0.013522
0.015426
0.013802
0.016403
0.014324
0.016229
0.014369
0.013759
0.016372
0.012960
0.014255
0.014864
0.015159
0.018076
0.019646
0.007104
0.014617
0.016594
0.012620
0.019633
0.012096
0.012774
0.016068
0.013645
0.015267
0.028354
0.008683
0.007445
0.023147
0.005964
0.014991
0.015168
0.018846
0.013038
0.016420
0.010374
0.015290
0.016235
0.013342
0.021500
0.019720
0.005592
0.012355
0.014999
0.017696
0.017301
0.010063
0.015804
0.014821
0.014519
0.013706
0.014574
0.019299
0.010286
0.014956
0.014655
0.015068
0.014802
0.015209
0.015679
0.023554
0.005762
0.015618
0.013520
0.019836
0.026039
0.052626
0.000262
0.000134
0.000126
0.006885
0.012415
0.015858
0.013738
0.026496
0.023484
0.005958
0.006661
0.016046
0.012239
0.014317
0.015789
0.013215
0.015407
0.016315
0.013391
0.013470
0.018787
0.012696
0.017127
0.011622
0.013940
0.014638
0.019086
0.064155
0.000262
0.000135
0.000127
0.005385
0.014788
0.014768
0.020153
0.012875
0.011603
0.015414
0.014048
0.015053
0.015169
0.014938
0.016016
0.013651
0.015663
0.013934
0.014299
0.020448
0.049383
0.011222
0.000267
0.000138
0.009845
0.012491
0.015236
0.014594
0.018008
0.013331
0.072404
0.018253
0.000274
0.000139
0.000129
0.009133
0.009848
0.012591
0.009702
0.014170
0.015168
0.016966
0.014713
0.012466
0.014896
0.016766
0.013086
0.017107
0.019007
0.007758
0.016650
0.014451
0.013790
0.015007
0.015671
0.013624
0.015544
0.018858
0.010028
0.015021
0.016498
0.014295
0.014050
0.014703
0.020331
0.011179
0.013466
0.015538
0.026713
0.017750
0.000186
0.021215
0.014095
0.016332
0.006439
0.016363
0.013628
0.014542
0.014373
0.018060
0.011664
0.015983
0.017638
0.025173
0.005759
0.010705
0.013732
0.017709
0.029124
0.012443
0.004241
0.010791
0.014659
0.016791
0.013663
0.014221
0.016227
0.013394
0.016908
0.014373
0.016261
0.012326
0.014921
0.015076
0.015688
0.012880
0.018643
0.013212
0.020831
0.008855
0.024118
0.005817
0.012794
0.026202
0.013063
0.005679
0.014006
0.016059
0.020387
0.009195
0.014228
0.014356
0.022546
0.015212
0.008890
0.013201
0.017385
0.013419
0.013468
0.016050
0.022782
0.006480
0.016003
0.013969
0.015715
0.016027
0.013582
0.013131
0.021483
0.007710
0.020728
0.009557
0.017371
0.012125
0.016987
0.012567
0.029660
0.007583
0.008468
0.014712
0.013250
0.015794
0.016891
0.011963
0.015678
0.016171
0.012503
0.014885
0.014707
0.016723
0.014873
0.013284
0.017978
0.012887
0.019078
0.012522
0.012588
0.014366
0.019237
0.014045
0.010782
0.021211
0.009698
0.015657
0.013333
0.014021
0.038680
0.004145
0.006267
0.010987
0.014270
0.017583
0.011996
0.015951
0.015030
0.014534
0.014394
0.016613
0.013565
0.016074
0.018156
0.012936
0.011191
0.018651
0.016476
0.012237
0.011926
0.015725
0.014566
0.014956
0.016140
0.013603
0.017789
0.012672
0.014327
0.014870
0.013965
0.015097
0.015031
0.017390
0.014716
0.040451
0.005664
0.000300
0.023012
0.005709
0.011296
0.066954
0.007298
0.000285
0.000145
0.003030
0.017111
0.008819
0.016046
0.015383
0.020504
0.008879
0.063689
0.008543
0.000266
0.000141
0.005308
0.010154
0.015781
0.015960
0.012834
0.017812
0.016168
0.010429
0.014100
0.016318
0.013467
0.017818
0.013896
0.013487
0.016875
0.014770
0.016568
0.012589
0.013978
0.013721
0.015187
0.014510
0.016505
0.016718
0.012402
0.014174
0.014774
0.016296
0.015564
0.012532
0.029128
0.007205
0.012752
0.010308
0.016044
0.013172
0.015781
0.013764
0.016136
0.026441
0.051953
0.006949
0.000265
0.000169
0.007171
0.009599
0.017666
0.017744
0.011674
0.013950
0.013290
0.081718
0.008420
0.000276
0.000141
0.000129
0.000127
0.020019
0.008080
0.025199
0.006324
0.013323
0.014386
0.015715
0.015314
0.015422
0.016152
0.012770
0.014178
0.014831
0.019787
0.011662
0.012638
0.014814
0.014998
0.015807
0.013718
0.036154
0.003000
0.006698
0.013515
0.014738
0.015218
0.016009
0.014994
0.015506
0.014944
0.013425
0.014116
0.016391
0.012871
0.017702
0.013567
0.015662
0.014369
0.013228
0.018485
0.013720
0.019969
0.007655
0.014175
0.016599
0.014168
0.014833
0.015190
0.014428
0.039423
0.005972
0.000268
0.015179
0.014891
0.013856
0.018001
0.012396
0.019434
0.010186
0.013543
0.016414
0.011841
0.019812
0.011148
0.027388
0.014677
0.006721
0.017344
0.011458
0.014097
0.035634
0.004134
0.011562
0.071604
0.012575
0.000275
0.000142
0.000199
0.000133
0.097869
0.011212
0.000285
0.000146
0.000131
0.000126
0.000127
0.005489
0.012344
0.014709
0.019420
0.010973
0.013919
0.014589
0.014624
0.015093
0.014478
0.017298
0.012989
0.015214
0.018113
0.010931
0.016017
0.015145
0.025179
0.003876
0.028134
0.021176
0.004114
0.005668
0.015649
0.014704
0.016322
0.011534
0.017106
0.015344
0.011996
0.017133
0.015484
0.013120
0.013728
0.016357
0.013662
0.014670
0.014860
0.026073
0.004031
0.016597
0.017559
0.015443
0.009068
0.014842
0.017960
0.011716
0.020746
0.027023
0.012187
0.005319
0.009732
0.016307
0.018599
0.009391
0.019668
0.010514
0.013581
0.014818
0.017135
0.013471
0.017636
0.012253
0.132873
0.006834
0.000269
0.000140
0.000132
0.000140
0.000124
0.000125
0.000125
0.006467
0.014776
0.016647
0.013935
0.013759
0.015066
0.014478
0.018012
0.015099
0.018995
0.007539
0.016070
0.013319
0.015246
0.016092
0.013982
0.017731
0.011092
0.017560
0.013712
0.029212
0.009571
0.014576
0.006419
0.037057
0.002962
0.003180
0.019323
0.011456
0.015673
0.013037
0.014110
0.015159
0.014703
0.020581
0.015546
0.007968
0.015819
0.014264
0.015347
0.017006
0.011968
0.016437
0.016366
0.012411
0.013709
0.014885
0.017384
0.013286
0.017091
0.011675
0.015728
0.014264
0.015016
0.014810
0.014197
0.018277
0.011208
0.017697
0.012469
0.014462
0.015943
0.014238
0.015436
0.013707
0.016351
0.405235
0.000271
0.000150
0.000132
0.000128
0.000126
0.000125
0.000123
0.000125
0.000123
0.000124
0.000123
0.000124
0.000123
0.000124
0.012931
0.000270
0.000142
0.000130
0.000127
0.000125
0.000125
0.000125
0.000124
0.000245
0.000130
0.000125
0.000126
0.013018
0.015840
0.009900
0.012695
0.018527
0.014197
0.013910
0.013845
0.015465
0.013294
0.017657
0.014422
0.012185
0.017035
0.013068
0.014532
0.016146
0.014435
0.014003
0.016612
0.012835
0.015882
0.014614
0.016686
0.018520
0.008981
0.015672
0.013436
0.016021
0.014824
0.013661
0.015835
0.013753
0.016721
0.024288
0.003730
0.019765
0.010100
0.015366
0.017616
0.027572
0.002971
0.012099
0.014452
0.013238
0.014718
0.041091
0.006615
0.005517
0.012973
0.009973
0.013367
0.024980
0.009456
0.009564
0.016001
0.019703
0.008929
0.019479
0.010213
0.015035
0.015232
0.014049
0.019440
0.010545
0.034143
0.012700
0.004772
0.009377
0.013943
0.013831
0.014891
0.015496
0.014720
0.016326
0.014864
0.016871
0.018965
0.010918
0.031735
0.007198
0.007126
0.011534
0.013017
0.017411
0.012448
0.014711
0.016281
0.014713
0.013607
0.014038
0.018299
0.011887
0.018371
0.013827
0.012809
0.014009
0.014667
0.028523
0.009928
0.010563
0.044963
0.004506
0.000275
0.006258
0.018280
0.020893
0.017349
0.017211
0.017398
0.016151
0.007762
0.005050
0.012583
0.025119
0.009023
0.018303
0.012537
0.069160
0.034568
0.000283
0.000147
0.000134
0.000128
0.002398
0.006909
0.014542
0.019896
0.031541
0.003191
0.016815
0.011745
0.025893
0.000281
0.015499
0.015905
0.013664
0.020323
0.004649
0.016183
0.013824
0.014034
0.014991
0.020598
0.007969
0.024088
0.059040
0.007335
0.000276
0.000143
0.000135
0.015066
0.023707
0.007425
0.011374
0.014531
0.019061
0.010772
0.024129
0.010534
0.018184
0.009713
0.020288
0.013503
0.008499
0.013966
0.016564
0.013143
0.028530
0.007855
0.007799
0.019156
0.014519
0.011257
0.017023
0.013665
0.015648
0.015407
0.015221
0.014524
0.012110
0.015218
0.023269
0.007579
0.013903
0.013978
0.015505
0.017312
0.012618
0.018470
0.014680
0.011354
0.014765
0.014379
0.020072
0.013096
0.011148
0.015333
0.015779
0.013429
0.014806
0.016907
0.015067
0.022540
0.005695
0.014490
0.017242
0.012709
0.015845
0.013181
0.015624
0.013866
0.017516
0.012276
0.017980
0.012143
0.046628
0.052074
0.000281
0.000163
0.016745
0.000285
0.000148
0.005504
0.011708
0.014611
0.030279
0.030752
0.014285
0.000279
0.046142
0.007440
0.000292
0.000149
0.004804
0.013773
0.016011
0.016116
0.017386
0.011776
0.013037
0.014829
0.016907
0.012935
0.014757
0.017963
0.015933
0.015473
0.022474
0.024368
0.016428
0.013035
0.000297
0.032499
0.000281
0.005445
0.014668
0.016521
0.012823
0.014729
0.014450
0.019509
0.013602
0.012187
0.017681
0.015590
0.023724
0.005157
0.097469
0.051209
0.000278
0.000145
0.000136
0.000141
0.000135
0.011723
0.000304
0.000219
0.000139
0.017606
0.015823
0.011694
0.011850
0.015802
0.014090
0.015010
0.023743
0.010689
0.021870
0.004819
0.036875
0.004903
0.002928
0.012370
0.016240
0.016868
0.011475
0.015672
0.017514
0.010988
0.015090
0.014981
0.017439
0.017591
0.010385
0.018883
0.010779
0.021887
0.009118
0.012754
0.056800
0.024412
0.000280
0.000146
0.004331
0.017355
0.007883
0.007863
0.023475
0.007330
0.012790
0.020629
0.010279
0.016750
0.011739
0.016220
0.015036
0.021030
0.008812
0.014129
0.019532
0.009096
0.015464
0.014026
0.019962
0.009801
0.015105
0.016723
0.013471
0.016676
0.012472
0.017610
0.011977
0.014876
0.015607
0.014261
0.014209
0.015185
0.016010
0.014271
0.014264
0.015855
0.013333
0.014834
0.016904
0.015890
0.014473
0.013509
0.013444
0.014823
0.014680
0.016470
0.013124
0.015181
0.014539
0.015017
0.015976
0.014775
0.016592
0.035788
0.003668
0.006728
0.011155
0.013981
0.016756
0.045355
0.007478
0.000277
0.007482
0.011531
0.020632
0.010507
0.013681
0.017306
0.012440
0.014751
0.017482
0.016142
0.013760
0.011886
0.015827
0.015693
0.013958
0.120189
0.010371
0.000279
0.000145
0.000136
0.000131
0.000130
0.000131
0.004412
0.011825
0.014676
0.014849
0.015681
0.013637
0.014969
0.015529
0.013737
0.043415
0.003951
0.000277
0.013438
0.018049
0.018669
0.005986
0.020285
0.014196
0.012804
0.062982
0.023780
0.000286
0.000221
0.000140
0.017547
0.000281
0.015777
0.028109
0.008457
0.022758
0.000296
0.011736
0.015682
0.012804
0.016124
0.012853
0.016284
0.016587
0.017680
0.009237
0.034636
0.003727
0.007087
0.014572
0.013674
0.014500
0.017470
0.013221
0.016760
0.012032
0.016146
0.024335
0.006122
0.012521
0.014854
0.015486
0.015512
0.016221
0.015550
0.011311
0.030203
0.006439
0.010201
0.014417
0.015109
0.066344
0.006347
0.000279
0.000148
0.000140
0.014473
0.015037
0.015172
0.014410
0.016005
0.012751
0.015106
0.015399
0.020226
0.010030
0.013519
0.014707
0.015024
0.015523
0.014926
0.015902
0.016864
0.037715
0.022274
0.000281
0.000150
0.010889
0.046328
0.010136
0.000284
0.005680
0.010564
0.014833
0.016071
0.014434
0.014007
0.014820
0.016748
0.013702
0.014456
0.014826
0.015182
0.013888
0.016092
0.014303
0.015065
0.014432
0.021313
0.008227
0.015712
0.015158
0.015074
0.015942
0.014460
0.014260
0.013025
0.015010
0.016566
0.013048
0.016783
0.097319
0.010964
0.000308
0.000156
0.000140
0.000134
0.000134
0.007673
0.032447
0.003360
0.008459
0.015089
0.018057
0.016394
0.010234
0.041179
0.003434
0.013672
0.008466
0.008922
0.014932
0.013424
0.019471
0.010084
0.015010
0.015183
0.017713
0.011434
0.015883
0.018214
0.010647
0.019536
0.011097
0.014916
0.013855
0.016012
0.014183
0.014041
0.017021
0.016928
0.011010
0.016732
0.014626
0.014154
0.017880
0.010728
0.017632
0.014747
0.023749
0.015751
0.019898
0.015292
0.010141
0.007081
0.030814
0.013955
0.000290
0.017502
0.006730
0.017162
0.012476
0.013864
0.016262
0.014402
0.016953
0.012984
0.013881
0.015726
0.014719
0.013910
0.017349
0.014023
0.012919
0.015875
0.014620
0.014633
0.014932
0.016830
0.015934
0.012283
0.019612
0.014347
0.010583
0.013881
0.014809
0.035847
0.003181
0.009936
0.013454
0.012229
0.016588
0.018126
0.009396
0.014594
0.015770
0.013884
0.015689
0.026911
0.006356
0.010379
0.018743
0.028908
0.015570
0.005231
0.008633
0.015743
0.012025
0.013864
0.015739
0.017432
0.012131
0.015531
0.015582
0.015043
0.013985
0.013664
0.015497
0.015879
0.014878
0.020488
0.007303
0.015113
0.014385
0.015752
0.028551
0.016470
0.007910
0.006192
0.014101
0.015028
0.014947
0.015707
0.014066
0.023488
0.006096
0.014723
0.015874
0.014689
0.015106
0.013876
0.018551
0.010833
0.015918
0.014824
0.013663
0.019292
0.012957
0.012659
0.017084
0.012310
0.015006
0.037503
0.005267
0.008552
0.008622
0.024768
0.006100
0.013206
0.015850
0.017513
0.015697
0.010285
0.015608
0.014513
0.013733
0.015870
0.016096
0.020004
0.009731
0.013074
0.017189
0.014185
0.013057
0.014857
0.018858
0.010496
0.017951
0.013404
0.015528
0.013845
0.014314
0.015315
0.013303
0.014870
0.014982
0.014773
0.014663
0.015954
0.014207
0.020585
0.008537
0.014772
0.014942
0.028798
0.005546
0.018201
0.013762
0.024235
0.043522
0.000286
0.000153
0.003781
0.010499
0.017608
0.059541
0.006391
0.000285
0.000150
0.006401
0.016798
0.016881
0.011431
0.016271
0.013788
0.012697
0.035237
0.006706
0.010958
0.009020
0.012774
0.016145
0.012537
0.016194
0.020050
0.008854
0.014805
0.015689
0.017294
0.012391
0.013603
0.018851
0.019297
0.006005
0.016806
0.013861
0.014343
0.018680
0.014155
0.031486
0.000283
0.020995
0.010043
0.078691
0.011378
0.000289
0.000150
0.000141
0.000139
0.007449
0.013978
0.016989
0.026615
0.007930
0.009482
0.012421
0.014649
0.015897
0.016571
0.014822
0.034608
0.004846
0.007682
0.009422
0.017664
0.020650
0.007419
0.015497
0.013946
0.015547
0.013274
0.015161
0.014572
0.019230
0.019164
0.008847
0.013045
0.014859
0.035498
0.013331
0.000288
0.011970
0.014770
0.016888
0.015854
0.011768
0.017092
0.012849
0.011512
0.015619
0.014836
0.014442
0.016201
0.027425
0.006851
0.008654
0.016210
0.014259
0.013997
0.016719
0.013274
0.014463
0.017089
0.013856
0.013477
0.015088
0.019692
0.015333
0.009692
0.014185
0.014771
0.015379
0.016600
0.015179
0.015057
0.012963
0.014447
0.014846
0.014680
0.014472
0.018799
0.022255
0.007697
0.025007
0.008269
0.010931
0.011643
0.015976
0.013744
0.014592
0.014691
0.014407
0.017122
0.012523
0.014875
0.016575
0.020229
0.008888
0.015706
0.017506
0.013674
0.019760
0.007224
0.017314
0.012598
0.013727
0.018011
0.012010
0.015527
0.014215
0.014958
0.014780
0.016333
0.014312
0.015415
0.024060
0.007540
0.013239
0.012664
0.016030
0.014186
0.018288
0.019577
0.036042
0.009385
0.000290
0.005451
0.019825
0.026244
0.005821
0.007368
0.015461
0.017811
0.010601
0.020320
0.028065
0.005041
0.009226
0.013875
0.012748
0.015121
0.014572
0.017405
0.017049
0.033685
0.005875
0.012079
0.033003
0.014728
0.000291
0.000153
0.013736
0.021185
0.013423
0.010488
0.016812
0.017183
0.010765
0.013943
0.016344
0.013575
0.015067
0.014364
0.034874
0.008735
0.003973
0.011820
0.019179
0.014895
0.012019
0.013989
0.015424
0.027921
0.004128
0.013874
0.026990
0.006739
0.026905
0.019634
0.004584
0.042452
0.013994
0.000284
0.000152
0.006704
0.028777
0.006922
0.031329
0.005253
0.000312
0.013678
0.024827
0.016550
0.034531
0.026185
0.000319
0.011201
0.000297
0.025164
0.024034
0.008214
0.000284
0.021273
0.014835
0.016626
0.003082
0.021367
0.008517
0.010377
0.016648
0.013024
0.039368
0.029159
0.000289
0.011474
0.000287
0.008184
0.021736
0.013393
0.011892
0.054196
0.044298
0.000293
0.000154
0.010063
0.000288
0.000152
0.010097
0.012979
0.020540
0.007234
0.015168
0.023857
0.014014
0.032466
0.013492
0.000301
0.099530
0.051778
0.000291
0.000155
0.000143
0.000139
0.000138
0.000138
0.013704
0.000313
0.000160
0.015668
0.042509
0.020271
0.000300
0.000166
0.064439
0.033038
0.000303
0.000158
0.000146
0.019945
0.000284
0.000153
0.005148
0.038783
0.044810
0.000289
0.012496
0.000283
0.000153
0.009216
0.028598
0.005822
0.006005
0.019112
0.010770
0.033546
0.006826
0.000297
0.012741
0.014583
0.016466
0.020744
0.010800
0.017701
0.039675
0.004542
0.000290
0.011340
0.016861
0.010155
0.015253
0.020195
0.013482
0.048952
0.018025
0.000292
0.000156
0.010163
0.008530
0.021348
0.013393
0.009150
0.015212
0.016058
0.026725
0.009094
0.009684
0.011598
0.017054
0.013210
0.014376
0.014934
0.016029
0.015329
0.049727
0.012401
0.000284
0.000155
0.009465
0.020119
0.010897
0.013649
0.038759
0.011022
0.000330
0.025178
0.020509
0.005936
0.010732
0.009242
0.029753
0.010207
0.012197
0.009905
0.008712
0.014943
0.017561
0.015196
0.018694
0.013199
0.010146
0.018709
0.011419
0.015079
0.018247
0.010811
0.022616
0.011264
0.011714
0.020058
0.011849
0.014427
0.012242
0.015355
0.219327
0.012684
0.000302
0.000154
0.000147
0.000141
0.000140
0.000139
0.000146
0.000141
0.000139
0.000137
0.000137
0.000137
0.000138
0.022362
0.122350
0.000308
0.025488
0.000290
0.000152
0.000143
0.000141
0.000138
0.000138
0.000138
0.007403
0.103978
0.067906
0.000294
0.000163
0.000149
0.000142
0.000139
0.000141
0.101906
0.000290
0.000156
0.000146
0.000143
0.008483
0.000293
0.000156
0.000145
0.000141
0.000140
0.000141
0.013378
0.142047
0.011803
0.000299
0.000165
0.000147
0.000140
0.000139
0.000138
0.000137
0.000139
0.119628
0.000286
0.000153
0.000144
0.000140
0.000139
0.000140
0.004886
0.133719
0.000290
0.000154
0.000144
0.000140
0.000139
0.000233
0.000142
0.000139
0.003497
0.009757
0.106138
0.000335
0.000158
0.000146
0.000141
0.000140
0.000141
0.019265
0.047078
0.100026
0.000299
0.000157
0.021285
0.000301
0.000157
0.000145
0.000141
0.000149
0.013695
0.000289
0.068682
0.013915
0.000289
0.000155
0.000152
0.000144
0.178043
0.011925
0.000310
0.000161
0.000146
0.000141
0.000140
0.000138
0.000138
0.000140
0.000137
0.000146
0.000232
0.008068
0.016570
0.035427
0.023216
0.000293
0.004943
0.059054
0.011447
0.000288
0.000154
0.000146
0.013672
0.036009
0.007163
0.000438
0.014972
0.350688
0.000300
0.000158
0.000145
0.000232
0.000146
0.000141
0.000138
0.000139
0.000137
0.000138
0.000138
0.000137
0.000138
0.000138
0.000139
0.017759
0.000285
0.000155
0.000145
0.000143
0.000139
0.000140
0.000140
0.012157
0.005895
0.010099
0.019503
0.008907
0.015493
0.017753
0.021085
0.007707
0.052602
0.031264
0.000310
0.000163
0.027190
0.000322
0.017769
0.000376
0.007306
0.013235
0.012995
0.013328
0.018518
0.011523
0.015195
0.681895
0.000307
0.000161
0.000159
0.000145
0.000141
0.000139
0.000139
0.000147
0.000138
0.000139
0.000137
0.000138
0.000138
0.000139
0.005598
0.000309
0.000161
0.000147
0.000142
0.000148
0.000143
0.000141
0.000139
0.000140
0.000139
0.000139
0.000138
0.000139
0.000139
0.000138
0.000139
0.000139
0.000138
0.000139
0.000139
0.000138
0.000139
0.000139
0.000139
0.000138
0.000139
0.000128
0.000110
0.000108
0.000110
0.002315
0.016530
0.029089
0.010843
0.009472
0.015193
0.009889
0.015834
0.020796
0.059411
0.010247
0.000306
0.000202
0.000151
0.015823
0.014565
0.008145
0.013962
0.014618
0.024717
0.023631
0.004880
0.006773
0.016551
0.018500
0.010976
0.025319
0.009165
0.009342
0.066964
0.019544
0.000291
0.000156
0.000147
0.006048
0.013124
0.012109
0.014169
0.018223
0.011278
0.017191
0.028494
0.016047
0.007265
0.005861
0.016085
0.012728
0.122175
0.006345
0.000294
0.000156
0.000146
0.000142
0.000141
0.000142
0.057023
0.267943
0.000310
0.000162
0.000146
0.000241
0.000160
0.000142
0.000141
0.000141
0.000140
0.000140
0.000140
0.000140
0.000139
0.000149
0.000140
0.000139
0.000138
0.000109
0.071522
0.000297
0.000159
0.007543
0.000303
0.000160
0.000300
0.000151
0.011224
0.024647
0.009731
0.016036
0.009849
0.037787
0.007452
0.008906
0.019961
0.015743
0.011832
0.013416
0.007534
0.013331
0.014766
0.013707
0.014867
0.014736
0.014427
0.017207
0.016779
0.017303
0.008916
0.020113
0.010012
0.032873
0.012094
0.026860
0.007673
0.000296
0.076042
0.011070
0.000312
0.000161
0.000148
0.000146
0.007547
0.015754
0.013851
0.024987
0.173086
0.059633
0.000308
0.000162
0.000148
0.000144
0.000143
0.000140
0.000141
0.000139
0.000140
0.000140
0.009078
0.000323
0.000162
0.000149
0.023684
0.022043
0.000297
0.008118
0.008118
0.017761
0.034378
0.003825
0.000300
0.014285
0.016984
0.026978
0.006908
0.013676
