-164.190000, 124.920000, 71.870000
-160.960000, 126.820000, 75.690000
-163.610000, 129.020000, 80.480000
-168.880000, 133.480000, 86.150000
-172.210000, 137.630000, 92.110000
-173.200000, 137.540000, 97.900000
-176.950000, 133.130000, 106.270000
-181.510000, 123.190000, 116.070000
-191.610000, 106.250000, 127.450000
-205.400000, 87.640000, 139.740000
-212.240000, 72.670000, 154.410000
-209.730000, 53.470000, 169.480000
-200.420000, 21.100000, 187.610000
-186.320000,-20.960000, 210.030000
-171.450000,-64.100000, 235.700000
-138.530000,-98.820000, 250.120000
-88.020000,-126.190000, 250.120000
-35.700000,-151.690000, 250.120000
 0.120000,-168.210000, 250.120000
 24.490000,-177.450000, 250.120000
 42.910000,-178.450000, 250.120000
 51.130000,-180.380000, 250.120000
 50.450000,-179.880000, 250.120000
 41.220000,-178.920000, 250.120000
 24.290000,-170.630000, 250.120000
 16.750000,-153.490000, 250.120000
 27.230000,-128.770000, 250.120000
 41.420000,-93.550000, 250.120000
 57.720000,-55.770000, 250.120000
 66.740000,-19.050000, 250.120000
 81.300000, 8.580000, 222.780000
 97.100000, 34.200000, 194.580000
 107.090000, 58.310000, 166.800000
 111.120000, 88.380000, 136.700000
 125.000000, 133.240000, 101.600000
 154.000000, 184.610000, 61.860000
 188.480000, 245.000000, 23.400000
 203.060000, 250.120000,-10.830000
 192.590000, 250.120000,-44.040000
 160.870000, 250.120000,-69.030000
 250.120000,-248.950000,-70.820000
 250.120000,-63.490000,-3.590000
-56.090000, 195.270000,-16.410000
-97.540000, 118.600000, 34.190000
 41.900000, 22.780000, 27.630000
 11.350000, 65.310000, 18.660000
-14.530000, 88.700000, 20.830000
 35.230000, 82.160000, 6.720000
 60.320000, 64.560000,-11.210000
 59.280000, 44.190000,-14.830000
 48.920000, 37.460000,-10.350000
 35.350000, 38.070000,-3.300000
 22.640000, 38.290000, 4.840000
 15.890000, 33.650000, 12.110000
 10.410000, 26.740000, 16.860000
 9.310000, 17.480000, 21.390000
 13.480000, 7.120000, 24.690000
 14.900000, 2.580000, 25.870000
 14.290000, 3.350000, 25.010000
 10.440000, 8.440000, 22.220000
 6.450000, 12.130000, 19.340000
 4.640000, 12.400000, 13.800000
 3.700000, 5.520000, 9.670000
 3.300000, 3.830000, 4.970000
 2.980000, 4.670000, 1.640000
 4.080000, 7.160000,-1.050000
 7.950000, 10.620000,-3.450000
 16.750000, 16.670000,-6.870000
 27.650000, 24.730000,-13.940000
 33.480000, 32.700000,-23.400000
 35.250000, 40.970000,-36.350000
 31.940000, 45.770000,-50.640000
 24.780000, 47.190000,-68.790000
 12.180000, 44.610000,-91.620000
 5.510000, 40.840000,-117.140000
 2.410000, 40.830000,-145.440000
 3.160000, 48.460000,-178.270000
 10.560000, 59.340000,-214.250000
 17.570000, 82.310000,-249.550000
 23.380000, 113.770000,-250.130000
 28.000000, 150.770000,-250.130000
 44.320000, 183.850000,-250.130000
 77.250000, 195.580000,-250.130000
 93.290000, 189.970000,-250.130000
 84.610000, 188.970000,-250.130000
 65.740000, 192.670000,-250.130000
 53.370000, 190.480000,-250.130000
 30.740000, 181.980000,-250.130000
 8.360000, 172.380000,-250.130000
-5.710000, 159.580000,-250.130000
-3.020000, 149.710000,-250.130000
 14.350000, 146.910000,-250.130000
 45.050000, 150.900000,-250.130000
 61.520000, 149.130000,-250.130000
 53.380000, 137.110000,-250.130000
 23.810000, 115.900000,-250.130000
-16.340000, 91.100000,-235.950000
-52.510000, 75.670000,-207.860000
-83.030000, 65.880000,-177.020000
-105.940000, 60.930000,-146.670000
-113.740000, 58.800000,-119.100000
-106.460000, 61.320000,-95.070000
-86.400000, 66.250000,-75.710000
-22.470000, 68.120000,-62.770000
 57.990000, 66.100000,-48.870000
 86.290000, 61.430000,-37.800000
 64.160000, 49.960000,-26.760000
 15.560000, 31.970000,-18.950000
-33.990000, 10.670000,-14.110000
-77.090000,-9.640000,-13.320000
-107.830000,-25.100000,-15.690000
-129.950000,-34.460000,-19.860000
-144.100000,-38.490000,-23.230000
-152.740000,-38.830000,-25.720000
-155.390000,-39.800000,-27.500000
-155.170000,-40.250000,-28.060000
-152.100000,-40.190000,-28.390000
-149.810000,-40.610000,-27.350000
-150.590000,-42.270000,-25.320000
-155.850000,-44.840000,-22.560000
-165.030000,-48.440000,-20.290000
-174.800000,-51.160000,-19.200000
-172.280000,-52.930000,-16.880000
-152.540000,-53.770000,-10.750000
-129.920000,-57.370000,-0.280000
-122.410000,-62.360000, 10.770000
-136.780000,-63.150000, 22.510000
-171.270000,-59.930000, 31.120000
-211.410000,-53.880000, 34.590000
-242.250000,-46.810000, 34.130000
-250.130000,-40.730000, 30.400000
-241.350000,-33.100000, 28.680000
-226.320000,-26.370000, 32.490000
-212.840000,-20.610000, 38.490000
-202.410000,-14.460000, 46.800000
-196.470000,-8.540000, 52.230000
-193.170000,-5.060000, 53.860000
-188.980000,-1.790000, 51.930000
-187.080000, 2.890000, 48.170000
-189.250000, 9.340000, 43.030000
-195.090000, 14.340000, 38.270000
-206.140000, 17.250000, 34.770000
-223.550000, 19.670000, 32.630000
-241.960000, 23.230000, 31.590000
-250.130000, 27.790000, 33.100000
-250.130000, 32.170000, 36.960000
-250.130000, 35.350000, 42.570000
-245.710000, 37.620000, 47.090000
-243.740000, 39.200000, 49.360000
-250.130000, 37.190000, 43.660000
-250.130000, 22.350000, 29.870000
-250.130000, 8.430000, 14.910000
-250.130000, 9.920000, 8.960000
-250.130000, 24.310000, 22.770000
-250.130000, 41.130000, 51.360000
-220.010000, 54.380000, 68.880000
-194.680000, 63.610000, 66.730000
-197.630000, 63.450000, 56.220000
-214.510000, 61.630000, 46.640000
-231.090000, 64.120000, 39.410000
-240.410000, 64.240000, 29.130000
-244.290000, 55.060000, 22.580000
-244.090000, 47.670000, 17.510000
-241.400000, 47.140000, 13.090000
-240.510000, 49.180000, 8.470000
-239.700000, 53.190000, 4.350000
-236.580000, 56.840000, 3.000000
-231.560000, 59.560000, 6.000000
-226.130000, 58.760000, 12.550000
-219.540000, 55.280000, 21.380000
-210.700000, 53.170000, 29.560000
-202.250000, 52.900000, 34.980000
-197.730000, 54.550000, 37.030000
-198.890000, 57.480000, 35.540000
-204.190000, 60.420000, 32.670000
-210.290000, 64.060000, 30.270000
-215.590000, 67.730000, 30.640000
-219.150000, 70.570000, 33.460000
-218.040000, 72.250000, 37.860000
-215.320000, 72.280000, 42.250000
-219.990000, 65.830000, 44.330000
-233.880000, 53.710000, 42.260000
-240.030000, 42.770000, 38.810000
-240.530000, 33.190000, 32.000000
-237.450000, 25.870000, 26.400000
-232.160000, 19.250000, 25.880000
-221.450000, 13.220000, 32.440000
-205.320000, 13.200000, 46.930000
-185.550000, 18.130000, 72.600000
-172.190000, 27.770000, 105.950000
-162.950000, 36.890000, 139.250000
-160.030000, 40.640000, 167.550000
-164.740000, 36.510000, 184.700000
-172.500000, 29.070000, 192.850000
-181.340000, 16.670000, 197.490000
-185.870000, 4.900000, 206.540000
-185.460000,-3.260000, 223.370000
-182.450000,-3.770000, 245.000000
-171.840000, 4.670000, 250.120000
-157.340000, 12.590000, 250.120000
-141.040000, 11.800000, 250.120000
-133.980000,-0.320000, 250.120000
-134.320000,-15.020000, 250.120000
-131.620000,-28.250000, 250.120000
-114.460000,-39.450000, 250.120000
-77.020000,-43.000000, 250.120000
-43.860000,-40.950000, 250.120000
-33.670000,-37.790000, 250.120000
-39.410000,-39.380000, 250.120000
-46.410000,-51.590000, 250.120000
-41.090000,-66.480000, 250.120000
-21.450000,-74.290000, 250.120000
 6.730000,-76.380000, 250.120000
 30.640000,-73.220000, 250.120000
 40.970000,-68.410000, 250.120000
 45.560000,-62.290000, 250.120000
 61.210000,-57.870000, 250.120000
 86.580000,-53.380000, 250.120000
 112.540000,-41.790000, 228.900000
 124.120000,-20.190000, 203.700000
 115.440000,-2.450000, 174.960000
 109.190000, 10.960000, 146.740000
 116.960000, 16.350000, 121.530000
 128.920000, 15.880000, 98.950000
 138.540000, 19.220000, 79.050000
 141.780000, 27.220000, 62.690000
 141.090000, 34.250000, 48.610000
 138.390000, 36.510000, 33.190000
 134.070000, 43.020000, 16.310000
 134.020000, 65.300000,-1.830000
 140.930000, 98.270000,-18.350000
 150.420000, 142.960000,-32.510000
 148.000000, 204.540000,-48.400000
 136.290000, 250.120000,-65.540000
 118.250000, 250.120000,-83.190000
 105.220000, 250.120000,-89.270000
 82.050000,-250.130000, 4.370000
-20.290000,-250.130000, 140.580000
 57.290000, 212.540000, 13.030000
-80.540000, 134.390000, 61.270000
 38.360000, 58.170000,-34.660000
 91.950000, 52.050000,-7.610000
 54.940000, 50.640000, 13.680000
 43.280000, 44.030000, 8.170000
 58.890000, 41.700000,-0.340000
 43.110000, 41.370000,-1.850000
 27.160000, 33.840000,-1.160000
 25.350000, 30.060000,-0.190000
 26.560000, 23.400000, 2.090000
 26.640000, 14.420000, 4.210000
 27.080000, 9.520000, 5.480000
 22.190000, 6.250000, 6.930000
 16.400000, 2.260000, 9.480000
 10.990000, 1.320000, 10.670000
 6.580000, 3.540000, 10.110000
 1.090000, 8.700000, 6.210000
-4.050000, 16.000000,-1.510000
-5.870000, 24.250000,-12.590000
-6.290000, 29.530000,-25.130000
-9.380000, 32.160000,-39.420000
-17.980000, 31.670000,-56.190000
-31.120000, 30.450000,-75.030000
-44.750000, 33.390000,-96.770000
-56.890000, 38.750000,-119.490000
-62.110000, 47.310000,-143.600000
-60.990000, 59.830000,-168.140000
-60.290000, 80.770000,-192.730000
-58.140000, 110.310000,-216.390000
-62.590000, 143.000000,-236.690000
-57.330000, 171.150000,-250.130000
-28.790000, 198.140000,-250.130000
 13.450000, 221.860000,-250.130000
 54.710000, 248.220000,-250.130000
 79.240000, 250.120000,-250.130000
 74.550000, 249.870000,-250.130000
 55.790000, 226.900000,-250.130000
 49.450000, 222.860000,-250.130000
 61.900000, 244.250000,-250.130000
 73.250000, 250.120000,-250.130000
 80.070000, 229.490000,-250.130000
 94.060000, 206.900000,-250.130000
 95.070000, 191.260000,-250.130000
 77.830000, 183.870000,-250.130000
 39.030000, 179.510000,-250.130000
-5.770000, 179.970000,-250.130000
-32.120000, 184.310000,-250.130000
-41.760000, 184.770000,-250.130000
-52.160000, 177.250000,-250.130000
-65.800000, 165.470000,-244.270000
-94.590000, 150.350000,-229.960000
-129.340000, 134.690000,-213.480000
-166.780000, 118.320000,-195.600000
-195.680000, 99.750000,-176.990000
-214.720000, 78.260000,-156.350000
-218.700000, 54.900000,-134.000000
-178.000000, 28.170000,-106.730000
-121.250000, 1.440000,-72.920000
-100.950000,-16.730000,-40.520000
-114.450000,-28.620000,-10.090000
-142.460000,-41.100000, 5.580000
-163.800000,-47.970000, 12.870000
-174.520000,-49.510000, 12.930000
-178.670000,-46.990000, 8.450000
-172.650000,-46.610000, 2.450000
-160.670000,-49.290000,-6.020000
-152.310000,-51.920000,-13.260000
-143.020000,-55.430000,-20.220000
-135.900000,-61.340000,-26.800000
-133.080000,-69.010000,-32.900000
-135.010000,-75.250000,-37.690000
-140.800000,-78.480000,-40.520000
-147.970000,-77.790000,-40.510000
-154.060000,-74.900000,-37.840000
-155.290000,-70.810000,-32.930000
-152.620000,-63.920000,-27.250000
-151.000000,-53.710000,-21.520000
-151.370000,-42.970000,-16.100000
-155.090000,-33.280000,-10.450000
-159.670000,-27.340000,-2.800000
-161.180000,-26.160000, 8.200000
-158.600000,-27.780000, 22.370000
-155.850000,-30.390000, 38.060000
-154.830000,-30.690000, 51.750000
-154.750000,-27.870000, 60.930000
-154.290000,-23.880000, 64.220000
-149.960000,-19.490000, 63.160000
-143.110000,-15.540000, 59.420000
-139.580000,-14.420000, 56.030000
-142.120000,-15.830000, 56.110000
-149.290000,-16.600000, 60.310000
-161.040000,-16.300000, 68.000000
-172.660000,-13.830000, 75.790000
-183.330000,-9.620000, 83.400000
-190.920000,-5.020000, 89.030000
-198.320000,-1.290000, 90.410000
-204.860000, 2.560000, 86.180000
-210.320000, 9.410000, 76.930000
-218.310000, 18.890000, 63.840000
-225.440000, 30.510000, 48.830000
-230.570000, 40.020000, 35.400000
-234.010000, 45.610000, 27.930000
-237.520000, 50.120000, 25.640000
-245.520000, 53.050000, 26.240000
-250.130000, 52.100000, 26.470000
-250.130000, 47.680000, 27.370000
-250.130000, 41.840000, 27.340000
-250.130000, 36.630000, 25.640000
-250.130000, 40.120000, 20.990000
-250.130000, 49.450000, 18.790000
-250.130000, 60.120000, 26.360000
-223.870000, 70.260000, 31.830000
-205.220000, 79.510000, 24.190000
-197.290000, 80.780000, 12.590000
-205.020000, 74.630000, 0.880000
-217.820000, 64.260000,-8.090000
-225.380000, 50.430000,-13.580000
-223.560000, 36.250000,-18.450000
-220.410000, 25.070000,-21.430000
-223.760000, 17.440000,-23.700000
-231.680000, 15.640000,-25.180000
-237.740000, 17.870000,-25.580000
-237.090000, 21.450000,-23.670000
-231.660000, 24.530000,-19.520000
-225.800000, 25.020000,-13.750000
-220.310000, 23.680000,-8.250000
-218.350000, 22.880000,-3.740000
-221.380000, 22.000000,-0.210000
-227.820000, 21.900000, 2.960000
-232.210000, 22.580000, 5.930000
-229.840000, 22.770000, 9.640000
-221.110000, 22.510000, 13.590000
-208.530000, 22.210000, 17.320000
-195.010000, 21.730000, 19.830000
-181.670000, 21.090000, 21.060000
-172.500000, 19.590000, 19.190000
-171.370000, 16.080000, 14.360000
-171.680000, 11.410000, 8.510000
-167.410000, 7.930000, 3.670000
-159.280000, 5.740000, 1.120000
-150.910000, 3.000000,-0.610000
-147.710000, 0.680000,-0.630000
-149.350000,-1.290000,-0.710000
-152.990000,-4.760000,-1.420000
-158.090000,-9.070000,-1.610000
-160.060000,-14.030000,-0.020000
-163.370000,-20.690000, 3.350000
-168.020000,-23.910000, 8.740000
-172.000000,-25.630000, 18.220000
-173.670000,-27.050000, 31.780000
-171.470000,-26.590000, 48.190000
-165.690000,-23.410000, 67.290000
-157.770000,-16.920000, 86.080000
-135.670000,-8.490000, 106.220000
-124.790000,-1.210000, 124.000000
-130.960000, 7.770000, 133.350000
-141.000000, 13.310000, 136.790000
-155.860000, 12.060000, 140.920000
-165.890000, 10.230000, 147.150000
-163.850000, 10.850000, 158.090000
-155.340000, 12.560000, 173.950000
-142.160000, 14.870000, 191.800000
-139.560000, 15.680000, 208.200000
-149.860000, 12.380000, 222.410000
-162.630000, 7.310000, 232.210000
-170.190000,-0.580000, 241.480000
-169.650000,-16.910000, 250.120000
-155.740000,-45.800000, 250.120000
-137.080000,-80.900000, 250.120000
-110.770000,-111.640000, 250.120000
-70.120000,-132.550000, 250.120000
-29.410000,-139.830000, 250.120000
-6.450000,-142.250000, 250.120000
 13.270000,-146.580000, 250.120000
 34.550000,-155.260000, 250.120000
 49.830000,-164.950000, 250.120000
 41.540000,-184.450000, 250.120000
 11.380000,-206.710000, 250.120000
-10.500000,-220.000000, 250.120000
-18.580000,-226.540000, 250.120000
-15.440000,-222.350000, 250.120000
-4.810000,-206.940000, 250.120000
 15.140000,-181.290000, 250.120000
 41.990000,-150.380000, 250.120000
 58.420000,-115.310000, 244.790000
 61.630000,-81.730000, 202.590000
 68.030000,-47.290000, 160.530000
 78.330000,-11.180000, 121.690000
 92.250000, 29.930000, 88.420000
 97.330000, 67.320000, 60.100000
 102.810000, 107.090000, 32.510000
 117.640000, 144.190000, 5.700000
 132.870000, 175.620000,-20.850000
 140.930000, 205.700000,-46.220000
 152.160000, 245.730000,-66.970000
 159.060000, 250.120000,-81.230000
 153.560000, 250.120000,-84.060000
 122.820000, 250.120000,-73.190000
 82.180000, 250.120000,-56.080000
 77.450000,-250.130000, 117.070000
 250.120000,-250.130000, 15.060000
 82.080000, 164.350000,-119.220000
-67.450000, 206.100000,-42.500000
-55.630000, 106.000000,-26.490000
 16.090000, 59.600000,-54.420000
 18.610000, 34.840000,-54.850000
-12.810000, 18.670000,-39.880000
-7.210000, 17.610000,-37.590000
 11.970000, 15.830000,-39.990000
 20.160000, 10.360000,-37.540000
 12.160000, 2.960000,-27.510000
 2.320000, 4.310000,-14.770000
-4.600000, 10.550000,-0.800000
-9.880000, 18.720000, 11.400000
-12.760000, 27.490000, 18.460000
-8.720000, 35.740000, 20.050000
-0.030000, 42.070000, 15.650000
 12.230000, 48.140000, 8.320000
 22.540000, 55.630000,-0.830000
 31.990000, 65.310000,-11.030000
 36.410000, 78.250000,-23.980000
 35.170000, 88.250000,-39.060000
 30.610000, 94.840000,-54.190000
 23.500000, 96.540000,-68.470000
 16.300000, 99.830000,-80.250000
 8.680000, 109.560000,-92.040000
-3.350000, 119.800000,-103.290000
-11.450000, 126.200000,-115.430000
-8.630000, 133.020000,-124.740000
-12.000000, 149.050000,-134.130000
-14.100000, 160.580000,-137.390000
-21.070000, 170.880000,-145.510000
-37.750000, 195.270000,-161.480000
-50.580000, 214.570000,-170.740000
-49.160000, 228.380000,-176.050000
-45.220000, 239.480000,-180.210000
-39.510000, 250.030000,-182.780000
-32.230000, 250.120000,-184.160000
-41.020000, 250.120000,-197.000000
-51.060000, 250.120000,-212.090000
-52.140000, 250.120000,-214.930000
-34.350000, 250.120000,-215.670000
-4.870000, 234.050000,-213.970000
 24.420000, 216.660000,-216.310000
 48.710000, 206.410000,-225.020000
 54.860000, 198.230000,-238.030000
 55.990000, 194.190000,-250.130000
 60.780000, 191.120000,-250.130000
 72.860000, 180.480000,-250.130000
 86.900000, 165.730000,-250.130000
 86.410000, 153.350000,-246.860000
 67.860000, 138.950000,-225.780000
 37.350000, 124.740000,-204.800000
-9.450000, 106.700000,-182.090000
-63.050000, 88.000000,-158.460000
-108.410000, 72.190000,-134.840000
-130.280000, 59.160000,-113.640000
-130.710000, 51.770000,-94.690000
-111.700000, 46.350000,-81.830000
-50.610000, 39.770000,-71.690000
 7.410000, 36.980000,-66.000000
 48.810000, 35.210000,-59.480000
 61.820000, 30.670000,-53.390000
 44.200000, 16.250000,-45.900000
 2.450000,-5.170000,-36.250000
-46.760000,-28.250000,-26.270000
-83.540000,-50.570000,-14.290000
-118.080000,-68.220000,-2.510000
-153.040000,-81.830000, 9.030000
-182.990000,-87.330000, 18.560000
-199.030000,-84.980000, 26.620000
-203.120000,-74.480000, 35.580000
-200.200000,-60.940000, 46.900000
-188.880000,-47.060000, 60.940000
-172.540000,-35.140000, 75.990000
-158.580000,-25.700000, 88.480000
-148.150000,-18.070000, 96.560000
-147.560000,-12.750000, 99.380000
-160.430000,-7.650000, 97.680000
-181.800000,-2.900000, 91.020000
-202.890000, 1.910000, 81.380000
-216.180000, 8.450000, 71.260000
-220.640000, 17.250000, 61.940000
-222.840000, 28.270000, 56.480000
-225.940000, 37.960000, 54.080000
-229.870000, 45.930000, 53.970000
-235.750000, 51.730000, 55.520000
-242.000000, 57.090000, 57.620000
-250.010000, 63.660000, 60.150000
-250.130000, 73.720000, 63.240000
-250.130000, 77.480000, 63.510000
-250.130000, 75.540000, 55.850000
-250.130000, 72.940000, 47.290000
-156.130000, 250.120000,-250.130000
 250.120000, 250.120000,-67.750000
 250.120000, 135.680000, 16.170000
-180.940000, 64.900000,-96.820000
-250.130000, 31.800000,-93.500000
-250.130000, 46.540000,-82.610000
-164.670000, 68.390000,-87.980000
-91.580000, 65.880000,-90.160000
-48.440000, 47.270000,-92.650000
 21.830000, 35.630000,-93.090000
 44.000000, 40.930000,-88.380000
 28.300000, 37.130000,-84.190000
 7.790000, 26.900000,-79.610000
-25.190000, 14.890000,-71.890000
-38.790000, 3.060000,-61.780000
-20.090000,-0.060000,-48.870000
-18.200000, 1.160000,-42.920000
-14.830000,-5.380000,-58.640000
-0.830000, 0.220000,-39.290000
-32.480000,-2.830000,-36.030000
-80.030000,-37.880000,-37.120000
-111.530000,-30.740000,-42.900000
-129.220000,-34.380000,-42.190000
-107.250000,-41.300000,-42.460000
-113.170000,-124.930000,-62.830000
-115.930000,-100.590000,-68.990000
-45.470000,-78.820000,-106.710000
-18.500000,-59.200000,-61.650000
-93.670000,-17.320000,-69.850000
-136.640000,-95.280000,-53.690000
-209.310000,-93.430000,-50.660000
-227.870000,-97.140000,-47.640000
-204.660000,-103.100000,-40.290000
-176.930000,-100.100000,-26.500000
-162.630000,-91.910000,-9.290000
-164.860000,-84.840000, 4.970000
-171.980000,-83.060000, 16.300000
-173.330000,-82.700000, 19.470000
-168.250000,-82.540000, 17.050000
-163.250000,-82.010000, 12.940000
-169.240000,-77.060000, 11.800000
-180.160000,-69.500000, 15.330000
-183.900000,-62.220000, 22.190000
-175.540000,-56.520000, 28.120000
-164.160000,-54.770000, 30.740000
-160.890000,-58.740000, 26.680000
-166.400000,-65.100000, 19.620000
-180.990000,-72.640000, 18.380000
-190.580000,-79.990000, 22.130000
-189.510000,-83.380000, 33.190000
-189.960000,-79.250000, 44.570000
-195.330000,-72.090000, 53.130000
-204.640000,-62.780000, 58.940000
-209.310000,-51.290000, 65.910000
-212.220000,-44.490000, 76.720000
-215.350000,-38.900000, 85.650000
-224.530000,-30.680000, 94.640000
-236.120000,-22.050000, 103.220000
-242.350000,-16.990000, 112.270000
-242.370000,-16.450000, 121.930000
-229.290000,-17.480000, 137.640000
-219.110000,-9.740000, 157.250000
-206.170000, 5.900000, 173.480000
-195.290000, 22.420000, 182.600000
-188.650000, 34.420000, 187.930000
-190.980000, 45.010000, 191.470000
-195.900000, 55.840000, 195.800000
-197.700000, 64.620000, 203.250000
-195.150000, 71.210000, 211.460000
-191.070000, 72.630000, 221.280000
-185.030000, 70.350000, 233.910000
-175.930000, 60.640000, 250.120000
-170.200000, 49.660000, 250.120000
-169.170000, 40.160000, 250.120000
-176.530000, 24.670000, 250.120000
-183.900000, 4.540000, 250.120000
-175.550000,-16.290000, 250.120000
-152.310000,-33.960000, 250.120000
-131.650000,-47.510000, 250.120000
-108.060000,-60.390000, 250.120000
-85.590000,-66.710000, 250.120000
-74.710000,-78.640000, 250.120000
-72.770000,-96.180000, 250.120000
-72.810000,-119.250000, 250.120000
-75.930000,-145.300000, 250.120000
-76.760000,-169.800000, 250.120000
-66.030000,-182.580000, 250.120000
-38.130000,-183.540000, 250.120000
-15.480000,-171.560000, 250.120000
-0.810000,-162.930000, 250.120000
 12.610000,-147.930000, 250.120000
 22.540000,-127.770000, 229.140000
 32.860000,-101.420000, 194.430000
 47.450000,-71.700000, 164.630000
 72.280000,-33.760000, 138.280000
 89.560000, 6.480000, 114.940000
 97.880000, 47.240000, 87.640000
 105.980000, 83.930000, 60.440000
 115.060000, 121.960000, 33.850000
 118.380000, 160.470000, 9.580000
 132.120000, 204.540000,-9.950000
 151.350000, 247.660000,-24.410000
 160.030000, 250.120000,-36.410000
 146.510000, 250.120000,-48.760000
 120.050000, 250.120000,-56.380000
 85.640000, 250.120000,-55.770000
 87.980000, 250.120000,-60.700000
 250.120000,-250.130000, 71.760000
 250.120000,-104.370000,-56.570000
-26.450000, 237.810000,-22.320000
-143.200000, 165.290000, 15.370000
-71.220000, 132.300000,-6.950000
-17.020000, 73.090000,-11.240000
-26.850000, 44.140000,-16.450000
-21.760000, 25.830000,-10.580000
-1.190000, 18.130000,-14.760000
 22.170000, 15.410000,-21.380000
 25.020000, 7.710000,-19.230000
 8.580000, 3.860000,-10.580000
-5.970000, 8.800000, 0.620000
-14.540000, 12.930000, 11.610000
-18.000000, 9.220000, 22.080000
-19.500000, 1.110000, 28.760000
-19.370000,-7.620000, 30.220000
-14.830000,-12.430000, 26.740000
-6.610000,-13.670000, 19.570000
-0.260000,-11.200000, 10.230000
 3.340000,-4.920000, 0.210000
 6.040000, 2.220000,-10.260000
 7.900000, 7.900000,-19.870000
 4.800000, 11.860000,-27.640000
-2.670000, 15.850000,-33.670000
-10.930000, 20.250000,-39.730000
-19.310000, 25.300000,-45.700000
-28.420000, 27.810000,-52.500000
-41.110000, 28.320000,-59.980000
-52.800000, 27.800000,-71.240000
-61.290000, 28.280000,-84.420000
-62.170000, 33.370000,-99.430000
-60.410000, 44.760000,-122.440000
-53.590000, 62.390000,-151.830000
-38.880000, 79.470000,-179.930000
-16.940000, 98.530000,-205.220000
 15.090000, 118.350000,-229.510000
 47.900000, 134.040000,-250.130000
 74.860000, 152.120000,-250.130000
 80.470000, 178.720000,-250.130000
 70.610000, 201.290000,-250.130000
 62.330000, 222.340000,-250.130000
 71.290000, 239.760000,-250.130000
 91.610000, 239.800000,-250.130000
 110.110000, 222.010000,-250.130000
 114.810000, 188.860000,-250.130000
 95.970000, 156.490000,-250.130000
 77.350000, 136.830000,-250.130000
 73.650000, 136.760000,-250.130000
 80.500000, 148.800000,-250.130000
 69.280000, 160.580000,-250.130000
 16.400000, 165.190000,-250.130000
-64.830000, 165.850000,-250.130000
-158.960000, 159.930000,-250.130000
-248.080000, 148.000000,-250.130000
-250.130000, 129.430000,-250.130000
-250.130000, 114.290000,-226.770000
-250.130000, 98.780000,-185.280000
-250.130000, 80.390000,-145.880000
-250.130000, 64.260000,-109.920000
-159.580000, 45.310000,-79.690000
-71.860000, 34.060000,-51.900000
-27.920000, 30.550000,-30.090000
-27.630000, 26.190000,-15.740000
-60.060000, 17.620000,-10.410000
-101.740000, 5.760000,-11.960000
-136.410000,-5.900000,-18.830000
-158.300000,-16.540000,-28.060000
-167.870000,-27.800000,-35.450000
-167.280000,-39.120000,-38.510000
-157.530000,-48.940000,-36.100000
-146.250000,-55.670000,-28.490000
-136.000000,-62.090000,-18.110000
-128.630000,-69.250000,-8.810000
-124.400000,-75.080000,-1.700000
-128.910000,-77.850000, 2.280000
-136.990000,-81.320000, 3.290000
-144.640000,-84.740000, 2.460000
-148.250000,-86.470000, 1.510000
-150.720000,-84.580000, 2.250000
-151.330000,-80.830000, 5.300000
-148.510000,-77.510000, 9.900000
-143.140000,-74.000000, 15.780000
-138.120000,-69.410000, 22.090000
-136.380000,-63.200000, 27.310000
-138.020000,-57.750000, 30.960000
-142.450000,-53.030000, 31.800000
-146.670000,-48.220000, 30.650000
-149.310000,-44.110000, 27.630000
-152.070000,-38.570000, 23.660000
-158.480000,-31.600000, 19.830000
-167.730000,-24.960000, 18.320000
-173.620000,-19.540000, 22.120000
-173.220000,-17.530000, 31.810000
-166.380000,-20.660000, 46.670000
-156.150000,-26.060000, 63.380000
-147.950000,-30.050000, 78.540000
-144.490000,-31.890000, 89.040000
-144.600000,-29.900000, 93.350000
-144.200000,-24.540000, 93.190000
-143.590000,-16.050000, 88.920000
-144.190000,-8.520000, 80.020000
-151.280000,-3.740000, 65.790000
-154.440000,-3.400000, 49.730000
-158.270000,-6.690000, 42.190000
-163.260000,-9.340000, 42.150000
-162.540000,-2.290000, 41.440000
-160.930000, 12.080000, 41.290000
-164.510000, 26.050000, 40.950000
-169.820000, 36.640000, 40.290000
-176.130000, 42.090000, 39.430000
-184.490000, 43.780000, 38.080000
-194.900000, 45.720000, 35.310000
-199.700000, 48.840000, 32.350000
-200.700000, 53.530000, 28.250000
-196.950000, 58.010000, 23.340000
-191.640000, 61.900000, 17.840000
-181.460000, 64.760000, 13.730000
-171.940000, 61.840000, 11.780000
-171.830000, 49.120000, 13.970000
-191.080000, 33.560000, 16.830000
-226.070000, 33.780000, 14.800000
-243.830000, 47.070000, 11.090000
-235.350000, 61.030000, 10.060000
-216.610000, 70.010000, 9.410000
-203.440000, 74.160000, 7.590000
-193.790000, 77.350000, 4.960000
-194.790000, 78.510000, 2.670000
-203.710000, 77.000000,-0.930000
-212.890000, 74.260000,-4.410000
-216.610000, 69.700000,-7.450000
-213.920000, 64.320000,-10.720000
-207.060000, 57.770000,-14.250000
-201.620000, 50.230000,-18.570000
-200.000000, 42.840000,-23.570000
-204.930000, 36.330000,-27.520000
-212.820000, 32.230000,-29.450000
-217.070000, 28.320000,-28.690000
-214.120000, 23.390000,-25.960000
-207.070000, 17.800000,-22.000000
-199.210000, 11.770000,-16.800000
-191.780000, 6.660000,-11.300000
-187.220000, 3.380000,-5.120000
-187.070000, 2.990000, 1.620000
-190.390000, 2.410000, 8.590000
-193.330000, 3.040000, 14.110000
-193.600000, 5.060000, 18.000000
-190.550000, 8.020000, 20.220000
-184.670000, 10.990000, 21.220000
-177.320000, 13.000000, 21.800000
-170.580000, 13.880000, 21.460000
-164.450000, 14.770000, 19.880000
-159.170000, 14.960000, 16.740000
-154.530000, 13.940000, 12.320000
-150.490000, 12.340000, 7.780000
-148.630000, 10.740000, 5.190000
-147.180000, 9.350000, 5.470000
-146.030000, 7.890000, 8.040000
-145.430000, 7.370000, 12.970000
-142.000000, 7.090000, 21.160000
-133.350000, 4.990000, 34.190000
-119.280000,-0.230000, 50.310000
-106.720000,-7.340000, 66.750000
-104.420000,-13.410000, 82.390000
-107.880000,-18.320000, 99.050000
-104.390000,-20.690000, 117.850000
-98.220000,-25.020000, 140.850000
-93.230000,-34.060000, 170.540000
-83.960000,-42.230000, 202.400000
-75.700000,-52.700000, 228.870000
-72.680000,-62.010000, 247.580000
-64.290000,-69.490000, 250.120000
-42.610000,-72.690000, 250.120000
-15.350000,-71.580000, 250.120000
-8.080000,-77.150000, 250.120000
-23.680000,-84.950000, 250.120000
-45.540000,-93.390000, 250.120000
-63.980000,-99.020000, 250.120000
-72.230000,-102.060000, 250.120000
-72.160000,-101.510000, 250.120000
-66.290000,-100.760000, 250.120000
-67.320000,-108.070000, 250.120000
-67.690000,-115.900000, 250.120000
-68.550000,-120.540000, 250.120000
-65.380000,-120.090000, 250.120000
-54.340000,-116.670000, 250.120000
-38.520000,-108.250000, 250.120000
-20.820000,-98.190000, 250.120000
-0.820000,-87.850000, 250.120000
 15.080000,-76.390000, 250.120000
 21.810000,-65.820000, 250.120000
 25.530000,-52.590000, 242.740000
 26.320000,-37.300000, 218.020000
 33.120000,-21.700000, 194.610000
 46.810000,-9.500000, 171.480000
 60.950000,-0.210000, 149.420000
 69.770000, 9.370000, 127.490000
 74.610000, 16.350000, 106.540000
 82.420000, 18.190000, 87.660000
 97.180000, 20.340000, 71.590000
 108.100000, 22.950000, 58.190000
 111.330000, 26.380000, 45.280000
 113.650000, 28.560000, 31.310000
 118.050000, 26.610000, 17.940000
 128.190000, 23.670000, 5.060000
 140.580000, 33.350000,-9.870000
 160.250000, 61.000000,-23.430000
 176.010000, 101.830000,-40.340000
 177.610000, 149.870000,-59.260000
 173.700000, 203.480000,-76.030000
 168.000000, 250.120000,-91.930000
 163.000000, 250.120000,-106.510000
 156.470000, 250.120000,-117.320000
 142.940000, 250.120000,-120.700000
 186.400000, 250.120000,-141.160000
 129.750000,-250.130000, 174.710000
 142.450000, 61.060000,-68.210000
-16.510000, 201.380000,-30.640000
-58.120000, 123.220000,-5.100000
 26.520000, 118.190000,-40.760000
 68.030000, 85.170000,-42.960000
 34.320000, 53.090000,-36.240000
 29.540000, 34.900000,-33.200000
 44.390000, 26.740000,-39.680000
 57.160000, 18.740000,-42.900000
 56.120000, 13.350000,-37.590000
 39.350000, 18.900000,-24.470000
 18.040000, 27.710000,-7.350000
 4.610000, 29.790000, 9.710000
-2.770000, 31.850000, 17.620000
-6.810000, 33.110000, 19.120000
-7.030000, 34.360000, 15.040000
-4.880000, 38.410000, 6.860000
-1.740000, 45.650000,-3.270000
 1.280000, 54.690000,-14.490000
 2.600000, 63.660000,-25.690000
 3.160000, 71.640000,-36.690000
-1.090000, 79.010000,-49.960000
-8.830000, 85.600000,-65.380000
-20.630000, 91.660000,-84.340000
-35.540000, 100.110000,-104.930000
-50.860000, 113.970000,-126.900000
-60.840000, 131.960000,-148.220000
-69.060000, 155.320000,-169.640000
-72.000000, 182.780000,-189.400000
-67.940000, 209.400000,-201.620000
-55.020000, 239.250000,-214.180000
-33.040000, 250.120000,-218.710000
-21.250000, 250.120000,-223.830000
-26.120000, 250.120000,-231.150000
-32.050000, 250.120000,-243.060000
-28.800000, 250.120000,-244.890000
-15.050000, 250.120000,-241.790000
-7.290000, 250.120000,-235.250000
-10.360000, 244.650000,-227.590000
-22.380000, 223.920000,-230.640000
-46.280000, 206.650000,-236.290000
-74.960000, 195.710000,-242.950000
-102.790000, 190.970000,-247.870000
-127.030000, 191.980000,-249.730000
-146.980000, 195.190000,-249.300000
-162.320000, 194.090000,-245.780000
-170.510000, 190.340000,-240.180000
-170.900000, 177.070000,-229.120000
-162.040000, 158.440000,-213.830000
-140.410000, 132.430000,-190.700000
-108.290000, 103.410000,-163.090000
-67.380000, 74.580000,-127.670000
-21.830000, 49.280000,-87.550000
 25.120000, 34.290000,-45.940000
 65.620000, 26.000000,-8.410000
 99.380000, 25.240000, 21.330000
 124.160000, 30.200000, 38.820000
 137.680000, 42.050000, 41.800000
 137.690000, 53.180000, 31.670000
 124.360000, 60.280000, 11.380000
 97.510000, 61.700000,-14.420000
 62.100000, 58.100000,-40.510000
 21.000000, 48.700000,-60.610000
-20.080000, 36.170000,-72.380000
-55.630000, 22.340000,-76.300000
-84.340000, 8.740000,-75.130000
-102.800000,-1.470000,-70.830000
-114.020000,-11.640000,-64.830000
-118.900000,-21.250000,-57.500000
-117.810000,-31.040000,-49.000000
-113.160000,-38.780000,-39.960000
-108.490000,-43.960000,-30.390000
-106.060000,-46.730000,-20.940000
-105.450000,-47.440000,-11.610000
-105.730000,-47.630000,-1.470000
-104.770000,-49.350000, 10.150000
-102.800000,-53.920000, 24.020000
-100.480000,-60.030000, 38.730000
-98.870000,-67.030000, 54.640000
-97.470000,-74.810000, 69.920000
-98.100000,-83.340000, 82.630000
-113.180000,-93.780000, 89.710000
-147.550000,-105.560000, 83.530000
-180.190000,-107.310000, 77.450000
-204.100000,-103.740000, 64.880000
-215.320000,-96.150000, 51.720000
-210.800000,-85.190000, 42.030000
-192.710000,-69.900000, 37.160000
-163.550000,-53.090000, 39.350000
-133.110000,-37.220000, 46.620000
-109.450000,-24.730000, 56.330000
-89.440000,-14.470000, 64.690000
-72.880000,-3.550000, 74.540000
-68.380000, 4.080000, 79.830000
-75.530000, 6.900000, 80.160000
-90.770000, 8.870000, 76.740000
-108.390000, 11.260000, 69.280000
-123.380000, 13.830000, 58.230000
-130.130000, 17.920000, 44.520000
-128.320000, 22.810000, 31.520000
-124.690000, 27.580000, 23.140000
-125.310000, 31.280000, 19.580000
-132.340000, 35.200000, 20.220000
-146.210000, 38.750000, 23.250000
-166.350000, 40.940000, 27.280000
-187.930000, 42.860000, 31.490000
-205.500000, 44.190000, 36.370000
-215.040000, 45.220000, 40.710000
-217.380000, 47.180000, 43.510000
-215.870000, 50.050000, 43.610000
-213.720000, 52.810000, 40.120000
-213.480000, 54.610000, 33.480000
-213.560000, 54.140000, 25.200000
-213.110000, 49.490000, 17.190000
-209.700000, 41.150000, 10.140000
-204.190000, 30.800000, 4.680000
-199.690000, 20.260000,-0.520000
-199.890000, 12.770000,-4.640000
-204.290000, 7.520000,-7.440000
-207.250000, 4.540000,-7.670000
-204.750000, 2.890000,-5.070000
-195.830000, 1.680000,-0.460000
-182.880000, 0.380000, 5.680000
-172.180000,-0.740000, 12.320000
-168.590000,-0.580000, 18.490000
-174.120000, 1.830000, 22.510000
-185.170000, 5.650000, 23.670000
-196.250000, 10.140000, 23.450000
-203.920000, 12.310000, 24.350000
-207.630000, 12.600000, 27.430000
-207.370000, 11.990000, 32.190000
-202.720000, 11.120000, 37.090000
-194.020000, 12.310000, 41.060000
-184.920000, 14.490000, 43.990000
-177.540000, 17.230000, 45.440000
-174.580000, 19.490000, 45.490000
-174.740000, 19.730000, 43.430000
-176.630000, 19.220000, 39.370000
-179.820000, 18.250000, 32.870000
-187.540000, 17.410000, 24.870000
-198.070000, 16.930000, 16.640000
-208.950000, 15.830000, 11.300000
-216.310000, 10.150000, 11.000000
-225.480000,-3.820000, 12.980000
-234.440000,-22.120000, 14.320000
-242.210000,-39.770000, 18.030000
-244.960000,-46.840000, 23.350000
-234.850000,-42.020000, 29.410000
-218.680000,-29.650000, 35.180000
-201.370000,-15.000000, 38.280000
-185.690000,-2.480000, 39.290000
-174.320000, 6.150000, 39.200000
-168.910000, 9.830000, 40.460000
-172.450000, 10.610000, 42.550000
-177.960000, 11.410000, 45.260000
-182.690000, 13.570000, 50.040000
-184.940000, 17.920000, 54.290000
-185.420000, 22.960000, 57.640000
-185.760000, 29.870000, 57.610000
-188.490000, 37.830000, 54.000000
-191.150000, 45.330000, 48.300000
-190.030000, 51.930000, 42.790000
-186.260000, 57.160000, 39.260000
-181.400000, 60.680000, 38.170000
-179.020000, 62.830000, 39.620000
-178.500000, 62.300000, 46.140000
-182.830000, 60.480000, 56.120000
-192.840000, 56.500000, 68.210000
-202.080000, 48.690000, 83.330000
-206.430000, 38.150000, 100.170000
-207.450000, 26.960000, 118.190000
-203.250000, 17.640000, 137.860000
-187.510000, 8.480000, 159.120000
-159.670000,-4.030000, 180.390000
-122.410000,-16.530000, 198.480000
-87.120000,-31.820000, 215.660000
-75.240000,-51.060000, 233.250000
-81.060000,-71.270000, 250.000000
-90.980000,-88.310000, 250.120000
-87.510000,-98.320000, 250.120000
-73.990000,-107.240000, 250.120000
-46.370000,-113.910000, 250.120000
-6.580000,-114.910000, 250.120000
 21.680000,-120.200000, 250.120000
 20.080000,-127.770000, 250.120000
-1.090000,-139.320000, 250.120000
-20.590000,-149.220000, 250.120000
-27.180000,-159.320000, 250.120000
-27.360000,-176.760000, 250.120000
-23.440000,-191.700000, 250.120000
-18.520000,-199.930000, 250.120000
-9.150000,-200.680000, 250.120000
 9.700000,-197.300000, 250.120000
 35.210000,-184.830000, 250.120000
 55.670000,-163.430000, 250.120000
 69.850000,-134.770000, 250.120000
 79.150000,-103.060000, 234.400000
 87.460000,-69.110000, 207.930000
 91.910000,-34.490000, 178.510000
 93.920000, 7.130000, 150.140000
 96.580000, 47.830000, 122.480000
 100.700000, 84.780000, 94.620000
 104.870000, 119.430000, 65.740000
 112.210000, 156.640000, 36.140000
 122.930000, 200.110000, 9.150000
 133.510000, 241.380000,-12.390000
 135.120000, 250.120000,-27.300000
 115.350000, 250.120000,-32.560000
 76.800000, 250.120000,-27.570000
 38.380000, 250.120000,-15.630000
 177.740000, 54.480000, 21.200000
 246.760000,-250.130000, 86.010000
 167.900000,-87.690000,-15.130000
-36.030000, 220.070000,-43.000000
-96.530000, 179.720000,-29.580000
-30.990000, 79.950000,-26.830000
 7.180000, 52.990000,-43.110000
 3.660000, 38.640000,-53.500000
 1.960000, 36.120000,-56.830000
 13.690000, 35.320000,-65.580000
 34.200000, 37.390000,-76.450000
 44.000000, 35.670000,-77.880000
 30.980000, 31.670000,-70.270000
 9.800000, 32.050000,-58.640000
-8.740000, 35.880000,-47.960000
-20.610000, 41.240000,-43.410000
-24.780000, 46.950000,-46.080000
-25.060000, 55.260000,-55.620000
-24.450000, 65.050000,-70.640000
-20.360000, 76.150000,-86.990000
-13.730000, 87.220000,-103.060000
-8.940000, 95.610000,-118.290000
-5.460000, 100.600000,-135.040000
-0.380000, 107.950000,-153.900000
-0.550000, 119.630000,-170.440000
-7.620000, 131.980000,-183.250000
-20.230000, 146.390000,-195.860000
-25.220000, 167.000000,-209.190000
-7.500000, 195.080000,-223.220000
 21.610000, 214.280000,-241.060000
 31.760000, 229.630000,-250.130000
 37.150000, 247.310000,-250.130000
 24.290000, 249.040000,-250.130000
-15.980000, 230.580000,-250.130000
-51.450000, 215.070000,-250.130000
-78.030000, 209.880000,-250.130000
-89.740000, 216.570000,-250.130000
-97.030000, 223.870000,-249.410000
-110.100000, 230.080000,-245.440000
-131.930000, 231.470000,-239.590000
-161.560000, 229.550000,-233.820000
-193.310000, 229.240000,-222.800000
-220.770000, 222.770000,-207.290000
-242.200000, 210.030000,-192.030000
-245.560000, 199.840000,-169.380000
-240.200000, 186.240000,-152.690000
-222.380000, 170.270000,-136.310000
-197.490000, 150.450000,-122.760000
-167.800000, 127.140000,-108.480000
-137.740000, 101.060000,-92.470000
-109.800000, 73.410000,-73.640000
-87.410000, 44.860000,-51.910000
-71.800000, 17.250000,-29.260000
-62.230000,-7.390000,-8.000000
-57.640000,-27.290000, 8.680000
-56.990000,-42.500000, 19.900000
-58.800000,-53.940000, 26.320000
-60.630000,-62.400000, 29.920000
-61.730000,-67.700000, 30.770000
-62.560000,-71.620000, 29.770000
-62.420000,-75.380000, 27.770000
-63.170000,-79.250000, 25.040000
-65.450000,-81.590000, 22.510000
-70.670000,-81.930000, 20.320000
-78.010000,-80.100000, 18.190000
-87.350000,-74.970000, 16.640000
-97.520000,-66.900000, 14.920000
-108.560000,-56.480000, 12.830000
-118.790000,-44.880000, 11.220000
-125.030000,-35.030000, 11.510000
-124.460000,-26.900000, 14.980000
-118.250000,-20.740000, 22.000000
-109.610000,-17.460000, 31.290000
-104.170000,-16.780000, 40.290000
-105.580000,-16.450000, 46.200000
-112.580000,-14.950000, 48.030000
-121.450000,-12.380000, 47.220000
-129.090000,-8.120000, 45.060000
-133.410000,-2.800000, 44.040000
-134.610000, 2.840000, 44.160000
-132.250000, 8.120000, 46.190000
-127.060000, 12.830000, 49.210000
-120.420000, 17.540000, 51.790000
-116.800000, 21.930000, 53.670000
-119.650000, 25.890000, 54.500000
-130.890000, 29.930000, 54.310000
-147.720000, 34.520000, 52.710000
-165.510000, 38.430000, 49.960000
-179.670000, 40.800000, 45.990000
-187.190000, 43.370000, 40.780000
-177.250000, 45.580000, 34.260000
-158.670000, 51.580000, 29.670000
-145.100000, 58.770000, 26.680000
-140.440000, 63.740000, 24.960000
-147.450000, 63.470000, 25.190000
-168.360000, 57.240000, 26.670000
-192.550000, 49.170000, 27.930000
-212.020000, 40.700000, 28.880000
-224.770000, 36.160000, 28.350000
-231.140000, 35.900000, 26.180000
-232.480000, 39.560000, 23.020000
-228.360000, 45.490000, 20.460000
-224.040000, 49.960000, 16.550000
-226.280000, 51.060000, 11.860000
-229.300000, 47.550000, 5.940000
-232.250000, 41.770000, 1.240000
-234.940000, 34.580000,-2.350000
-235.680000, 26.940000,-5.550000
-235.640000, 19.870000,-9.080000
-235.600000, 14.250000,-13.940000
-234.990000, 9.380000,-18.680000
-232.290000, 4.540000,-22.800000
-225.120000,-0.630000,-24.360000
-215.070000,-5.800000,-22.870000
-201.980000,-11.120000,-18.010000
-190.210000,-15.450000,-10.960000
-182.730000,-19.800000,-2.120000
-180.320000,-23.960000, 7.250000
-181.660000,-26.080000, 15.480000
-183.950000,-25.610000, 21.630000
-184.580000,-22.370000, 25.440000
-183.020000,-18.190000, 27.580000
-180.070000,-14.040000, 28.220000
-176.220000,-10.890000, 28.340000
-172.750000,-8.510000, 28.120000
-169.930000,-6.560000, 27.460000
-168.410000,-5.270000, 26.050000
-168.640000,-3.960000, 24.510000
-170.480000,-3.210000, 23.060000
-173.830000,-4.120000, 22.760000
-176.380000,-5.830000, 24.140000
-176.010000,-7.770000, 27.140000
-170.620000,-10.260000, 31.670000
-160.510000,-12.410000, 35.380000
-152.220000,-11.560000, 37.520000
-147.620000,-7.390000, 36.800000
-146.100000,-0.550000, 32.840000
-147.060000, 6.400000, 28.090000
-150.700000, 9.490000, 22.900000
-156.280000, 7.530000, 20.000000
-161.380000, 1.350000, 19.780000
-165.740000,-6.060000, 22.340000
-167.980000,-11.090000, 26.350000
-167.400000,-11.870000, 30.140000
-163.120000,-8.270000, 32.500000
-156.040000,-2.650000, 34.000000
-147.170000, 2.510000, 34.930000
-138.630000, 4.410000, 36.440000
-133.430000, 4.430000, 39.250000
-132.310000, 2.250000, 44.700000
-135.220000,-3.220000, 54.670000
-138.070000,-13.900000, 70.480000
-135.740000,-25.130000, 90.420000
-128.030000,-35.350000, 112.620000
-125.080000,-45.870000, 135.430000
-128.850000,-57.520000, 158.320000
-129.330000,-69.990000, 182.990000
-117.090000,-84.930000, 210.820000
-87.060000,-100.720000, 241.240000
-49.960000,-113.470000, 250.120000
-30.060000,-122.280000, 250.120000
-24.760000,-123.610000, 250.120000
-16.600000,-124.370000, 250.120000
-11.890000,-126.420000, 250.120000
-6.490000,-130.510000, 250.120000
-4.790000,-146.900000, 250.120000
 3.020000,-166.790000, 250.120000
 7.800000,-190.190000, 250.120000
 6.540000,-205.450000, 250.120000
-2.090000,-217.760000, 250.120000
 2.270000,-223.300000, 250.120000
 6.450000,-227.000000, 250.120000
 17.510000,-228.570000, 250.120000
 31.660000,-226.620000, 250.120000
 44.210000,-214.160000, 250.120000
 58.290000,-190.900000, 250.120000
 71.150000,-160.190000, 250.120000
 78.580000,-128.020000, 250.120000
 86.190000,-99.340000, 244.390000
 94.360000,-69.330000, 211.590000
 99.880000,-39.440000, 180.210000
 102.060000,-16.800000, 149.750000
 102.450000, 3.380000, 119.160000
 105.290000, 28.770000, 93.190000
 107.190000, 54.280000, 67.680000
 104.820000, 81.790000, 41.020000
 105.430000, 107.290000, 15.390000
 114.090000, 133.590000,-7.810000
 130.370000, 158.790000,-26.650000
 150.460000, 184.670000,-42.490000
 163.570000, 214.570000,-56.060000
 164.360000, 247.900000,-67.120000
 153.000000, 250.120000,-75.360000
 142.540000, 250.120000,-78.330000
 125.930000, 250.120000,-75.350000
 97.460000, 250.120000,-69.740000
-14.610000,-250.130000, 53.270000
 250.120000,-250.130000, 79.690000
 118.970000, 186.830000,-123.400000
-35.130000, 221.450000,-29.650000
-73.490000, 160.170000,-3.610000
 17.240000, 130.350000,-31.850000
 19.490000, 85.790000,-29.500000
 1.670000, 48.030000,-17.100000
 15.610000, 20.770000,-16.010000
 47.090000, 6.900000,-19.990000
 62.000000, 6.580000,-18.130000
 53.480000, 13.240000,-9.630000
 31.810000, 23.740000, 5.570000
 13.410000, 29.710000, 23.750000
 1.800000, 30.440000, 39.380000
-6.050000, 28.670000, 49.330000
-8.780000, 26.740000, 52.190000
-5.470000, 28.820000, 47.230000
 1.170000, 35.390000, 37.600000
 10.340000, 45.250000, 24.030000
 21.410000, 57.940000, 8.700000
 30.710000, 69.540000,-6.890000
 28.960000, 79.570000,-24.170000
 29.970000, 84.440000,-37.540000
 24.110000, 87.000000,-50.770000
 17.500000, 89.420000,-65.740000
 10.000000, 94.670000,-83.000000
 0.860000, 101.290000,-99.830000
-7.690000, 109.120000,-115.610000
-14.340000, 120.250000,-135.080000
-15.110000, 136.050000,-155.250000
-15.740000, 152.860000,-171.630000
-18.510000, 179.540000,-189.140000
-22.300000, 209.090000,-205.030000
-27.450000, 244.930000,-218.600000
-25.460000, 250.120000,-227.620000
-16.240000, 250.120000,-232.700000
 3.760000, 250.120000,-232.420000
 22.170000, 250.120000,-237.280000
 34.190000, 250.120000,-239.390000
 28.900000, 250.120000,-233.000000
-3.310000, 250.120000,-221.690000
-40.680000, 249.710000,-212.470000
-72.660000, 232.340000,-211.000000
-98.910000, 221.920000,-214.110000
-114.610000, 218.030000,-221.510000
-118.530000, 214.830000,-227.580000
-111.580000, 204.550000,-228.550000
-97.000000, 190.270000,-224.920000
-76.700000, 172.110000,-220.820000
-52.970000, 160.740000,-212.310000
-34.420000, 147.830000,-207.000000
-20.000000, 134.460000,-200.310000
-10.510000, 122.250000,-192.250000
-4.980000, 106.630000,-178.270000
-2.350000, 90.240000,-157.740000
-0.920000, 71.450000,-131.520000
 1.000000, 55.570000,-101.540000
 7.620000, 42.060000,-70.590000
 18.050000, 32.110000,-43.140000
 30.770000, 26.000000,-23.170000
 42.220000, 23.550000,-12.180000
 50.170000, 22.440000,-9.910000
 56.350000, 22.700000,-14.810000
 62.380000, 24.030000,-24.900000
 65.250000, 26.480000,-36.570000
 62.250000, 27.260000,-45.000000
 53.050000, 24.950000,-47.720000
 39.190000, 18.410000,-43.150000
 25.870000, 10.940000,-32.230000
 16.090000, 3.220000,-17.120000
 15.480000,-4.320000,-0.720000
 21.480000,-11.170000, 15.610000
 19.210000,-17.270000, 30.340000
 3.350000,-23.000000, 41.640000
-27.460000,-29.830000, 48.690000
-68.910000,-37.120000, 48.860000
-105.170000,-44.880000, 44.170000
-125.000000,-49.640000, 38.310000
-131.060000,-51.310000, 35.090000
-133.220000,-47.760000, 38.320000
-139.740000,-41.630000, 46.140000
-153.940000,-31.770000, 56.220000
-172.010000,-21.190000, 65.350000
-188.500000,-14.690000, 69.700000
-198.090000,-9.640000, 68.540000
-200.470000,-6.650000, 62.350000
-199.700000,-4.320000, 52.990000
-198.190000,-1.470000, 43.090000
-198.930000, 2.420000, 33.530000
-202.380000, 4.190000, 26.640000
-205.570000, 3.540000, 21.220000
-208.240000, 2.640000, 18.920000
-211.830000, 2.400000, 19.350000
-219.470000, 1.900000, 21.970000
-228.830000, 2.510000, 26.700000
-235.270000, 3.900000, 32.820000
-236.820000, 6.030000, 39.610000
-236.320000, 8.910000, 46.320000
-234.980000, 12.870000, 51.770000
-231.630000, 18.220000, 54.470000
-227.850000, 23.100000, 54.510000
-224.500000, 26.530000, 51.210000
-224.020000, 29.480000, 45.370000
-227.580000, 30.140000, 39.090000
-233.350000, 27.930000, 34.400000
-237.320000, 22.350000, 33.120000
-236.100000, 14.190000, 34.540000
-231.850000, 6.540000, 37.130000
-226.330000, 1.540000, 38.250000
-220.790000, 0.590000, 37.000000
-216.430000, 3.480000, 34.000000
-212.840000, 8.690000, 31.220000
-207.240000, 14.010000, 29.580000
-196.720000, 18.770000, 28.760000
-184.250000, 21.930000, 28.130000
-175.190000, 22.710000, 27.770000
-173.320000, 22.030000, 27.340000
-178.740000, 22.220000, 26.280000
-189.080000, 22.640000, 24.830000
-198.230000, 23.570000, 23.420000
-203.770000, 24.920000, 22.790000
-204.000000, 26.930000, 22.500000
-200.800000, 29.340000, 23.680000
-196.000000, 32.000000, 25.260000
-188.810000, 34.480000, 26.220000
-181.700000, 37.120000, 25.810000
-177.240000, 39.450000, 23.670000
-178.540000, 40.790000, 20.790000
-183.810000, 41.510000, 17.700000
-190.320000, 40.730000, 16.190000
-194.120000, 38.610000, 16.800000
-193.220000, 35.390000, 19.220000
-185.860000, 32.180000, 21.590000
-178.920000, 30.380000, 22.090000
-177.120000, 29.620000, 20.620000
-182.160000, 30.130000, 18.450000
-189.270000, 28.390000, 16.110000
-194.970000, 21.510000, 15.740000
-201.900000, 1.630000, 17.410000
-225.250000,-26.350000, 21.420000
-243.890000,-46.360000, 24.740000
-244.520000,-45.640000, 27.670000
-222.990000,-28.990000, 31.890000
-194.990000,-8.600000, 36.790000
-169.330000, 10.000000, 40.190000
-155.210000, 21.290000, 43.010000
-152.970000, 27.550000, 46.770000
-160.610000, 27.210000, 51.270000
-173.400000, 23.390000, 54.990000
-182.510000, 22.740000, 56.410000
-188.850000, 24.490000, 56.900000
-191.480000, 28.410000, 56.700000
-191.230000, 31.370000, 55.930000
-190.930000, 34.130000, 55.260000
-185.190000, 38.290000, 54.830000
-175.020000, 42.250000, 56.640000
-167.200000, 45.690000, 60.460000
-167.350000, 46.730000, 65.820000
-176.240000, 46.080000, 72.920000
-186.350000, 45.570000, 80.440000
-189.580000, 45.880000, 88.030000
-187.370000, 47.380000, 98.180000
-186.070000, 48.580000, 110.670000
-191.390000, 48.260000, 126.000000
-199.740000, 48.220000, 144.420000
-203.870000, 46.730000, 166.310000
-197.380000, 43.870000, 188.350000
-183.090000, 39.410000, 208.250000
-169.380000, 33.480000, 221.960000
-167.250000, 19.910000, 235.330000
-175.450000,-0.090000, 250.120000
-186.590000,-23.710000, 250.120000
-187.060000,-44.990000, 250.120000
-162.990000,-59.310000, 250.120000
-124.570000,-69.360000, 250.120000
-84.740000,-80.000000, 250.120000
-61.060000,-96.120000, 250.120000
-45.260000,-117.870000, 250.120000
-34.530000,-139.390000, 250.120000
-26.230000,-159.380000, 250.120000
-20.790000,-178.400000, 250.120000
-18.880000,-198.290000, 250.120000
-15.000000,-215.730000, 250.120000
-11.870000,-229.570000, 250.120000
-7.320000,-238.230000, 250.120000
 2.170000,-235.120000, 250.120000
 12.160000,-222.290000, 250.120000
 24.240000,-207.810000, 250.120000
 46.710000,-186.700000, 250.120000
 65.690000,-156.730000, 241.700000
 81.400000,-119.040000, 205.430000
 93.260000,-78.190000, 169.770000
 99.340000,-32.540000, 135.580000
 98.480000, 20.060000, 101.470000
 101.800000, 75.000000, 70.320000
 113.410000, 126.890000, 38.870000
 124.990000, 168.410000, 8.920000
 131.700000, 205.150000,-19.650000
 128.540000, 244.020000,-46.190000
 107.120000, 250.120000,-68.250000
 72.410000, 250.120000,-81.740000
 51.470000, 250.120000,-84.150000
 35.360000, 250.120000,-76.380000
 250.120000,-250.130000, 23.350000
 240.980000,-250.130000, 48.360000
 75.410000, 198.240000,-49.210000
-174.570000, 233.010000,-55.830000
-45.840000, 72.790000,-47.220000
 74.040000, 15.830000,-37.400000
 51.540000, 24.720000,-24.450000
-27.230000, 15.200000,-1.900000
-34.710000, 9.700000, 6.650000
-9.770000, 9.730000,-5.070000
 6.270000, 7.910000,-18.360000
 8.940000, 11.590000,-20.170000
 0.910000, 12.370000,-14.610000
-9.480000, 6.200000,-5.810000
-18.470000,-0.160000, 3.920000
-26.240000,-5.980000, 12.380000
-30.800000,-11.220000, 17.190000
-31.300000,-14.160000, 17.360000
-28.610000,-12.520000, 13.910000
-26.160000,-7.760000, 8.900000
-24.340000,-2.670000, 2.440000
-23.150000, 0.500000,-4.370000
-22.770000, 1.800000,-10.930000
-21.460000,-1.180000,-17.680000
-18.160000,-1.180000,-26.280000
-14.920000, 1.230000,-36.020000
-9.730000, 3.220000,-48.140000
-3.360000, 4.580000,-61.610000
 1.450000, 7.230000,-75.260000
 3.530000, 11.320000,-88.960000
 2.700000, 21.040000,-101.120000
-1.740000, 35.090000,-111.880000
-8.110000, 49.770000,-120.210000
-18.570000, 65.060000,-124.420000
-32.950000, 80.840000,-128.940000
-45.500000, 95.560000,-132.950000
-54.400000, 105.850000,-138.700000
-56.530000, 118.340000,-148.480000
-43.700000, 135.320000,-162.180000
-19.660000, 148.650000,-175.810000
-2.280000, 159.320000,-191.160000
 1.280000, 177.200000,-207.910000
-12.890000, 203.090000,-221.170000
-35.930000, 239.540000,-229.650000
-50.160000, 250.120000,-230.510000
-49.830000, 250.120000,-239.510000
-25.240000, 250.120000,-250.130000
 16.130000, 250.120000,-250.130000
 35.730000, 250.120000,-250.130000
 24.270000, 250.120000,-250.130000
-17.560000, 250.120000,-250.130000
-58.460000, 250.120000,-250.130000
-87.160000, 250.120000,-243.380000
-106.830000, 250.120000,-238.000000
-134.090000, 250.120000,-233.800000
-169.740000, 247.750000,-223.740000
-217.570000, 245.760000,-213.610000
-250.130000, 242.080000,-198.900000
-250.130000, 225.340000,-185.210000
-250.130000, 209.250000,-167.910000
-250.130000, 183.380000,-151.070000
-250.130000, 151.980000,-134.090000
-201.380000, 112.290000,-126.440000
-28.250000, 74.990000,-102.220000
 29.510000, 47.710000,-75.360000
 22.860000, 24.110000,-46.730000
-7.690000,-2.400000,-20.640000
-42.260000,-29.830000,-4.040000
-76.250000,-48.950000, 3.450000
-106.780000,-56.080000, 1.800000
-129.050000,-56.930000,-7.980000
-137.000000,-57.240000,-20.740000
-137.640000,-56.120000,-32.850000
-136.950000,-53.250000,-42.800000
-137.220000,-49.120000,-50.390000
-138.830000,-45.150000,-57.090000
-141.930000,-43.810000,-62.680000
-143.950000,-46.490000,-65.390000
-144.630000,-51.070000,-63.490000
-146.400000,-56.180000,-56.680000
-150.290000,-60.080000,-45.470000
-155.690000,-63.670000,-30.640000
-159.870000,-67.480000,-14.140000
-161.630000,-70.900000, 1.100000
-160.480000,-73.610000, 12.870000
-158.380000,-74.330000, 19.380000
-157.090000,-72.240000, 21.360000
-155.520000,-68.460000, 21.990000
-152.930000,-64.050000, 22.290000
-147.740000,-59.190000, 24.670000
-140.260000,-54.200000, 29.630000
-132.330000,-49.210000, 38.540000
-124.890000,-44.190000, 50.180000
-121.830000,-38.650000, 65.190000
-121.800000,-31.630000, 82.290000
-124.310000,-23.090000, 98.530000
-128.510000,-14.100000, 111.590000
-133.960000,-6.060000, 121.300000
-138.420000, 2.460000, 127.170000
-140.870000, 12.060000, 129.060000
-141.660000, 21.780000, 126.920000
-144.440000, 30.250000, 122.960000
-150.580000, 38.740000, 117.090000
-161.680000, 47.880000, 110.060000
-175.540000, 54.740000, 102.440000
-190.810000, 58.630000, 96.420000
-205.190000, 59.930000, 91.630000
-214.190000, 61.510000, 87.990000
-216.250000, 64.200000, 85.410000
-220.970000, 66.700000, 81.760000
-238.260000, 67.540000, 74.500000
-244.950000, 64.580000, 73.350000
-250.130000, 66.610000, 70.930000
-250.130000, 70.580000, 63.640000
-243.400000, 74.120000, 56.220000
-231.320000, 76.570000, 50.120000
-221.900000, 75.050000, 40.820000
-218.920000, 67.700000, 30.100000
-219.630000, 59.670000, 17.930000
-221.570000, 53.240000, 4.790000
-224.160000, 50.330000,-7.610000
-226.580000, 50.740000,-15.980000
-227.470000, 51.450000,-20.510000
-226.930000, 51.050000,-21.830000
-221.130000, 49.430000,-21.620000
-213.090000, 46.790000,-20.090000
-206.620000, 43.740000,-18.000000
-205.190000, 43.060000,-15.980000
-209.510000, 43.600000,-14.190000
-214.720000, 43.680000,-12.500000
-214.700000, 43.870000,-10.930000
-207.240000, 45.130000,-9.200000
-193.280000, 46.500000,-7.480000
-175.360000, 47.560000,-5.030000
-158.170000, 47.490000,-2.980000
-144.570000, 46.230000,-1.870000
-137.770000, 45.620000,-2.780000
-138.720000, 43.960000,-5.260000
-145.400000, 41.320000,-8.520000
-154.720000, 37.710000,-12.050000
-161.740000, 33.370000,-14.480000
-164.120000, 28.790000,-15.920000
-160.510000, 23.720000,-16.060000
-153.890000, 16.800000,-14.640000
-151.280000, 9.930000,-12.450000
-157.230000, 5.470000,-8.370000
-166.180000, 3.670000,-0.240000
-172.080000,-0.670000, 14.950000
-173.690000,-10.670000, 36.450000
-169.990000,-27.530000, 60.940000
-160.770000,-43.860000, 82.470000
-136.040000,-48.580000, 101.540000
-113.060000,-43.430000, 122.910000
-107.470000,-34.090000, 136.560000
-117.380000,-32.890000, 145.790000
-131.560000,-39.430000, 156.220000
-141.100000,-49.160000, 172.380000
-136.810000,-59.750000, 193.640000
-118.060000,-65.320000, 218.710000
-91.950000,-66.080000, 242.930000
-69.170000,-64.760000, 250.120000
-58.390000,-65.030000, 250.120000
-56.860000,-64.110000, 250.120000
-66.810000,-64.470000, 250.120000
-86.340000,-71.500000, 250.120000
-101.160000,-81.930000, 250.120000
-102.830000,-86.880000, 250.120000
-92.000000,-90.040000, 250.120000
-73.960000,-96.180000, 250.120000
-47.820000,-102.110000, 250.120000
-23.560000,-107.940000, 250.120000
-11.000000,-113.790000, 250.120000
-20.350000,-126.510000, 250.120000
-46.900000,-141.810000, 250.120000
-61.900000,-152.260000, 250.120000
-49.920000,-157.420000, 250.120000
-21.470000,-159.630000, 250.120000
 9.630000,-161.480000, 250.120000
 31.120000,-161.140000, 250.120000
 39.920000,-154.580000, 250.120000
 52.450000,-140.440000, 250.120000
 77.740000,-121.090000, 234.140000
 100.380000,-98.730000, 202.950000
 101.960000,-79.670000, 170.580000
 95.490000,-66.480000, 141.090000
 101.950000,-52.950000, 111.710000
 130.480000,-27.160000, 83.850000
 156.620000, 15.540000, 55.440000
 165.640000, 68.310000, 25.200000
 160.890000, 128.400000,-2.990000
 153.930000, 192.390000,-24.320000
 151.600000, 246.650000,-41.350000
 160.040000, 250.120000,-57.090000
 167.290000, 250.120000,-71.340000
 154.440000, 250.120000,-77.350000
 126.620000, 250.120000,-65.960000
 97.400000, 250.120000,-39.130000
 138.450000,-250.130000, 106.080000
 246.870000,-250.130000, 79.510000
 106.350000, 118.270000,-52.160000
 18.700000, 250.120000,-27.400000
-4.580000, 123.170000, 4.410000
 40.590000, 55.270000,-8.220000
 71.310000, 57.580000,-10.510000
 57.070000, 77.830000,-9.420000
 41.290000, 74.650000,-6.360000
 53.690000, 69.160000,-14.140000
 78.680000, 61.480000,-21.670000
 89.900000, 56.240000,-23.480000
 83.860000, 54.430000,-16.640000
 67.490000, 53.800000,-5.670000
 56.580000, 55.120000, 5.630000
 55.380000, 57.860000, 13.420000
 57.950000, 57.050000, 18.510000
 57.260000, 54.120000, 20.890000
 54.720000, 51.430000, 21.350000
 54.190000, 54.260000, 19.260000
 53.790000, 61.190000, 13.670000
 53.580000, 69.830000, 5.690000
 50.430000, 76.460000,-3.270000
 40.160000, 77.250000,-12.240000
 24.880000, 75.800000,-22.380000
 3.900000, 77.260000,-35.350000
-21.700000, 84.770000,-50.780000
-46.160000, 96.040000,-67.830000
-59.240000, 110.670000,-88.010000
-60.130000, 121.320000,-106.790000
-57.700000, 129.030000,-123.000000
-52.970000, 139.400000,-139.330000
-50.850000, 157.200000,-159.280000
-47.350000, 181.610000,-179.460000
-45.790000, 212.700000,-198.670000
-41.620000, 241.740000,-212.460000
-35.450000, 250.120000,-223.610000
-24.950000, 250.120000,-240.990000
-13.080000, 250.120000,-250.130000
 0.480000, 250.120000,-250.130000
 10.850000, 250.120000,-250.130000
 13.730000, 250.120000,-250.130000
 16.390000, 250.120000,-250.130000
 19.030000, 239.870000,-250.130000
 17.480000, 215.130000,-250.130000
 13.530000, 193.770000,-250.130000
 5.900000, 177.000000,-250.130000
-4.770000, 164.930000,-250.130000
-19.320000, 162.110000,-250.130000
-50.320000, 160.380000,-250.130000
-83.630000, 162.000000,-250.130000
-110.410000, 164.810000,-250.130000
-128.410000, 164.540000,-239.270000
-137.380000, 163.390000,-207.030000
-137.810000, 156.620000,-173.700000
-132.220000, 143.780000,-142.270000
-120.180000, 127.540000,-116.120000
-105.160000, 108.020000,-95.440000
-87.670000, 88.810000,-76.340000
-72.450000, 67.680000,-63.250000
-59.280000, 45.140000,-52.500000
-49.960000, 23.640000,-44.520000
-46.510000, 5.450000,-38.430000
-47.800000,-10.140000,-33.300000
-49.260000,-24.480000,-26.490000
-46.840000,-39.000000,-16.310000
-41.400000,-52.760000,-1.590000
-38.450000,-66.260000, 15.610000
-46.870000,-81.870000, 31.270000
-72.350000,-98.470000, 45.720000
-122.410000,-116.120000, 52.780000
-186.160000,-127.660000, 53.370000
-242.960000,-133.550000, 46.250000
-250.130000,-134.630000, 33.930000
-250.130000,-129.320000, 21.500000
-229.610000,-118.900000, 13.970000
-168.340000,-106.470000, 16.600000
-106.690000,-91.610000, 26.890000
-59.000000,-75.890000, 42.060000
-33.720000,-61.370000, 57.640000
-27.350000,-46.220000, 68.870000
-29.470000,-31.290000, 77.200000
-45.910000,-19.280000, 79.190000
-70.200000,-8.070000, 77.440000
-93.850000, 2.180000, 72.350000
-114.970000, 13.600000, 65.680000
-132.060000, 20.290000, 58.320000
-141.740000, 24.120000, 52.250000
-147.870000, 26.230000, 49.200000
-152.700000, 27.700000, 48.320000
-156.480000, 29.470000, 49.890000
-161.810000, 29.860000, 53.320000
-169.870000, 28.940000, 58.490000
-183.320000, 28.540000, 65.270000
-200.760000, 29.090000, 73.090000
-216.860000, 29.560000, 80.020000
-223.800000, 32.630000, 83.830000
-220.110000, 37.320000, 84.950000
-213.000000, 43.440000, 83.120000
-208.740000, 49.340000, 79.550000
-211.730000, 53.250000, 75.580000
-220.050000, 53.340000, 70.750000
-226.590000, 49.870000, 65.990000
-228.270000, 44.290000, 61.940000
-225.380000, 38.300000, 59.410000
-220.390000, 32.510000, 57.640000
-213.370000, 27.590000, 55.170000
-205.900000, 23.890000, 51.120000
-202.090000, 20.670000, 45.520000
-203.750000, 20.200000, 39.510000
-208.400000, 21.250000, 34.490000
-211.330000, 22.010000, 30.840000
-209.930000, 21.920000, 28.990000
-205.000000, 22.030000, 28.390000
-197.880000, 21.580000, 26.960000
-191.210000, 22.250000, 24.870000
-187.640000, 23.860000, 23.250000
-188.010000, 25.540000, 22.200000
-189.160000, 27.640000, 21.770000
-189.250000, 30.960000, 22.330000
-186.910000, 35.250000, 24.000000
-183.590000, 39.920000, 26.580000
-179.520000, 44.760000, 28.740000
-175.080000, 50.770000, 29.090000
-171.390000, 57.070000, 28.120000
-169.000000, 62.360000, 26.170000
-166.930000, 65.050000, 23.690000
-163.170000, 62.770000, 19.300000
-159.140000, 57.250000, 12.160000
-162.090000, 51.960000, 1.720000
-176.910000, 48.990000,-11.600000
-197.720000, 48.510000,-23.230000
-210.080000, 36.130000,-21.980000
-240.450000, 3.420000,-6.800000
-250.130000,-23.800000, 7.640000
-250.130000,-32.300000, 19.390000
-238.940000,-35.630000, 29.560000
-211.970000,-34.320000, 39.750000
-183.510000,-19.710000, 45.390000
-162.380000,-0.980000, 49.110000
-148.710000, 14.350000, 51.920000
-137.180000, 24.090000, 55.290000
-128.820000, 27.540000, 57.380000
-121.480000, 27.320000, 59.620000
-121.160000, 22.710000, 63.540000
-127.670000, 20.700000, 68.270000
-138.000000, 23.500000, 72.220000
-152.220000, 30.610000, 73.680000
-160.260000, 40.240000, 75.680000
-165.160000, 49.200000, 80.370000
-166.980000, 56.410000, 85.570000
-166.240000, 57.760000, 92.390000
-161.930000, 55.480000, 101.780000
-157.480000, 49.400000, 113.630000
-155.360000, 39.250000, 126.690000
-154.350000, 26.930000, 139.450000
-155.700000, 13.620000, 149.870000
-161.970000, 3.030000, 158.750000
-172.390000,-9.260000, 171.500000
-171.030000,-25.820000, 190.030000
-155.730000,-44.650000, 213.000000
-133.070000,-60.330000, 234.120000
-112.640000,-72.960000, 249.860000
-100.800000,-85.410000, 250.120000
-98.900000,-98.960000, 250.120000
-94.520000,-107.150000, 250.120000
-71.070000,-109.940000, 250.120000
-26.480000,-109.820000, 250.120000
 9.330000,-111.600000, 250.120000
 18.350000,-113.320000, 250.120000
-9.180000,-118.250000, 250.120000
-48.570000,-123.540000, 250.120000
-69.250000,-129.510000, 250.120000
-60.450000,-137.030000, 250.120000
-40.060000,-144.670000, 250.120000
-14.820000,-149.100000, 250.120000
 15.480000,-145.480000, 250.120000
 41.900000,-138.410000, 250.120000
 59.840000,-130.650000, 250.120000
 83.180000,-121.380000, 250.120000
 104.020000,-106.770000, 250.120000
 123.080000,-89.050000, 250.120000
 130.090000,-62.580000, 222.270000
 126.250000,-35.870000, 188.830000
 125.420000,-1.290000, 154.290000
 139.850000, 48.350000, 116.800000
 167.050000, 112.020000, 76.060000
 183.110000, 184.330000, 34.410000
 182.930000, 250.120000,-4.430000
 171.080000, 250.120000,-39.960000
 153.680000, 250.120000,-67.100000
 131.550000, 250.120000,-80.770000
 250.120000,-250.130000,-24.060000
 250.120000,-250.130000, 11.230000
 64.870000, 166.050000,-38.240000
-189.000000, 221.250000,-21.050000
-114.130000, 70.740000, 39.980000
 0.220000, 54.700000, 17.630000
-20.020000, 59.800000, 1.020000
-31.640000, 75.960000,-10.200000
 9.370000, 92.960000,-31.560000
 51.530000, 87.660000,-62.500000
 63.480000, 75.580000,-81.660000
 52.330000, 60.100000,-81.650000
 31.560000, 50.000000,-76.480000
 24.880000, 46.450000,-64.530000
 27.890000, 53.740000,-48.410000
 31.450000, 60.610000,-29.900000
 25.880000, 60.890000,-13.480000
 18.240000, 57.740000,-1.530000
 14.660000, 53.610000, 5.710000
 18.310000, 52.370000, 9.970000
 23.770000, 55.260000, 12.030000
 25.230000, 57.790000, 14.540000
 24.330000, 60.490000, 17.340000
 23.400000, 62.610000, 20.180000
 22.950000, 61.560000, 22.970000
 22.050000, 57.650000, 26.840000
 22.590000, 54.410000, 29.640000
 24.560000, 52.500000, 31.710000
 24.740000, 52.850000, 32.800000
 23.480000, 55.300000, 32.230000
 21.290000, 56.750000, 30.620000
 20.450000, 57.440000, 27.930000
 17.640000, 59.160000, 24.540000
 10.870000, 63.110000, 18.650000
 0.120000, 68.510000, 11.350000
-11.990000, 80.090000,-0.840000
-19.890000, 93.930000,-17.640000
-19.540000, 112.630000,-39.320000
-13.390000, 131.830000,-61.940000
-5.650000, 148.050000,-82.120000
 9.050000, 160.000000,-99.050000
 21.090000, 170.100000,-115.700000
 31.890000, 185.850000,-133.940000
 32.890000, 212.550000,-155.030000
 22.760000, 234.370000,-172.410000
 5.300000, 250.120000,-186.290000
-7.930000, 250.120000,-193.190000
-15.040000, 250.120000,-200.210000
-11.540000, 250.120000,-215.900000
-1.380000, 250.120000,-232.790000
-2.580000, 250.120000,-246.860000
-15.300000, 250.120000,-250.130000
-37.460000, 250.120000,-250.130000
-52.720000, 245.280000,-250.130000
-60.480000, 227.560000,-250.130000
-60.340000, 211.510000,-250.130000
-51.190000, 204.630000,-250.130000
-43.990000, 199.380000,-250.130000
-39.630000, 195.520000,-250.130000
-40.400000, 191.690000,-250.130000
-50.170000, 187.190000,-250.130000
-61.890000, 190.220000,-250.130000
-85.070000, 188.490000,-250.130000
-112.430000, 181.690000,-250.130000
-128.840000, 163.860000,-247.780000
-121.500000, 138.720000,-216.490000
-93.030000, 106.430000,-180.140000
-52.100000, 74.140000,-136.210000
-15.970000, 46.870000,-85.430000
 2.700000, 30.580000,-36.990000
 1.470000, 21.670000, 3.910000
-13.780000, 14.310000, 30.970000
-33.250000, 9.750000, 42.900000
-49.470000, 6.740000, 42.190000
-57.840000, 4.600000, 34.000000
-58.050000, 0.740000, 25.290000
-50.200000,-6.240000, 19.890000
-39.750000,-16.230000, 21.110000
-29.940000,-27.750000, 28.220000
-27.090000,-36.080000, 38.670000
-33.900000,-41.840000, 49.760000
-44.680000,-47.450000, 59.370000
-50.740000,-50.000000, 68.000000
-53.290000,-44.330000, 74.670000
-58.600000,-35.380000, 80.020000
-61.840000,-25.800000, 83.230000
-63.560000,-16.850000, 85.750000
-68.380000,-11.670000, 88.780000
-78.800000,-7.330000, 92.230000
-94.210000,-0.350000, 95.790000
-106.250000, 10.010000, 97.380000
-118.260000, 22.430000, 98.080000
-138.930000, 37.700000, 98.560000
-170.420000, 52.580000, 99.880000
-201.560000, 68.650000, 97.430000
-223.790000, 82.800000, 90.710000
-236.220000, 96.230000, 78.580000
-247.870000, 105.120000, 63.290000
-250.130000, 110.700000, 47.510000
-250.130000, 110.830000, 33.920000
-250.130000, 104.980000, 25.930000
-250.130000, 96.220000, 21.580000
-250.130000, 87.740000, 17.860000
-250.130000, 77.580000, 14.220000
-250.130000, 71.080000, 9.350000
-238.720000, 67.410000, 3.450000
-229.220000, 64.260000,-2.890000
-224.790000, 60.000000,-9.050000
-223.360000, 55.310000,-14.240000
-223.040000, 50.740000,-18.460000
-222.360000, 47.040000,-22.000000
-220.910000, 44.930000,-25.710000
-220.520000, 42.400000,-29.030000
-218.690000, 39.900000,-30.750000
-215.610000, 38.000000,-30.960000
-211.180000, 35.890000,-29.970000
-205.860000, 36.120000,-29.160000
-203.130000, 37.180000,-28.310000
-200.870000, 38.920000,-29.120000
-198.060000, 40.740000,-30.510000
-196.000000, 41.190000,-31.780000
-194.580000, 40.930000,-32.610000
-193.700000, 39.810000,-33.320000
-187.600000, 39.170000,-34.950000
-178.740000, 39.540000,-37.380000
-167.950000, 38.060000,-40.120000
-156.470000, 33.320000,-44.190000
-150.910000, 24.810000,-50.270000
-154.830000, 16.990000,-59.040000
-165.820000, 14.350000,-67.220000
-178.860000, 16.800000,-71.640000
-190.990000, 20.310000,-69.130000
-199.220000, 13.230000,-52.990000
-232.450000,-13.090000,-22.290000
-250.130000,-47.310000, 4.350000
-250.130000,-59.020000, 14.900000
-228.920000,-44.800000, 22.960000
-195.600000,-20.820000, 28.420000
-163.770000, 1.300000, 31.400000
-143.030000, 18.590000, 34.220000
-137.590000, 28.930000, 34.940000
-144.330000, 31.870000, 34.270000
-153.290000, 26.900000, 33.840000
-162.290000, 18.670000, 31.050000
-170.140000, 17.850000, 26.960000
-176.580000, 23.510000, 26.420000
-186.510000, 29.770000, 29.320000
-194.640000, 33.830000, 30.780000
-196.620000, 36.450000, 32.210000
-193.890000, 39.200000, 33.780000
-184.960000, 44.290000, 35.280000
-175.300000, 49.250000, 37.270000
-169.610000, 51.540000, 41.790000
-168.310000, 52.760000, 50.640000
-169.980000, 52.220000, 63.690000
-176.960000, 48.840000, 81.190000
-188.350000, 41.590000, 101.060000
-202.470000, 33.960000, 120.530000
-216.370000, 28.700000, 136.760000
-220.780000, 25.580000, 150.090000
-207.450000, 20.380000, 165.670000
-184.960000, 11.930000, 187.860000
-155.950000, 4.390000, 215.070000
-133.390000,-5.030000, 242.150000
-123.400000,-19.380000, 250.120000
-123.690000,-39.820000, 250.120000
-124.060000,-64.400000, 250.120000
-117.170000,-88.380000, 250.120000
-104.050000,-114.750000, 250.120000
-79.600000,-127.800000, 250.120000
-50.280000,-134.660000, 250.120000
-37.510000,-142.420000, 250.120000
-39.420000,-152.140000, 250.120000
-44.920000,-164.350000, 250.120000
-47.140000,-174.880000, 250.120000
-47.610000,-184.410000, 250.120000
-38.320000,-191.200000, 250.120000
-23.980000,-187.350000, 250.120000
-3.090000,-178.870000, 250.120000
 21.520000,-157.460000, 250.120000
 40.790000,-120.610000, 250.120000
 59.450000,-65.260000, 250.120000
 80.460000, 2.740000, 239.540000
 95.540000, 71.750000, 184.800000
 104.690000, 152.150000, 127.220000
 97.830000, 241.960000, 74.850000
 86.180000, 250.120000, 28.360000
 77.640000, 250.120000,-10.600000
 67.250000, 250.120000,-32.670000
 250.120000,-250.130000, 128.790000
 181.500000, 35.740000,-44.080000
-74.420000, 218.100000, 9.910000
-153.430000, 113.750000, 22.340000
-19.230000, 48.440000, 9.810000
-6.270000, 31.780000,-7.710000
-21.250000, 23.900000,-10.320000
-1.450000, 20.860000,-18.700000
 44.450000, 29.530000,-46.830000
 81.130000, 34.350000,-72.530000
 84.340000, 27.080000,-83.870000
 65.550000, 19.960000,-83.630000
 40.570000, 21.770000,-73.680000
 18.660000, 34.010000,-58.670000
 9.730000, 46.320000,-45.950000
 10.380000, 58.250000,-38.690000
 11.320000, 70.430000,-34.240000
 6.740000, 82.660000,-31.490000
 1.500000, 95.480000,-31.460000
-0.620000, 108.430000,-35.020000
-2.120000, 124.360000,-40.200000
-15.220000, 140.830000,-47.880000
-32.380000, 154.540000,-56.130000
-50.390000, 167.510000,-67.640000
-67.660000, 183.840000,-82.770000
-81.250000, 201.980000,-99.080000
-88.720000, 216.970000,-112.170000
-82.040000, 232.320000,-122.710000
-59.250000, 243.240000,-135.290000
-25.060000, 250.120000,-152.650000
 7.610000, 250.120000,-167.890000
 23.980000, 250.120000,-185.210000
 17.320000, 250.120000,-195.760000
-5.960000, 250.120000,-204.090000
-19.610000, 250.120000,-215.930000
-10.800000, 250.120000,-227.250000
 8.090000, 250.120000,-228.870000
 22.680000, 250.120000,-225.480000
 19.580000, 250.120000,-226.510000
-5.610000, 211.290000,-228.210000
-46.410000, 171.190000,-232.790000
-98.410000, 138.840000,-238.250000
-131.460000, 125.700000,-236.800000
-149.110000, 124.160000,-236.010000
-145.610000, 131.100000,-232.590000
-125.970000, 142.600000,-227.080000
-98.720000, 154.750000,-219.140000
-70.290000, 159.470000,-209.310000
-52.550000, 157.570000,-195.810000
-48.840000, 149.900000,-179.320000
-59.570000, 134.910000,-157.320000
-78.730000, 113.860000,-130.350000
-97.290000, 90.410000,-98.900000
-54.380000, 63.090000,-69.350000
 27.770000, 36.950000,-27.410000
 23.740000, 22.700000, 7.090000
-2.770000, 11.830000, 34.540000
-27.870000, 0.580000, 51.160000
-43.540000,-6.730000, 54.980000
-46.550000,-8.220000, 52.700000
-68.890000,-4.030000, 44.040000
-105.840000,-0.080000, 30.880000
-146.510000,-0.270000, 15.770000
-170.640000,-3.800000, 3.090000
-181.740000,-9.180000,-4.090000
-182.650000,-14.900000,-6.320000
-167.730000,-19.870000,-3.580000
-143.440000,-24.930000, 2.240000
-117.540000,-30.920000, 10.500000
-93.900000,-34.780000, 20.390000
-82.060000,-33.530000, 32.170000
-91.760000,-31.190000, 45.630000
