-35.910000,-186.580000, 99.250000
-53.670000,-181.310000, 100.440000
-59.260000,-173.790000, 103.030000
-53.650000,-165.820000, 105.630000
-42.960000,-159.090000, 105.200000
-34.320000,-154.030000, 99.760000
-30.850000,-149.960000, 92.630000
-33.900000,-144.300000, 83.690000
-41.540000,-139.930000, 73.120000
-50.580000,-137.960000, 61.220000
-57.000000,-139.780000, 50.540000
-59.430000,-141.990000, 46.520000
-55.320000,-141.860000, 49.110000
-45.420000,-140.780000, 54.610000
-35.500000,-138.020000, 60.520000
-25.750000,-136.930000, 66.050000
-18.150000,-138.230000, 72.090000
-13.690000,-139.930000, 78.030000
-11.940000,-141.380000, 83.450000
-12.080000,-141.030000, 83.420000
-13.650000,-140.060000, 79.890000
-17.700000,-137.160000, 75.560000
-20.360000,-133.380000, 72.390000
-16.510000,-129.510000, 70.320000
-7.630000,-125.760000, 69.000000
 2.530000,-122.320000, 66.870000
 9.410000,-120.350000, 64.440000
 10.540000,-118.030000, 62.830000
 5.460000,-115.730000, 62.290000
-3.320000,-113.490000, 61.870000
-13.790000,-112.560000, 59.060000
-23.680000,-111.120000, 54.950000
-30.670000,-109.460000, 50.960000
-33.150000,-108.820000, 47.260000
-32.980000,-108.690000, 43.640000
-28.450000,-109.720000, 40.850000
-20.880000,-108.940000, 41.000000
-18.320000,-105.400000, 43.570000
-19.290000,-98.430000, 44.960000
-22.060000,-90.070000, 44.770000
-24.400000,-81.570000, 43.030000
-25.220000,-74.770000, 42.070000
-27.230000,-69.260000, 42.120000
-27.870000,-64.080000, 39.950000
-22.160000,-58.670000, 34.530000
-8.350000,-53.640000, 27.640000
 7.900000,-47.970000, 20.930000
 17.280000,-40.540000, 13.770000
 20.290000,-32.700000, 5.130000
 18.820000,-27.980000,-4.620000
 11.830000,-25.010000,-10.830000
 3.850000,-23.290000,-10.250000
-0.610000,-22.210000,-5.370000
-2.740000,-21.670000,-0.030000
-5.630000,-20.290000, 3.970000
-12.540000,-19.370000, 7.670000
-20.290000,-20.900000, 8.900000
-23.320000,-24.850000, 7.160000
-19.980000,-28.920000, 3.480000
-13.490000,-29.640000, 1.210000
-8.610000,-27.000000, 1.670000
-5.250000,-21.170000, 3.890000
-1.290000,-15.660000, 7.110000
 2.680000,-10.370000, 9.670000
 4.270000,-7.190000, 11.420000
 2.580000,-6.040000, 12.310000
-1.790000,-5.970000, 12.340000
-8.230000,-6.450000, 11.610000
-15.450000,-7.320000, 10.830000
-21.940000,-8.150000, 9.980000
-25.290000,-11.610000, 8.630000
-25.450000,-16.960000, 6.490000
-21.290000,-24.310000, 4.280000
-14.000000,-32.480000, 3.230000
-6.510000,-39.920000, 4.390000
-1.880000,-46.140000, 7.840000
 0.250000,-51.090000, 12.200000
 1.290000,-55.380000, 16.960000
 3.080000,-57.960000, 20.770000
 5.980000,-60.530000, 23.860000
 8.190000,-62.120000, 25.990000
 9.520000,-63.010000, 27.060000
 8.800000,-62.170000, 27.370000
 5.630000,-60.660000, 27.300000
-0.220000,-58.380000, 26.770000
-6.960000,-56.320000, 25.540000
-12.810000,-54.940000, 23.570000
-16.310000,-54.120000, 21.340000
-16.040000,-53.890000, 19.190000
-12.080000,-53.340000, 17.830000
-6.460000,-53.190000, 17.540000
-3.190000,-52.930000, 18.400000
-2.710000,-52.890000, 19.800000
-3.990000,-53.190000, 20.690000
-5.130000,-53.480000, 21.150000
-5.840000,-53.810000, 21.310000
-4.470000,-54.450000, 22.090000
-0.830000,-54.660000, 23.430000
 3.610000,-55.350000, 25.590000
 6.370000,-56.160000, 28.070000
 6.240000,-57.330000, 30.570000
 3.950000,-59.350000, 33.510000
 0.710000,-61.960000, 36.640000
-1.610000,-65.120000, 39.570000
-3.150000,-68.260000, 42.410000
-4.480000,-71.510000, 44.920000
-6.760000,-74.900000, 46.950000
-10.250000,-77.770000, 49.300000
-13.970000,-80.890000, 51.550000
-17.290000,-84.920000, 54.290000
-19.790000,-89.530000, 57.470000
-21.110000,-94.410000, 60.530000
-21.570000,-98.680000, 63.490000
-21.480000,-102.510000, 65.680000
-22.700000,-105.850000, 67.040000
-25.030000,-108.470000, 67.870000
-27.150000,-110.440000, 67.150000
-30.200000,-112.510000, 64.730000
-36.790000,-116.120000, 61.930000
-42.900000,-120.920000, 58.220000
-47.550000,-124.650000, 54.280000
-47.320000,-128.620000, 52.390000
-42.680000,-131.290000, 52.620000
-35.540000,-131.320000, 52.610000
-27.830000,-131.540000, 54.860000
-22.450000,-134.810000, 59.940000
-20.370000,-141.570000, 69.160000
-18.110000,-150.250000, 80.900000
-16.140000,-158.800000, 91.240000
-17.900000,-166.090000, 100.130000
-24.160000,-173.790000, 103.140000
-32.550000,-178.940000, 102.880000
-40.670000,-182.540000, 101.280000
-46.710000,-185.310000, 98.420000
-48.110000,-189.610000, 95.620000
-45.930000,-195.500000, 88.390000
-41.650000,-201.480000, 79.740000
-36.380000,-207.020000, 71.740000
-29.650000,-211.540000, 66.540000
-21.500000,-213.570000, 65.470000
-15.030000,-213.920000, 69.170000
-15.640000,-212.330000, 77.350000
-20.060000,-211.180000, 88.160000
-26.920000,-210.160000, 95.520000
-33.190000,-210.780000, 97.480000
-37.030000,-212.500000, 92.670000
-36.580000,-214.640000, 87.120000
-31.130000,-215.550000, 82.110000
-25.340000,-216.690000, 78.160000
-22.280000,-216.460000, 73.960000
-21.280000,-217.040000, 69.270000
-24.510000,-218.930000, 63.890000
-29.250000,-222.100000, 59.900000
-31.970000,-226.200000, 62.600000
-29.320000,-228.780000, 73.520000
-18.220000,-231.160000, 87.840000
-0.750000,-233.460000, 102.900000
 15.670000,-231.540000, 116.350000
 28.340000,-224.680000, 126.160000
 41.290000,-214.260000, 126.800000
 54.220000,-200.700000, 117.330000
 52.740000,-186.290000, 103.610000
 37.380000,-172.940000, 91.120000
 13.550000,-163.920000, 78.570000
-16.930000,-160.140000, 71.940000
-46.140000,-159.580000, 70.540000
-68.350000,-160.410000, 72.910000
-80.870000,-160.290000, 78.930000
-78.830000,-160.430000, 86.060000
-61.050000,-160.910000, 93.720000
-32.720000,-162.300000, 98.910000
-3.380000,-163.810000, 103.450000
 18.680000,-166.690000, 103.160000
 27.830000,-170.820000, 100.460000
 18.550000,-173.540000, 97.740000
-5.380000,-172.970000, 96.360000
-36.750000,-168.980000, 95.190000
-64.190000,-164.340000, 94.790000
-76.750000,-162.320000, 96.210000
-74.410000,-163.040000, 96.260000
-60.090000,-165.650000, 93.120000
-40.380000,-168.370000, 91.030000
-23.300000,-168.940000, 87.750000
-14.000000,-165.900000, 85.620000
-13.960000,-161.120000, 81.410000
-23.320000,-156.940000, 76.430000
-37.350000,-154.870000, 74.270000
-50.680000,-153.130000, 72.900000
-58.380000,-151.610000, 69.390000
-59.490000,-147.260000, 63.520000
-54.690000,-140.580000, 57.510000
-48.680000,-134.220000, 51.660000
-42.450000,-131.090000, 47.350000
-30.480000,-131.000000, 50.220000
-16.380000,-132.900000, 61.870000
-7.120000,-135.700000, 74.140000
-7.410000,-137.410000, 81.330000
-16.700000,-138.110000, 84.780000
-30.890000,-138.710000, 84.560000
-40.310000,-140.000000, 81.000000
-38.630000,-141.850000, 75.630000
-27.680000,-142.630000, 72.190000
-14.340000,-144.190000, 69.320000
-7.800000,-147.540000, 65.400000
-9.350000,-150.320000, 60.260000
-16.130000,-152.860000, 55.230000
-22.640000,-155.750000, 52.860000
-25.760000,-157.590000, 54.370000
-26.660000,-156.870000, 56.150000
-25.390000,-154.700000, 57.390000
-19.220000,-151.560000, 58.960000
-12.080000,-148.840000, 59.000000
-6.610000,-148.220000, 57.510000
-5.150000,-150.090000, 57.020000
-9.190000,-151.510000, 58.710000
-17.230000,-149.290000, 60.750000
-23.610000,-143.240000, 60.650000
-26.330000,-135.640000, 59.680000
-23.670000,-128.320000, 58.770000
-17.730000,-123.220000, 58.240000
-9.870000,-119.400000, 56.770000
-1.180000,-116.120000, 54.780000
 8.790000,-111.990000, 51.310000
 18.000000,-105.880000, 46.420000
 22.200000,-96.960000, 40.110000
 20.250000,-87.170000, 32.000000
 9.840000,-79.040000, 23.180000
-9.930000,-73.010000, 15.640000
-30.940000,-70.380000, 10.530000
-43.380000,-70.510000, 9.860000
-42.830000,-71.750000, 15.200000
-31.780000,-70.960000, 24.540000
-16.150000,-68.390000, 33.090000
-4.840000,-65.930000, 38.320000
 2.850000,-64.080000, 40.290000
 10.400000,-65.450000, 38.400000
 19.380000,-67.670000, 31.480000
 23.020000,-69.120000, 22.730000
 15.690000,-65.190000, 17.120000
-0.580000,-55.660000, 15.420000
-18.070000,-43.800000, 16.680000
-31.510000,-33.430000, 18.640000
-36.560000,-27.510000, 20.670000
-32.010000,-23.810000, 21.460000
-20.910000,-20.890000, 21.390000
-8.930000,-17.350000, 19.810000
 1.870000,-13.700000, 16.220000
 7.950000,-10.030000, 12.080000
 5.900000,-6.840000, 8.090000
-0.290000,-5.330000, 3.770000
-7.930000,-4.260000,-0.940000
-13.870000,-3.080000,-3.780000
-18.060000,-2.060000,-3.370000
-20.480000,-1.930000,-0.800000
-19.190000,-1.960000, 3.950000
-13.920000,-2.760000, 9.060000
-6.170000,-3.550000, 13.660000
 0.160000,-6.350000, 16.420000
 2.960000,-9.410000, 16.550000
 2.090000,-12.300000, 14.540000
-2.390000,-14.100000, 11.160000
-9.840000,-14.850000, 8.220000
-18.330000,-14.610000, 6.180000
-25.150000,-13.920000, 5.260000
-27.290000,-13.280000, 5.060000
-25.000000,-13.660000, 4.660000
-19.770000,-15.390000, 5.330000
-15.210000,-19.180000, 7.800000
-12.590000,-24.970000, 10.550000
-11.190000,-32.160000, 12.030000
-11.150000,-39.620000, 12.760000
-11.390000,-47.350000, 14.190000
-10.960000,-55.710000, 16.830000
-10.040000,-63.250000, 20.380000
-8.510000,-70.640000, 23.800000
-7.300000,-77.520000, 26.980000
-7.190000,-83.860000, 29.760000
-8.230000,-89.350000, 32.000000
-9.900000,-92.800000, 34.200000
-10.820000,-95.200000, 37.050000
-9.670000,-96.550000, 40.750000
-4.140000,-96.380000, 44.330000
 7.060000,-94.800000, 45.050000
 22.450000,-92.400000, 41.910000
 34.850000,-89.350000, 37.250000
 38.150000,-86.930000, 32.430000
 31.840000,-86.450000, 29.210000
 17.900000,-88.230000, 28.450000
 0.510000,-92.040000, 29.770000
-14.210000,-96.950000, 33.240000
-23.120000,-102.230000, 39.190000
-23.840000,-106.150000, 46.010000
-17.210000,-109.040000, 52.970000
-6.670000,-110.800000, 58.100000
 3.990000,-111.830000, 61.440000
 10.330000,-111.850000, 62.270000
 10.260000,-110.980000, 62.410000
 4.770000,-109.480000, 61.810000
-2.960000,-107.790000, 62.440000
-9.870000,-104.900000, 65.030000
-13.940000,-102.650000, 69.060000
-14.320000,-101.990000, 72.170000
-12.750000,-103.050000, 74.600000
-11.120000,-105.220000, 76.010000
-11.640000,-108.140000, 77.510000
-14.560000,-111.290000, 78.210000
-18.140000,-114.410000, 78.660000
-22.260000,-116.900000, 79.050000
-26.550000,-118.610000, 79.210000
-31.010000,-119.020000, 78.380000
-35.610000,-118.450000, 77.090000
-40.380000,-117.400000, 74.360000
-40.450000,-116.970000, 68.230000
-40.060000,-116.400000, 59.030000
-47.150000,-118.030000, 50.440000
-60.200000,-122.380000, 44.780000
-70.880000,-126.430000, 41.800000
-70.310000,-128.770000, 40.950000
-62.830000,-127.950000, 42.040000
-54.290000,-126.550000, 42.630000
-45.870000,-125.580000, 41.120000
-36.390000,-126.770000, 39.950000
-25.190000,-132.150000, 41.300000
-12.160000,-140.590000, 47.630000
-1.340000,-151.800000, 56.700000
 2.660000,-163.410000, 67.470000
 0.320000,-172.180000, 78.160000
-7.860000,-177.910000, 86.630000
-16.110000,-181.200000, 92.330000
-19.690000,-181.000000, 93.870000
-19.960000,-180.960000, 93.350000
-20.680000,-183.560000, 93.050000
-22.010000,-190.290000, 88.670000
-25.270000,-199.610000, 84.270000
-28.590000,-208.250000, 80.110000
-28.350000,-214.800000, 78.450000
-23.670000,-219.000000, 79.950000
-19.320000,-222.310000, 83.740000
-21.060000,-225.090000, 88.430000
-26.240000,-227.080000, 91.410000
-29.270000,-227.960000, 92.800000
-26.860000,-227.930000, 90.110000
-20.900000,-227.000000, 89.380000
-14.260000,-226.320000, 87.650000
-11.210000,-226.100000, 84.700000
-13.330000,-227.720000, 81.960000
-20.700000,-230.770000, 80.960000
-31.010000,-234.060000, 83.430000
-39.140000,-235.790000, 88.800000
-38.240000,-235.210000, 96.770000
-28.580000,-234.240000, 107.200000
-10.800000,-229.730000, 118.070000
 15.410000,-221.140000, 124.690000
 47.090000,-208.160000, 121.000000
 72.170000,-191.130000, 109.640000
 78.740000,-173.410000, 93.410000
 66.340000,-159.620000, 76.380000
 35.420000,-154.740000, 61.920000
-9.810000,-153.500000, 57.540000
-55.510000,-153.740000, 59.460000
-89.240000,-156.120000, 64.190000
-103.850000,-157.930000, 73.610000
-97.720000,-158.650000, 86.590000
-71.110000,-160.410000, 99.220000
-33.490000,-163.060000, 107.160000
 4.720000,-169.720000, 105.740000
 38.770000,-178.290000, 94.070000
 45.610000,-184.060000, 85.640000
 21.060000,-184.050000, 82.380000
-22.680000,-178.250000, 85.460000
-59.500000,-169.330000, 89.270000
-75.670000,-159.030000, 92.150000
-73.420000,-149.450000, 93.580000
-56.190000,-145.180000, 91.450000
-31.990000,-146.850000, 83.390000
-14.210000,-150.220000, 75.800000
-5.640000,-152.820000, 72.700000
-5.120000,-152.840000, 74.340000
-8.180000,-151.840000, 78.510000
-11.770000,-149.410000, 82.010000
-16.420000,-147.310000, 82.930000
-21.480000,-144.460000, 78.540000
-30.460000,-141.950000, 70.410000
-44.010000,-141.480000, 61.930000
-60.280000,-144.930000, 54.880000
-71.090000,-151.160000, 52.000000
-69.930000,-154.150000, 54.260000
-60.400000,-151.780000, 59.500000
-47.710000,-146.830000, 63.060000
-33.510000,-141.930000, 64.560000
-15.770000,-137.080000, 64.270000
 2.560000,-132.200000, 64.240000
 11.830000,-127.880000, 65.500000
 9.430000,-125.170000, 66.760000
-2.780000,-123.930000, 66.020000
-17.770000,-124.030000, 63.030000
-28.870000,-124.950000, 59.000000
-32.060000,-127.200000, 55.540000
-28.220000,-131.430000, 52.380000
-20.000000,-135.300000, 52.620000
-13.770000,-139.050000, 54.690000
-12.110000,-140.830000, 56.670000
-12.370000,-140.080000, 57.400000
-11.940000,-137.290000, 57.140000
-11.160000,-132.410000, 56.940000
-11.630000,-126.520000, 56.640000
-13.510000,-122.470000, 55.450000
-14.550000,-120.750000, 54.800000
-15.870000,-121.270000, 54.090000
-19.400000,-121.900000, 53.550000
-24.520000,-121.260000, 52.500000
-26.360000,-120.090000, 51.240000
-21.790000,-118.650000, 50.120000
-12.790000,-117.700000, 48.850000
-2.410000,-116.160000, 49.160000
 6.210000,-113.630000, 49.910000
 14.480000,-108.670000, 49.130000
 22.920000,-100.480000, 45.160000
 28.240000,-89.550000, 39.350000
 25.560000,-78.310000, 31.870000
 14.810000,-68.190000, 22.300000
-2.250000,-60.480000, 12.620000
-20.910000,-55.230000, 6.330000
-35.740000,-51.620000, 2.920000
-41.660000,-48.930000, 2.400000
-36.750000,-46.150000, 5.540000
-27.000000,-42.950000, 12.480000
-20.510000,-39.470000, 20.350000
-16.080000,-37.410000, 25.180000
-9.570000,-36.540000, 25.920000
 1.670000,-37.640000, 21.900000
 13.800000,-38.470000, 13.680000
 17.180000,-36.540000, 6.230000
 8.320000,-29.500000, 3.260000
-4.800000,-18.150000, 5.000000
-15.970000,-5.940000, 8.240000
-22.280000, 4.940000, 10.870000
-24.670000, 11.610000, 11.370000
-22.350000, 13.860000, 9.700000
-16.730000, 13.000000, 7.270000
-10.120000, 11.130000, 5.220000
-5.120000, 10.470000, 3.500000
-2.790000, 10.070000, 2.090000
-2.160000, 9.320000, 0.610000
-0.770000, 8.430000,-1.060000
 1.000000, 8.070000,-2.330000
 2.600000, 8.820000,-3.670000
 2.670000, 10.450000,-4.640000
 0.980000, 12.050000,-4.060000
-3.390000, 13.320000,-2.440000
-10.170000, 13.950000,-0.970000
-16.420000, 13.480000, 0.260000
-20.450000, 12.200000, 1.000000
-22.320000, 9.200000, 1.090000
-22.400000, 4.340000, 0.290000
-22.040000,-3.100000,-0.730000
-19.670000,-13.060000,-0.960000
-14.520000,-23.670000,-0.530000
-5.890000,-33.270000, 0.900000
 4.910000,-41.120000, 2.550000
 14.620000,-48.350000, 3.930000
 21.010000,-54.160000, 4.220000
 24.930000,-58.920000, 4.040000
 26.020000,-61.860000, 4.410000
 23.770000,-63.660000, 5.570000
 19.060000,-65.440000, 7.410000
 13.120000,-67.160000, 9.890000
 6.900000,-68.630000, 12.850000
 3.240000,-70.350000, 16.010000
 3.260000,-72.720000, 19.930000
 6.700000,-75.350000, 23.590000
 10.670000,-78.120000, 27.160000
 11.780000,-81.170000, 30.590000
 9.160000,-83.000000, 34.440000
 4.120000,-84.130000, 38.740000
-2.780000,-84.750000, 42.640000
-10.670000,-84.990000, 45.700000
-17.000000,-84.450000, 48.160000
-19.360000,-84.160000, 50.090000
-17.540000,-84.230000, 53.040000
-13.120000,-85.500000, 57.180000
-7.820000,-87.930000, 60.700000
-3.770000,-91.280000, 63.830000
-0.890000,-95.060000, 66.600000
 1.140000,-99.520000, 69.270000
 0.790000,-104.120000, 71.420000
-2.850000,-108.240000, 73.930000
-8.590000,-112.190000, 76.360000
-15.210000,-114.890000, 78.520000
-21.630000,-115.790000, 80.080000
-26.220000,-115.800000, 80.380000
-28.540000,-115.440000, 79.590000
-28.250000,-114.910000, 78.160000
-24.690000,-112.620000, 75.470000
-20.670000,-109.700000, 71.700000
-18.170000,-106.410000, 66.310000
-20.540000,-102.630000, 58.820000
-28.220000,-100.670000, 48.260000
-34.330000,-103.240000, 38.700000
-36.480000,-108.780000, 35.170000
-35.180000,-113.970000, 39.640000
-32.830000,-118.680000, 47.170000
-30.540000,-121.740000, 54.250000
-28.780000,-123.560000, 59.890000
-26.990000,-126.110000, 63.400000
-23.120000,-129.280000, 67.340000
-15.460000,-133.060000, 72.620000
-8.300000,-136.610000, 78.710000
-6.580000,-140.880000, 83.330000
-10.030000,-144.470000, 85.110000
-16.800000,-147.900000, 84.090000
-25.900000,-152.030000, 82.090000
-33.060000,-156.090000, 79.960000
-37.790000,-162.190000, 75.960000
-38.900000,-169.690000, 70.830000
-36.290000,-178.060000, 65.850000
-32.410000,-185.620000, 62.350000
-27.140000,-191.180000, 60.760000
-20.510000,-194.250000, 61.380000
-13.830000,-195.280000, 65.900000
-9.690000,-195.960000, 73.510000
-8.090000,-196.120000, 81.060000
-8.290000,-196.650000, 86.220000
-9.000000,-197.700000, 88.090000
-9.190000,-198.930000, 88.680000
-10.710000,-200.040000, 88.530000
-14.760000,-200.950000, 87.570000
-20.400000,-202.030000, 85.650000
-26.600000,-203.080000, 84.030000
-30.870000,-204.570000, 82.530000
-33.140000,-206.650000, 80.740000
-35.190000,-209.110000, 78.830000
-37.460000,-211.230000, 76.930000
-38.050000,-214.440000, 77.800000
-36.070000,-218.140000, 82.700000
-27.310000,-221.250000, 87.890000
-7.700000,-223.740000, 92.940000
 14.250000,-221.830000, 98.640000
 31.440000,-213.270000, 106.820000
 44.860000,-199.980000, 110.170000
 51.120000,-185.160000, 105.270000
 48.480000,-170.650000, 93.440000
 37.760000,-156.830000, 77.110000
 14.980000,-146.440000, 60.730000
-8.670000,-138.730000, 47.500000
-28.100000,-135.090000, 35.540000
-41.870000,-135.460000, 26.470000
-53.780000,-136.560000, 25.440000
-57.660000,-136.980000, 32.130000
-42.960000,-134.900000, 41.030000
-12.700000,-131.030000, 49.210000
 18.440000,-126.220000, 55.210000
 36.310000,-119.980000, 59.880000
 39.850000,-113.890000, 64.050000
 30.630000,-107.930000, 67.350000
 15.600000,-103.440000, 67.880000
-0.940000,-100.160000, 66.380000
-18.190000,-95.960000, 65.660000
-32.340000,-90.960000, 66.780000
-41.770000,-84.800000, 68.700000
-43.640000,-79.590000, 69.690000
-37.930000,-76.050000, 68.720000
-26.720000,-77.420000, 66.290000
-15.390000,-82.900000, 63.920000
-7.700000,-90.600000, 62.800000
-4.710000,-98.570000, 63.640000
-6.320000,-105.200000, 66.040000
-10.360000,-110.060000, 66.250000
-14.120000,-112.950000, 63.520000
-21.190000,-112.500000, 60.810000
-30.510000,-113.670000, 59.100000
-39.070000,-116.110000, 58.090000
-43.860000,-116.530000, 56.690000
-44.900000,-113.080000, 53.640000
-44.180000,-107.760000, 49.380000
-43.520000,-103.170000, 44.710000
-38.290000,-99.070000, 40.320000
-23.350000,-96.580000, 38.130000
-5.290000,-95.580000, 39.510000
 7.290000,-96.830000, 44.120000
 10.700000,-99.900000, 49.930000
 6.070000,-102.990000, 56.560000
-5.010000,-104.830000, 62.300000
-17.170000,-105.060000, 65.240000
-25.450000,-104.490000, 64.730000
-28.560000,-104.650000, 62.190000
-26.500000,-108.220000, 59.370000
-22.200000,-113.540000, 57.380000
-19.900000,-119.170000, 55.510000
-18.210000,-124.250000, 53.400000
-16.640000,-127.910000, 52.410000
-13.260000,-129.540000, 52.260000
-6.900000,-130.250000, 52.470000
-0.700000,-131.150000, 53.930000
 1.220000,-132.600000, 55.770000
-1.350000,-133.640000, 57.960000
-6.600000,-133.260000, 59.450000
-14.000000,-131.250000, 60.580000
-21.930000,-128.490000, 61.350000
-26.860000,-125.930000, 62.080000
-30.360000,-124.450000, 62.610000
-32.330000,-123.190000, 62.610000
-34.100000,-122.140000, 60.900000
-33.240000,-121.020000, 57.230000
-30.160000,-119.690000, 52.990000
-27.510000,-118.220000, 51.320000
-24.600000,-117.390000, 51.410000
-20.400000,-117.210000, 53.180000
-14.510000,-119.370000, 57.000000
-7.630000,-122.120000, 62.190000
 1.630000,-123.540000, 64.760000
 11.900000,-122.010000, 64.400000
 19.470000,-117.030000, 62.010000
 23.120000,-110.380000, 58.190000
 24.930000,-103.170000, 51.830000
 23.610000,-96.510000, 44.110000
 17.410000,-90.450000, 36.120000
 4.480000,-84.940000, 29.220000
-12.480000,-79.990000, 24.410000
-26.830000,-75.800000, 21.440000
-34.870000,-72.480000, 18.560000
-34.940000,-70.430000, 16.520000
-27.280000,-67.870000, 16.960000
-14.900000,-64.480000, 18.170000
-2.740000,-61.080000, 19.760000
 5.740000,-58.350000, 19.960000
 10.700000,-57.160000, 18.380000
 10.670000,-56.640000, 16.210000
 3.520000,-54.640000, 15.770000
-7.510000,-51.500000, 17.560000
-16.330000,-47.210000, 19.860000
-19.830000,-42.570000, 22.220000
-19.720000,-37.940000, 23.900000
-17.190000,-34.150000, 24.660000
-12.980000,-31.000000, 23.980000
-9.120000,-28.030000, 21.420000
-7.200000,-25.250000, 18.250000
-7.160000,-22.920000, 15.150000
-8.090000,-20.540000, 12.640000
-10.980000,-18.670000, 11.320000
-15.500000,-16.620000, 11.030000
-20.570000,-15.160000, 11.190000
-22.790000,-14.580000, 11.040000
-21.650000,-14.270000, 10.510000
-17.090000,-13.190000, 9.660000
-10.710000,-11.550000, 7.440000
-4.340000,-9.070000, 4.990000
 0.830000,-6.420000, 2.610000
 4.510000,-3.240000, 1.440000
 5.270000,-0.530000, 1.830000
 3.230000, 1.360000, 2.470000
-1.010000, 2.950000, 2.850000
-5.350000, 4.540000, 3.170000
-9.580000, 5.600000, 2.930000
-12.540000, 5.910000, 1.710000
-14.150000, 4.120000, 0.150000
-14.150000, 2.500000,-1.260000
-11.290000, 0.500000,-1.600000
-5.050000,-0.700000,-0.520000
 3.160000,-1.530000, 1.070000
 10.540000,-2.280000, 2.780000
 14.560000,-3.290000, 3.920000
 13.280000,-4.190000, 4.260000
 7.100000,-4.880000, 4.110000
-2.030000,-5.460000, 4.200000
-10.980000,-5.900000, 4.420000
-16.960000,-6.440000, 5.100000
-18.760000,-7.230000, 6.280000
-17.310000,-8.770000, 7.220000
-13.520000,-10.750000, 7.850000
-9.900000,-13.880000, 7.560000
-7.410000,-17.090000, 6.330000
-7.570000,-20.330000, 4.620000
-9.110000,-22.840000, 3.790000
-12.050000,-24.550000, 3.890000
-15.410000,-26.300000, 5.100000
-17.740000,-28.240000, 6.530000
-18.810000,-30.930000, 8.060000
-18.030000,-34.250000, 9.590000
-15.620000,-38.390000, 12.050000
-12.390000,-43.930000, 14.830000
-8.870000,-48.950000, 17.740000
-5.900000,-54.190000, 21.380000
-3.370000,-59.860000, 25.290000
-1.770000,-66.100000, 28.980000
-1.450000,-71.460000, 31.540000
-2.850000,-75.920000, 33.290000
-6.040000,-79.770000, 35.370000
-9.670000,-82.540000, 37.680000
-11.330000,-84.200000, 39.480000
-8.790000,-85.690000, 41.130000
-1.310000,-86.690000, 42.740000
 9.260000,-87.670000, 43.290000
 22.060000,-87.410000, 41.800000
 34.160000,-87.160000, 38.430000
 39.950000,-87.840000, 34.870000
 36.700000,-89.900000, 32.200000
 26.900000,-93.720000, 31.350000
 15.960000,-97.860000, 32.580000
 8.760000,-101.170000, 34.680000
 6.480000,-102.540000, 37.470000
 8.820000,-102.750000, 40.470000
 15.320000,-103.100000, 42.870000
 22.170000,-103.090000, 44.000000
 26.090000,-103.120000, 44.890000
 23.420000,-102.530000, 45.380000
 15.650000,-101.350000, 46.420000
 5.050000,-99.560000, 48.160000
-4.830000,-98.360000, 52.130000
-10.450000,-97.030000, 57.220000
-10.380000,-97.260000, 61.800000
-7.210000,-99.270000, 66.550000
-2.920000,-102.690000, 71.230000
-0.430000,-106.960000, 75.270000
-0.940000,-110.770000, 77.940000
-4.580000,-114.620000, 79.190000
-10.870000,-118.190000, 79.820000
-18.600000,-120.410000, 80.030000
-27.240000,-122.140000, 80.360000
-33.870000,-123.570000, 80.650000
-37.220000,-124.540000, 81.740000
-35.770000,-123.640000, 85.350000
-35.930000,-123.350000, 89.090000
-33.350000,-119.610000, 90.450000
-30.290000,-114.510000, 90.180000
-27.880000,-108.780000, 85.220000
-29.660000,-102.290000, 77.160000
-36.510000,-99.360000, 65.560000
-47.740000,-102.730000, 52.830000
-61.830000,-108.860000, 45.720000
-67.900000,-113.260000, 45.770000
-63.120000,-115.130000, 48.890000
-52.280000,-114.640000, 51.780000
-40.320000,-113.360000, 52.060000
-29.910000,-112.040000, 49.410000
-20.430000,-112.220000, 49.080000
-9.740000,-117.150000, 54.270000
 2.000000,-128.190000, 63.010000
 10.930000,-142.730000, 73.180000
 7.580000,-155.800000, 83.320000
-8.900000,-166.090000, 91.400000
-29.140000,-173.820000, 97.510000
-42.730000,-179.350000, 95.650000
-48.180000,-184.070000, 93.120000
-44.080000,-186.870000, 88.240000
-34.480000,-188.630000, 84.390000
-24.340000,-190.720000, 81.040000
-15.330000,-192.850000, 79.140000
-9.320000,-194.580000, 78.610000
-7.100000,-195.120000, 79.950000
-9.300000,-196.070000, 81.230000
-15.220000,-196.830000, 81.560000
-21.740000,-197.330000, 80.610000
-25.570000,-196.540000, 78.880000
-25.010000,-194.580000, 77.190000
-21.270000,-192.720000, 76.080000
-15.200000,-191.330000, 75.190000
-8.400000,-191.290000, 75.660000
-6.240000,-192.670000, 76.770000
-13.820000,-194.310000, 77.460000
-27.880000,-196.690000, 76.990000
-40.960000,-200.450000, 77.450000
-45.820000,-203.930000, 80.930000
-41.590000,-206.480000, 88.030000
-27.790000,-207.980000, 94.770000
-8.020000,-208.120000, 101.740000
 16.440000,-205.710000, 103.550000
 40.160000,-200.170000, 102.230000
 56.420000,-192.000000, 97.480000
 57.640000,-181.250000, 87.840000
 44.010000,-170.090000, 73.990000
 16.240000,-161.160000, 61.130000
-17.880000,-156.570000, 53.110000
-49.400000,-155.780000, 50.410000
-71.900000,-158.500000, 53.020000
-83.740000,-162.570000, 61.730000
-79.750000,-165.350000, 75.120000
-58.050000,-167.350000, 88.720000
-30.090000,-167.820000, 100.120000
-3.800000,-167.000000, 108.570000
 23.150000,-168.700000, 108.190000
 39.460000,-171.510000, 101.290000
 32.520000,-170.690000, 93.290000
 9.060000,-165.900000, 89.230000
-19.320000,-158.000000, 84.210000
-41.700000,-146.770000, 81.450000
-50.540000,-135.430000, 80.560000
-45.770000,-128.580000, 78.240000
-35.870000,-125.910000, 73.410000
-27.580000,-125.610000, 68.590000
-20.950000,-126.170000, 64.810000
-14.770000,-127.430000, 62.950000
-9.310000,-127.320000, 62.870000
-5.480000,-125.700000, 63.980000
-4.090000,-123.460000, 65.530000
-6.200000,-119.810000, 67.230000
-11.600000,-114.700000, 67.420000
-19.390000,-109.740000, 66.150000
-26.050000,-105.090000, 62.620000
-28.150000,-100.540000, 54.480000
-30.330000,-95.800000, 43.590000
-35.530000,-93.530000, 33.980000
-45.460000,-94.540000, 30.380000
-53.030000,-98.310000, 34.140000
-51.540000,-103.060000, 41.320000
-42.220000,-106.710000, 48.470000
-31.020000,-107.750000, 54.250000
-19.640000,-104.830000, 55.260000
-8.190000,-100.170000, 51.600000
 2.180000,-94.720000, 46.410000
 7.600000,-90.510000, 43.310000
 6.150000,-88.030000, 42.340000
 0.040000,-87.540000, 42.930000
-6.910000,-87.930000, 43.700000
-12.240000,-86.980000, 43.540000
-15.530000,-85.700000, 41.900000
-16.030000,-83.840000, 39.430000
-14.340000,-82.320000, 37.550000
-11.940000,-82.590000, 35.870000
-8.680000,-84.320000, 33.610000
-4.030000,-86.200000, 31.900000
 2.510000,-88.000000, 32.160000
 9.380000,-89.610000, 34.400000
 14.060000,-91.480000, 37.850000
 15.020000,-93.220000, 40.690000
 9.190000,-95.510000, 41.830000
-2.190000,-97.410000, 42.460000
-15.680000,-99.560000, 43.610000
-27.150000,-101.140000, 46.720000
-35.210000,-101.940000, 50.920000
-36.780000,-102.030000, 53.140000
-33.520000,-101.640000, 53.160000
-26.910000,-101.560000, 52.540000
-17.750000,-101.470000, 53.530000
-7.110000,-101.460000, 55.600000
-0.060000,-100.310000, 58.310000
 3.870000,-98.290000, 59.740000
 6.390000,-96.060000, 58.430000
 9.700000,-91.990000, 53.360000
 12.260000,-86.510000, 45.830000
 12.130000,-78.550000, 36.400000
 7.370000,-70.900000, 26.410000
-1.190000,-64.720000, 15.740000
-11.980000,-59.400000, 6.520000
-21.260000,-55.460000, 0.090000
-26.970000,-51.960000,-3.170000
-28.930000,-48.610000,-1.670000
-26.590000,-44.700000, 5.230000
-18.410000,-41.260000, 14.290000
-8.930000,-38.290000, 22.580000
 1.110000,-35.770000, 27.930000
 12.950000,-36.060000, 29.090000
 25.250000,-39.230000, 25.810000
 30.540000,-43.300000, 21.750000
 22.650000,-44.940000, 20.750000
 6.220000,-43.930000, 23.550000
-11.630000,-41.380000, 27.300000
-25.180000,-38.270000, 29.380000
-31.770000,-36.890000, 29.820000
-29.440000,-38.780000, 28.900000
-18.700000,-43.220000, 25.960000
-5.980000,-45.770000, 22.330000
 3.650000,-44.650000, 19.590000
 10.070000,-40.820000, 18.230000
 12.300000,-35.160000, 16.800000
 9.490000,-28.630000, 14.760000
 1.500000,-21.630000, 12.030000
-9.700000,-16.030000, 9.650000
-21.730000,-11.930000, 7.240000
-31.940000,-9.410000, 5.530000
-37.560000,-9.070000, 3.620000
-36.850000,-9.510000, 2.610000
-29.330000,-11.870000, 2.840000
-16.250000,-14.910000, 4.450000
-2.060000,-17.890000, 5.640000
 8.000000,-20.380000, 5.500000
 10.840000,-22.090000, 5.100000
 6.120000,-23.500000, 5.250000
-2.120000,-25.680000, 5.180000
-11.180000,-28.030000, 5.870000
-17.550000,-30.660000, 6.520000
-18.690000,-33.520000, 7.200000
-14.640000,-37.100000, 7.950000
-7.230000,-41.100000, 8.100000
 0.280000,-46.100000, 7.600000
 6.060000,-50.900000, 7.020000
 9.320000,-54.970000, 6.490000
 12.280000,-58.390000, 5.620000
 15.160000,-60.210000, 5.990000
 18.950000,-60.950000, 6.610000
 22.390000,-60.870000, 8.320000
 23.500000,-59.350000, 9.900000
 22.920000,-57.690000, 11.750000
 19.480000,-56.680000, 13.710000
 14.090000,-56.800000, 15.250000
 8.930000,-58.310000, 16.720000
 6.050000,-60.380000, 17.900000
 4.120000,-62.410000, 19.900000
 3.050000,-63.970000, 21.990000
 2.160000,-65.320000, 24.220000
 1.860000,-66.110000, 26.610000
 0.050000,-66.040000, 29.280000
-0.920000,-65.920000, 32.440000
-1.900000,-66.130000, 35.440000
-1.920000,-65.940000, 38.770000
-0.560000,-65.870000, 42.170000
 1.330000,-65.290000, 46.010000
 3.790000,-64.240000, 49.030000
 6.450000,-63.580000, 51.860000
 8.480000,-63.350000, 53.910000
 8.820000,-63.920000, 55.270000
 7.930000,-64.120000, 56.030000
 5.710000,-64.360000, 56.120000
 0.060000,-65.300000, 56.230000
-8.230000,-66.030000, 55.900000
-17.900000,-67.230000, 55.740000
-27.350000,-68.130000, 55.970000
-34.070000,-68.370000, 56.370000
-37.090000,-68.770000, 56.480000
-37.070000,-69.320000, 55.410000
-36.070000,-70.260000, 53.440000
-35.110000,-71.580000, 50.210000
-33.470000,-72.000000, 47.020000
-33.380000,-73.080000, 43.540000
-34.460000,-73.680000, 39.920000
-35.910000,-74.620000, 35.640000
-38.220000,-76.990000, 32.590000
-40.850000,-81.350000, 32.740000
-41.250000,-88.380000, 35.950000
-37.130000,-95.570000, 39.640000
-31.030000,-101.000000, 43.640000
-24.090000,-103.580000, 47.780000
-17.410000,-104.220000, 51.350000
-13.420000,-103.700000, 54.800000
-12.520000,-103.130000, 56.400000
-14.020000,-105.300000, 56.930000
-13.040000,-110.120000, 56.090000
-8.130000,-117.100000, 56.630000
-3.410000,-124.860000, 59.290000
-2.900000,-132.080000, 62.870000
-5.270000,-137.670000, 66.060000
-9.510000,-140.140000, 69.610000
-13.050000,-139.170000, 71.800000
-15.390000,-137.680000, 72.110000
-17.280000,-137.140000, 71.100000
-17.060000,-138.120000, 68.540000
-13.580000,-140.670000, 66.220000
-7.640000,-144.580000, 65.500000
-1.570000,-149.190000, 65.580000
 2.180000,-154.680000, 65.820000
 0.580000,-160.580000, 66.900000
-5.950000,-166.320000, 69.660000
-13.620000,-172.430000, 73.080000
-20.400000,-176.670000, 76.180000
-26.620000,-178.740000, 77.170000
-30.780000,-179.600000, 75.970000
-31.000000,-182.060000, 75.270000
-27.230000,-185.380000, 76.340000
-24.320000,-186.800000, 78.540000
-20.660000,-186.460000, 80.410000
-15.230000,-185.640000, 83.430000
-8.820000,-183.570000, 88.850000
 2.360000,-182.090000, 94.040000
 16.430000,-180.410000, 94.900000
 27.660000,-178.350000, 96.890000
 32.780000,-175.320000, 95.600000
 34.970000,-172.110000, 92.470000
 34.100000,-167.850000, 86.290000
 28.600000,-162.030000, 74.550000
 15.700000,-156.260000, 61.870000
-3.980000,-153.290000, 52.480000
-27.090000,-154.460000, 49.110000
-49.970000,-157.740000, 51.880000
-68.290000,-161.380000, 61.220000
-72.580000,-163.940000, 73.490000
-57.450000,-166.120000, 86.550000
-29.700000,-166.900000, 97.010000
-0.420000,-166.850000, 105.060000
 24.750000,-165.690000, 107.740000
 39.330000,-165.120000, 105.320000
 34.390000,-164.450000, 100.800000
 9.900000,-162.870000, 97.290000
-23.980000,-159.310000, 93.230000
-52.480000,-154.060000, 90.680000
-66.550000,-149.100000, 89.870000
-65.070000,-145.910000, 90.310000
-53.210000,-145.720000, 90.070000
-41.310000,-148.490000, 90.700000
-34.210000,-152.820000, 87.510000
-31.800000,-157.740000, 84.370000
-31.770000,-161.000000, 82.320000
-30.200000,-162.950000, 80.810000
-25.510000,-162.670000, 77.570000
-24.310000,-160.120000, 75.850000
-30.060000,-157.530000, 77.300000
-43.220000,-155.700000, 80.710000
-58.240000,-155.350000, 83.060000
-64.610000,-154.440000, 81.640000
-62.290000,-151.450000, 77.230000
-57.080000,-146.220000, 70.490000
-53.540000,-142.060000, 62.190000
-47.600000,-141.700000, 56.020000
-37.780000,-144.900000, 54.770000
-25.610000,-149.600000, 59.510000
-15.070000,-154.370000, 67.630000
-9.700000,-158.480000, 74.810000
-11.100000,-161.900000, 79.850000
-15.540000,-165.150000, 83.320000
-18.160000,-168.830000, 85.510000
-18.640000,-172.610000, 86.650000
-17.250000,-176.540000, 85.690000
-16.420000,-180.810000, 84.470000
-16.970000,-185.350000, 82.450000
-19.340000,-189.380000, 80.620000
-21.130000,-192.810000, 80.020000
-20.770000,-194.150000, 81.030000
-17.230000,-193.770000, 81.710000
-13.380000,-191.470000, 82.480000
-12.340000,-186.700000, 83.550000
-11.650000,-182.060000, 84.020000
-10.700000,-179.050000, 81.880000
-10.380000,-177.990000, 78.230000
-8.870000,-178.510000, 75.350000
-6.310000,-179.860000, 75.200000
-7.210000,-182.100000, 75.350000
-13.960000,-184.030000, 73.620000
-21.920000,-186.930000, 69.800000
-24.540000,-191.390000, 66.470000
-22.890000,-196.770000, 67.020000
-17.190000,-199.750000, 71.530000
-9.190000,-198.060000, 78.680000
 3.830000,-189.660000, 84.710000
 22.140000,-174.160000, 85.430000
 37.890000,-154.280000, 78.500000
 39.860000,-134.030000, 67.020000
 28.810000,-117.450000, 52.910000
 9.210000,-104.960000, 40.340000
-16.470000,-95.420000, 31.610000
-38.910000,-87.920000, 25.930000
-50.700000,-83.640000, 23.450000
-50.890000,-80.680000, 23.900000
-43.250000,-77.350000, 28.850000
-34.270000,-73.830000, 37.730000
-24.750000,-71.730000, 44.370000
-14.330000,-71.670000, 46.030000
-4.540000,-73.620000, 42.600000
 4.850000,-76.420000, 35.100000
 8.180000,-78.440000, 26.160000
-1.150000,-76.190000, 20.250000
-15.890000,-69.830000, 18.130000
-28.100000,-60.930000, 18.320000
-34.030000,-51.480000, 19.650000
-33.210000,-42.760000, 20.600000
-25.570000,-35.400000, 21.160000
-12.840000,-30.210000, 21.410000
 0.170000,-27.290000, 21.060000
 8.170000,-25.490000, 19.830000
 11.350000,-23.740000, 18.700000
 9.390000,-20.380000, 18.530000
 3.990000,-17.030000, 18.520000
-3.280000,-14.190000, 18.390000
-12.480000,-12.140000, 17.780000
-22.370000,-11.400000, 16.000000
-29.960000,-11.780000, 13.360000
-32.080000,-12.230000, 10.780000
-26.920000,-11.860000, 9.290000
-16.130000,-10.140000, 9.320000
-4.440000,-7.930000, 10.760000
 4.860000,-5.680000, 12.210000
 10.770000,-4.700000, 12.920000
 12.330000,-5.430000, 13.050000
 10.440000,-7.910000, 13.040000
 5.850000,-12.540000, 12.890000
 0.410000,-18.200000, 12.720000
-4.250000,-23.510000, 13.300000
-6.920000,-27.380000, 14.490000
-8.580000,-28.990000, 15.190000
-10.260000,-27.600000, 15.720000
-12.410000,-24.150000, 15.700000
-12.620000,-19.070000, 14.810000
-11.120000,-14.570000, 13.510000
-9.350000,-11.470000, 11.370000
-8.650000,-9.960000, 8.050000
-8.750000,-9.410000, 3.400000
-9.600000,-10.050000,-0.810000
-11.210000,-10.670000,-4.420000
-12.510000,-11.090000,-5.840000
-12.830000,-11.260000,-6.410000
-12.350000,-11.660000,-6.070000
-11.580000,-12.060000,-4.710000
-10.380000,-13.200000,-2.500000
-9.660000,-14.750000, 1.050000
-11.120000,-16.960000, 4.560000
-14.480000,-19.730000, 7.710000
-18.370000,-23.930000, 9.880000
-21.870000,-29.160000, 11.830000
-23.040000,-35.440000, 13.550000
-20.960000,-42.000000, 14.790000
-15.410000,-48.530000, 16.430000
-7.870000,-55.250000, 18.300000
 0.980000,-61.450000, 20.110000
 9.700000,-66.550000, 22.320000
 17.520000,-71.350000, 25.230000
 23.160000,-75.470000, 28.780000
 25.960000,-78.420000, 32.510000
 26.420000,-80.800000, 35.320000
 23.850000,-82.170000, 37.480000
 18.840000,-82.970000, 38.940000
 13.290000,-83.040000, 40.100000
 8.960000,-82.930000, 40.410000
 6.840000,-82.160000, 40.380000
 8.350000,-81.920000, 41.190000
 10.160000,-80.670000, 43.790000
 7.700000,-80.750000, 46.760000
 3.990000,-80.350000, 49.340000
-0.330000,-80.070000, 50.630000
-2.880000,-79.950000, 51.940000
-3.630000,-79.000000, 53.630000
-2.850000,-77.960000, 55.140000
-0.610000,-76.450000, 56.890000
 2.000000,-74.540000, 58.510000
 4.030000,-72.350000, 59.870000
 4.250000,-70.510000, 60.670000
 2.630000,-70.620000, 60.170000
-0.670000,-72.460000, 59.090000
-6.530000,-76.770000, 58.720000
-13.260000,-82.510000, 58.480000
-20.410000,-87.670000, 59.440000
-25.790000,-90.320000, 60.010000
-30.050000,-90.900000, 59.450000
-34.550000,-89.920000, 56.420000
-36.740000,-88.340000, 52.810000
-41.170000,-87.740000, 50.610000
-46.340000,-87.030000, 49.650000
-46.750000,-86.170000, 47.790000
-42.090000,-85.080000, 45.090000
-40.130000,-85.330000, 43.280000
-39.510000,-89.140000, 43.410000
-35.290000,-98.240000, 46.100000
-25.290000,-110.710000, 53.990000
-14.120000,-124.360000, 65.760000
-10.180000,-136.460000, 77.290000
-15.380000,-146.450000, 85.320000
-24.880000,-154.010000, 89.090000
-32.790000,-159.440000, 88.830000
-35.220000,-163.720000, 85.590000
-31.990000,-167.800000, 82.540000
-25.010000,-173.370000, 79.070000
-17.320000,-179.610000, 75.630000
-11.980000,-184.570000, 73.690000
-8.660000,-187.430000, 73.380000
-6.640000,-188.000000, 76.490000
-7.060000,-188.090000, 81.900000
-9.900000,-188.060000, 86.780000
-13.740000,-189.220000, 89.610000
-16.590000,-191.140000, 88.350000
-19.380000,-193.290000, 84.480000
-21.290000,-196.410000, 79.740000
-21.740000,-199.400000, 75.070000
-20.040000,-203.190000, 71.430000
-19.620000,-207.590000, 69.150000
-22.450000,-213.960000, 69.500000
-30.480000,-221.720000, 73.450000
-38.340000,-228.600000, 81.640000
-38.700000,-230.680000, 90.930000
-28.950000,-227.490000, 100.960000
-6.570000,-221.940000, 108.490000
 21.560000,-214.520000, 113.980000
 44.910000,-205.510000, 116.170000
 58.190000,-195.450000, 114.130000
 60.140000,-185.160000, 105.840000
 49.530000,-173.920000, 93.160000
 26.960000,-161.990000, 81.870000
-1.920000,-152.300000, 71.440000
-31.920000,-146.380000, 63.690000
-54.950000,-144.900000, 58.090000
-71.230000,-146.600000, 56.960000
-77.660000,-149.560000, 62.770000
-68.370000,-154.080000, 73.190000
-42.730000,-158.830000, 86.380000
-9.580000,-162.920000, 98.220000
 17.080000,-163.160000, 106.190000
 34.840000,-162.190000, 110.410000
 43.370000,-163.130000, 108.770000
 37.450000,-164.910000, 103.550000
 16.090000,-164.500000, 98.180000
-14.530000,-160.030000, 96.770000
-40.360000,-150.830000, 93.610000
-53.960000,-139.210000, 93.430000
-56.990000,-128.770000, 93.470000
-52.610000,-122.370000, 93.290000
-44.540000,-121.850000, 89.540000
-38.590000,-123.900000, 82.620000
-37.320000,-125.540000, 76.800000
-36.620000,-126.750000, 73.200000
-33.860000,-126.360000, 72.300000
-29.870000,-125.120000, 71.390000
-24.110000,-125.130000, 66.230000
-20.380000,-127.470000, 58.260000
-25.930000,-132.490000, 55.220000
-40.030000,-139.810000, 57.870000
-52.930000,-147.900000, 62.210000
-57.720000,-152.160000, 66.270000
-53.960000,-149.310000, 70.320000
-44.030000,-142.300000, 72.060000
-34.340000,-132.200000, 69.000000
-30.640000,-123.300000, 60.370000
-27.820000,-117.610000, 50.000000
-25.180000,-117.090000, 44.760000
-24.330000,-121.080000, 45.640000
-24.530000,-128.420000, 51.930000
-25.480000,-135.960000, 60.320000
-27.780000,-141.840000, 67.900000
-29.230000,-145.370000, 73.180000
-26.880000,-146.350000, 76.220000
-19.400000,-144.310000, 78.070000
-11.220000,-141.990000, 79.540000
-5.990000,-143.000000, 78.000000
-3.830000,-147.170000, 72.060000
-5.600000,-152.890000, 64.410000
-11.830000,-157.830000, 58.090000
-18.260000,-160.640000, 55.000000
-22.170000,-161.450000, 54.610000
-21.180000,-158.990000, 55.900000
-21.220000,-155.200000, 58.000000
-23.430000,-151.090000, 59.590000
-26.090000,-146.970000, 60.200000
-25.270000,-143.450000, 58.700000
-19.190000,-139.620000, 55.520000
-10.560000,-135.420000, 54.720000
-3.660000,-130.200000, 56.270000
-1.580000,-124.070000, 56.960000
-5.620000,-119.040000, 55.220000
-13.340000,-115.790000, 51.010000
-21.390000,-114.150000, 49.440000
-28.310000,-112.940000, 51.960000
-32.930000,-108.960000, 54.610000
-29.970000,-101.840000, 53.580000
-13.860000,-92.000000, 47.700000
 7.950000,-80.950000, 40.800000
 22.230000,-69.100000, 33.770000
 25.190000,-57.900000, 24.610000
 16.040000,-50.620000, 13.330000
-3.960000,-46.920000, 3.350000
-23.030000,-45.670000,-2.580000
-32.680000,-44.940000,-4.060000
-31.700000,-44.750000, 0.500000
-24.830000,-43.170000, 9.740000
-18.060000,-41.450000, 18.250000
-12.690000,-40.260000, 23.250000
-4.310000,-41.350000, 23.200000
 7.830000,-44.640000, 17.250000
 16.010000,-47.170000, 8.730000
 12.870000,-46.000000, 1.890000
 0.380000,-41.950000,-1.370000
-16.770000,-35.440000, 0.000000
-29.290000,-28.580000, 4.970000
-33.470000,-24.270000, 10.640000
-32.700000,-21.810000, 16.110000
-27.320000,-21.280000, 19.160000
-16.980000,-22.370000, 19.190000
-3.800000,-24.450000, 18.320000
 5.590000,-27.170000, 18.550000
 7.990000,-29.020000, 19.540000
 3.810000,-30.670000, 19.410000
-2.880000,-31.990000, 17.440000
-8.010000,-33.540000, 15.090000
-8.560000,-34.620000, 14.060000
-7.220000,-33.550000, 13.580000
-4.820000,-31.120000, 13.260000
-1.720000,-27.320000, 12.580000
 0.410000,-23.750000, 13.090000
-0.850000,-21.320000, 13.640000
-4.990000,-20.660000, 13.930000
-10.890000,-21.650000, 13.160000
-15.470000,-22.930000, 11.290000
-17.960000,-24.540000, 8.870000
-18.890000,-26.450000, 6.540000
-19.250000,-28.940000, 5.840000
-18.090000,-32.060000, 6.950000
-14.960000,-35.960000, 9.220000
-10.320000,-39.090000, 12.060000
-4.970000,-42.260000, 15.090000
-0.170000,-45.850000, 17.160000
 2.670000,-49.450000, 18.350000
 3.320000,-53.410000, 18.550000
 1.290000,-56.830000, 17.760000
-2.490000,-60.340000, 16.000000
-5.900000,-64.230000, 14.320000
-8.360000,-68.530000, 13.250000
-8.930000,-73.320000, 13.100000
-7.220000,-77.990000, 13.670000
-2.440000,-82.590000, 15.360000
 4.410000,-86.740000, 16.860000
 11.620000,-90.510000, 18.280000
 16.590000,-93.410000, 19.790000
 18.370000,-94.560000, 22.090000
 15.760000,-94.790000, 25.250000
 11.190000,-93.380000, 27.910000
 5.940000,-91.130000, 29.240000
 1.650000,-87.880000, 29.700000
-1.780000,-84.450000, 30.700000
-4.690000,-81.170000, 31.810000
-6.670000,-77.320000, 33.070000
-8.290000,-73.870000, 34.290000
-10.330000,-70.030000, 35.870000
-14.410000,-67.050000, 36.740000
-18.460000,-65.070000, 38.080000
-20.470000,-62.830000, 40.160000
-19.020000,-60.900000, 43.250000
-14.600000,-58.560000, 47.960000
-7.890000,-56.820000, 53.260000
 0.430000,-54.890000, 57.540000
 7.670000,-52.840000, 59.520000
 11.830000,-50.530000, 59.550000
 10.410000,-48.000000, 56.890000
 3.770000,-46.700000, 51.680000
-4.830000,-46.860000, 45.750000
-12.090000,-48.740000, 40.410000
-17.660000,-51.990000, 36.290000
-19.860000,-54.220000, 33.890000
-18.000000,-55.760000, 32.510000
-13.190000,-56.520000, 31.280000
-9.050000,-56.740000, 29.190000
-8.860000,-57.850000, 26.810000
-14.580000,-60.690000, 26.260000
-22.570000,-63.350000, 27.300000
-27.470000,-63.480000, 28.710000
-28.640000,-61.640000, 28.320000
-26.550000,-58.540000, 26.660000
-23.670000,-55.780000, 23.320000
-22.830000,-54.290000, 19.000000
-22.120000,-57.420000, 16.600000
-16.000000,-67.480000, 20.160000
-8.260000,-83.380000, 29.930000
-1.580000,-99.200000, 43.740000
-1.860000,-111.860000, 58.770000
-9.990000,-120.290000, 72.300000
-19.630000,-126.510000, 79.690000
-23.750000,-129.870000, 81.220000
-23.160000,-131.370000, 79.900000
-22.900000,-135.060000, 75.820000
-23.580000,-142.420000, 68.100000
-25.550000,-151.550000, 58.660000
-25.890000,-159.730000, 50.140000
-22.640000,-166.060000, 46.030000
-17.520000,-168.960000, 47.030000
-12.700000,-170.280000, 51.860000
-12.330000,-171.600000, 59.220000
-16.490000,-174.480000, 66.510000
-20.400000,-179.220000, 72.250000
-21.370000,-186.090000, 75.420000
-20.540000,-193.800000, 74.760000
-21.350000,-199.830000, 73.410000
-22.630000,-204.700000, 74.190000
-25.120000,-209.310000, 76.770000
-28.660000,-214.010000, 80.240000
-32.450000,-216.970000, 83.540000
-36.450000,-217.860000, 86.030000
-38.960000,-217.200000, 88.580000
-38.540000,-215.250000, 93.460000
-32.750000,-211.790000, 98.140000
-18.510000,-208.220000, 103.530000
 4.740000,-203.670000, 105.590000
 27.320000,-195.410000, 103.600000
 42.710000,-186.190000, 99.880000
 48.760000,-176.220000, 92.680000
 43.320000,-167.420000, 81.800000
 28.540000,-158.740000, 67.120000
 7.290000,-152.350000, 53.900000
-16.650000,-150.620000, 46.250000
-37.650000,-153.700000, 45.130000
-54.190000,-160.280000, 50.340000
-63.600000,-167.530000, 60.560000
-60.000000,-173.680000, 72.380000
-40.870000,-177.840000, 82.290000
-13.560000,-179.320000, 89.370000
 9.960000,-177.770000, 94.220000
 27.320000,-175.240000, 95.540000
 35.940000,-174.140000, 93.250000
 28.140000,-172.800000, 90.090000
 5.650000,-170.190000, 88.670000
-22.990000,-165.100000, 88.690000
-47.020000,-156.580000, 91.060000
-57.560000,-145.760000, 93.830000
-52.100000,-135.410000, 93.640000
-33.510000,-129.390000, 93.000000
-11.880000,-130.090000, 87.530000
 0.860000,-133.580000, 80.240000
 3.350000,-138.570000, 74.510000
-2.070000,-143.610000, 70.390000
-12.480000,-147.410000, 67.990000
-22.870000,-150.350000, 66.250000
-28.800000,-151.190000, 64.320000
-34.630000,-150.900000, 64.910000
-45.510000,-151.820000, 69.280000
-54.380000,-154.030000, 72.830000
-56.210000,-155.290000, 74.630000
-52.700000,-152.670000, 75.780000
-47.440000,-146.630000, 75.640000
-42.450000,-141.050000, 71.830000
-39.930000,-137.370000, 64.590000
-37.130000,-137.690000, 59.030000
-33.610000,-141.950000, 58.590000
-29.480000,-147.800000, 61.450000
-27.570000,-152.930000, 64.810000
-26.530000,-156.510000, 69.000000
-24.710000,-158.030000, 74.040000
-21.570000,-159.100000, 78.320000
-16.190000,-160.490000, 81.530000
-8.990000,-162.140000, 84.290000
-2.620000,-164.740000, 86.780000
-0.280000,-168.520000, 87.480000
-4.850000,-173.340000, 86.580000
-16.310000,-178.480000, 84.400000
-30.070000,-183.170000, 82.510000
-39.430000,-186.500000, 81.900000
-41.660000,-188.190000, 82.100000
-36.780000,-188.370000, 82.710000
-28.640000,-186.830000, 83.470000
-20.360000,-183.880000, 84.570000
-14.700000,-180.680000, 82.520000
-13.100000,-176.910000, 78.630000
-14.760000,-173.360000, 74.390000
-20.120000,-170.460000, 70.310000
-28.440000,-168.660000, 64.780000
-33.420000,-168.260000, 58.930000
-32.250000,-168.810000, 56.520000
-23.480000,-168.680000, 59.960000
-11.310000,-166.470000, 68.520000
 2.900000,-160.670000, 76.000000
 17.830000,-150.890000, 78.490000
 29.690000,-138.800000, 74.150000
 32.830000,-126.750000, 65.090000
 27.400000,-117.320000, 53.510000
 14.350000,-110.830000, 42.310000
-4.810000,-107.700000, 34.090000
-23.220000,-105.530000, 28.290000
-35.030000,-104.390000, 24.960000
-41.190000,-103.800000, 25.650000
-42.350000,-101.640000, 32.220000
-35.600000,-98.700000, 42.310000
-19.810000,-94.390000, 50.870000
-2.260000,-90.080000, 54.990000
 12.090000,-86.300000, 55.550000
 20.940000,-84.440000, 51.050000
 21.940000,-83.200000, 42.270000
 11.410000,-79.930000, 32.620000
-6.570000,-74.080000, 25.370000
-23.770000,-65.100000, 21.830000
-35.880000,-56.160000, 21.280000
-39.420000,-47.990000, 21.060000
-35.860000,-41.670000, 20.050000
-26.220000,-36.710000, 17.760000
-14.480000,-33.440000, 15.510000
-4.640000,-30.410000, 13.660000
 2.380000,-27.540000, 11.750000
 6.510000,-24.700000, 9.940000
 7.730000,-22.450000, 8.910000
 6.920000,-19.650000, 9.230000
 4.000000,-16.410000, 10.440000
-1.650000,-13.410000, 12.070000
-10.560000,-10.710000, 12.730000
-20.250000,-8.210000, 12.300000
-26.090000,-5.730000, 10.840000
-28.020000,-4.090000, 8.720000
-25.320000,-2.570000, 6.310000
-20.380000,-1.040000, 3.900000
-14.900000, 0.670000, 1.390000
-8.030000, 2.910000,-1.160000
 0.650000, 4.980000,-2.370000
 9.020000, 7.100000,-2.850000
 12.610000, 9.000000,-2.510000
 11.430000, 9.820000,-2.310000
 7.840000, 10.130000,-2.220000
 2.110000, 10.770000,-1.290000
-5.950000, 11.800000, 0.100000
-14.070000, 13.640000, 1.490000
-18.480000, 14.640000, 3.890000
-17.830000, 15.970000, 6.780000
-14.090000, 17.670000, 9.840000
-9.770000, 17.940000, 12.380000
-8.040000, 16.510000, 14.610000
-8.420000, 13.850000, 15.840000
-9.930000, 10.900000, 15.120000
-12.210000, 8.130000, 11.850000
-15.190000, 5.420000, 6.960000
-19.740000, 2.740000, 1.300000
-22.900000,-1.400000,-4.220000
-22.740000,-5.710000,-8.260000
-19.480000,-10.540000,-8.510000
-13.240000,-15.950000,-3.370000
-5.870000,-21.890000, 4.150000
 0.510000,-27.490000, 11.420000
 3.380000,-31.660000, 16.960000
 2.000000,-34.350000, 20.070000
-0.910000,-36.500000, 21.330000
-4.490000,-39.010000, 21.000000
-7.560000,-42.260000, 19.280000
-9.110000,-47.210000, 17.150000
-9.090000,-52.310000, 14.530000
-8.410000,-56.960000, 12.300000
-9.670000,-60.950000, 12.030000
-12.710000,-65.970000, 13.960000
-19.490000,-70.970000, 17.180000
-27.940000,-74.670000, 19.810000
-32.700000,-79.380000, 24.140000
-31.880000,-85.290000, 30.530000
-25.290000,-91.370000, 38.510000
-13.430000,-97.060000, 46.960000
-0.840000,-100.740000, 54.780000
 9.180000,-101.770000, 59.200000
 20.460000,-101.820000, 58.040000
 30.770000,-100.670000, 52.780000
 32.960000,-98.710000, 46.450000
 28.030000,-96.890000, 39.360000
 18.270000,-97.090000, 33.740000
 3.490000,-99.290000, 30.930000
-15.020000,-103.450000, 30.880000
-32.030000,-108.510000, 33.900000
-40.610000,-113.190000, 40.660000
-36.510000,-116.840000, 48.370000
-21.750000,-119.220000, 57.130000
-2.580000,-120.120000, 65.310000
 16.580000,-121.200000, 71.480000
 32.160000,-123.670000, 72.680000
 38.110000,-126.530000, 71.380000
 30.930000,-128.560000, 70.610000
 14.780000,-128.800000, 72.720000
-3.030000,-127.290000, 76.900000
-15.080000,-124.220000, 81.540000
-18.320000,-122.500000, 86.050000
-13.660000,-123.120000, 88.330000
-6.350000,-125.530000, 88.590000
-3.330000,-128.910000, 87.640000
-7.990000,-132.450000, 87.190000
-18.800000,-136.770000, 86.900000
-33.050000,-141.010000, 85.820000
-45.000000,-144.750000, 84.320000
-53.440000,-147.960000, 80.710000
-58.900000,-150.870000, 76.250000
-60.480000,-152.830000, 73.020000
-60.180000,-152.240000, 70.250000
-59.800000,-149.290000, 67.160000
-58.400000,-144.940000, 64.220000
-53.410000,-139.580000, 61.290000
-44.810000,-132.940000, 58.400000
-36.240000,-125.940000, 55.320000
-30.920000,-121.000000, 50.860000
-27.290000,-120.830000, 47.320000
-25.410000,-125.670000, 48.000000
-25.820000,-135.790000, 53.000000
-28.090000,-148.250000, 61.900000
-30.830000,-160.250000, 71.220000
-32.240000,-168.670000, 78.920000
-33.010000,-174.170000, 83.570000
-32.170000,-176.450000, 85.590000
-26.250000,-175.980000, 85.740000
-20.480000,-175.220000, 86.050000
-19.320000,-176.930000, 84.660000
-21.810000,-182.590000, 80.470000
-26.280000,-190.900000, 74.960000
-29.430000,-199.190000, 71.050000
-30.880000,-205.140000, 69.640000
-31.700000,-209.090000, 72.160000
-33.620000,-211.850000, 76.000000
-35.430000,-214.130000, 80.460000
-33.120000,-215.900000, 83.080000
-28.720000,-216.880000, 82.700000
-24.480000,-218.590000, 80.120000
-21.150000,-220.740000, 76.940000
-19.120000,-225.070000, 75.610000
-21.150000,-229.980000, 78.130000
-29.140000,-232.070000, 81.820000
-36.040000,-231.030000, 83.490000
-37.380000,-226.970000, 82.660000
-29.480000,-221.770000, 85.330000
-14.040000,-216.440000, 93.930000
 0.910000,-210.640000, 106.740000
 15.900000,-205.000000, 113.320000
 34.380000,-198.740000, 108.690000
 49.510000,-190.410000, 98.180000
 52.910000,-179.830000, 86.740000
 45.490000,-170.810000, 73.350000
 25.090000,-166.260000, 61.620000
-9.440000,-165.770000, 55.220000
-46.000000,-165.090000, 54.670000
-78.710000,-164.110000, 58.770000
-100.320000,-163.600000, 67.350000
-101.580000,-162.500000, 79.000000
-76.510000,-160.120000, 89.160000
-33.290000,-154.580000, 96.940000
 8.370000,-151.470000, 99.900000
 47.110000,-153.630000, 92.320000
 68.480000,-156.110000, 80.250000
 61.540000,-155.610000, 70.910000
 32.000000,-152.550000, 64.410000
-8.670000,-145.800000, 62.820000
-40.580000,-135.820000, 64.610000
-51.960000,-125.270000, 68.190000
-44.680000,-119.590000, 69.800000
-26.530000,-120.560000, 68.070000
-10.290000,-124.300000, 67.010000
-2.670000,-128.160000, 68.250000
-4.370000,-130.740000, 71.110000
-10.960000,-132.000000, 74.930000
-17.540000,-132.120000, 76.690000
-16.690000,-131.450000, 70.620000
-12.850000,-131.500000, 58.820000
-19.110000,-133.560000, 49.860000
-34.530000,-139.830000, 46.550000
-50.490000,-144.060000, 47.330000
-60.420000,-145.220000, 51.800000
-61.760000,-143.870000, 56.960000
-56.020000,-137.250000, 60.210000
-47.590000,-125.260000, 59.600000
-30.880000,-116.110000, 54.500000
-5.740000,-112.760000, 52.410000
 10.990000,-111.360000, 56.190000
 12.960000,-111.570000, 60.490000
 2.540000,-111.950000, 63.350000
-14.100000,-111.920000, 64.870000
-27.340000,-110.400000, 64.200000
-32.520000,-109.500000, 60.740000
-30.450000,-108.060000, 57.670000
-21.710000,-106.160000, 56.800000
-12.240000,-104.940000, 57.280000
-6.320000,-106.080000, 56.700000
-5.910000,-109.560000, 53.420000
-10.640000,-114.000000, 49.100000
-16.470000,-118.600000, 45.040000
-20.870000,-121.420000, 43.750000
-23.770000,-121.450000, 43.800000
-24.320000,-118.510000, 43.890000
-25.250000,-114.830000, 45.190000
-30.110000,-112.160000, 48.090000
-35.210000,-110.930000, 49.800000
-38.530000,-109.360000, 51.630000
-39.690000,-105.500000, 54.060000
-33.930000,-100.920000, 56.260000
-21.190000,-93.600000, 57.000000
-6.000000,-85.350000, 56.100000
 4.950000,-77.870000, 54.050000
 9.700000,-71.640000, 50.460000
 8.870000,-66.080000, 43.930000
 6.290000,-62.180000, 36.730000
 4.330000,-58.120000, 29.330000
 1.870000,-54.120000, 22.100000
-0.930000,-51.640000, 13.930000
-4.320000,-50.310000, 6.010000
-8.760000,-50.610000, 1.740000
-13.160000,-51.770000, 2.040000
-15.480000,-52.070000, 6.780000
-14.230000,-52.020000, 14.980000
-10.610000,-51.290000, 25.040000
-8.080000,-48.720000, 33.340000
-8.680000,-46.080000, 39.010000
-6.490000,-45.350000, 40.170000
 1.490000,-48.150000, 34.350000
 9.160000,-53.580000, 23.490000
 4.540000,-57.630000, 15.310000
-11.190000,-59.070000, 12.930000
-30.680000,-58.600000, 16.390000
-47.000000,-57.890000, 21.510000
-54.560000,-57.860000, 25.920000
-53.550000,-57.850000, 29.000000
-40.480000,-58.460000, 29.870000
-18.740000,-59.810000, 28.640000
 5.930000,-62.260000, 26.430000
 21.970000,-63.010000, 23.840000
 25.390000,-64.000000, 21.270000
 18.480000,-64.540000, 18.980000
 5.160000,-66.670000, 18.430000
-8.940000,-68.970000, 19.850000
-16.740000,-70.740000, 23.300000
-16.070000,-70.680000, 25.800000
-9.580000,-68.720000, 26.580000
-0.760000,-66.920000, 25.670000
 7.120000,-65.790000, 23.450000
 11.390000,-66.290000, 21.830000
 10.620000,-67.540000, 20.550000
 6.630000,-68.150000, 19.130000
 2.760000,-68.220000, 18.610000
 2.810000,-67.680000, 19.020000
 7.230000,-66.580000, 20.030000
 12.050000,-66.020000, 20.450000
 14.600000,-64.380000, 18.740000
 15.480000,-62.190000, 15.680000
 13.540000,-60.240000, 12.470000
 8.770000,-57.780000, 9.940000
 2.160000,-55.030000, 8.440000
-3.370000,-52.000000, 8.090000
-6.110000,-48.600000, 8.340000
-6.510000,-44.650000, 9.490000
-3.970000,-40.870000, 10.340000
 0.080000,-37.680000, 10.980000
 2.930000,-35.380000, 11.420000
 3.770000,-33.820000, 11.140000
 2.100000,-32.580000, 10.870000
-1.500000,-31.330000, 11.250000
-6.290000,-30.700000, 13.060000
-10.900000,-30.350000, 15.980000
-14.180000,-30.910000, 19.740000
-15.400000,-32.740000, 23.630000
-14.550000,-35.740000, 28.360000
-12.130000,-39.510000, 32.710000
-8.210000,-44.150000, 36.700000
-5.340000,-48.340000, 41.060000
-4.340000,-52.970000, 44.960000
-4.890000,-57.740000, 48.500000
-7.080000,-63.040000, 51.780000
-10.070000,-67.480000, 54.120000
-13.000000,-71.470000, 56.060000
-14.800000,-74.220000, 57.230000
-16.650000,-76.360000, 57.800000
-18.090000,-77.670000, 58.090000
-19.290000,-78.480000, 57.450000
-21.870000,-77.660000, 56.360000
-25.090000,-75.110000, 55.320000
-29.430000,-71.360000, 53.710000
-34.540000,-66.350000, 49.380000
-40.710000,-63.830000, 41.560000
-46.230000,-64.300000, 32.980000
-48.320000,-70.900000, 28.670000
-44.410000,-78.970000, 29.580000
-34.190000,-85.350000, 32.240000
-22.030000,-89.030000, 36.260000
-11.860000,-91.510000, 40.980000
-8.660000,-94.090000, 43.870000
-12.250000,-98.580000, 46.060000
-17.800000,-105.600000, 52.010000
-18.550000,-115.250000, 62.930000
-14.700000,-126.280000, 73.950000
-15.400000,-136.320000, 82.180000
-22.110000,-143.670000, 85.060000
-31.030000,-149.670000, 84.160000
-37.550000,-154.410000, 81.520000
-38.960000,-157.840000, 78.000000
-34.700000,-161.710000, 73.070000
-25.650000,-166.900000, 67.100000
-15.140000,-173.630000, 61.280000
-9.090000,-180.220000, 56.800000
-5.900000,-185.090000, 55.150000
-3.250000,-188.450000, 56.660000
-3.300000,-190.080000, 62.090000
-6.740000,-191.930000, 71.170000
-13.410000,-194.830000, 80.290000
-19.490000,-198.600000, 85.600000
-22.740000,-202.350000, 87.240000
-23.310000,-203.950000, 85.960000
-22.060000,-204.100000, 84.670000
-20.030000,-204.080000, 83.620000
-20.990000,-202.540000, 81.910000
-24.770000,-200.800000, 79.090000
-28.900000,-199.870000, 74.460000
-34.310000,-200.960000, 68.380000
-40.640000,-203.830000, 62.730000
-47.160000,-207.310000, 62.250000
-48.350000,-211.580000, 69.480000
-42.450000,-214.980000, 81.520000
-24.540000,-216.340000, 93.290000
 5.960000,-215.450000, 98.610000
 39.360000,-212.510000, 100.530000
 63.860000,-207.780000, 102.830000
 74.960000,-202.220000, 105.220000
 69.760000,-195.410000, 104.660000
 50.610000,-186.180000, 99.700000
 20.610000,-175.910000, 91.840000
-13.610000,-167.020000, 80.820000
-45.470000,-161.810000, 74.480000
-70.890000,-159.740000, 73.160000
-88.160000,-161.380000, 77.370000
-91.560000,-165.350000, 86.190000
-78.020000,-170.580000, 94.320000
-48.370000,-174.770000, 102.840000
-16.640000,-175.650000, 108.290000
 6.690000,-173.120000, 111.720000
 20.880000,-169.190000, 111.030000
 23.810000,-165.950000, 107.290000
 12.870000,-162.360000, 102.780000
-8.660000,-157.750000, 99.130000
-32.460000,-151.540000, 95.170000
-49.030000,-145.840000, 93.090000
-55.530000,-142.120000, 88.790000
-54.060000,-141.100000, 84.410000
-47.810000,-142.230000, 80.450000
-41.640000,-144.180000, 77.500000
-38.990000,-145.300000, 75.730000
-38.040000,-144.350000, 72.030000
-33.470000,-142.240000, 62.540000
-31.990000,-141.870000, 54.640000
-37.460000,-144.290000, 53.760000
-46.730000,-149.540000, 58.930000
-52.700000,-152.060000, 66.350000
-54.740000,-150.200000, 73.010000
-51.270000,-144.800000, 75.290000
-45.180000,-138.860000, 70.310000
-45.090000,-133.010000, 60.410000
-43.600000,-129.450000, 52.310000
-34.540000,-130.880000, 51.500000
-23.420000,-135.990000, 55.290000
-17.700000,-143.210000, 59.260000
-20.660000,-150.400000, 62.820000
-26.870000,-154.480000, 66.140000
-30.340000,-158.540000, 69.330000
-27.580000,-162.350000, 69.770000
-20.860000,-166.190000, 70.090000
-12.630000,-168.630000, 71.570000
-8.670000,-171.450000, 73.390000
-11.800000,-174.950000, 74.000000
-20.090000,-178.620000, 72.600000
-29.180000,-181.580000, 70.290000
-33.120000,-183.310000, 68.610000
-29.800000,-181.980000, 67.400000
-21.280000,-177.640000, 67.700000
-12.910000,-171.350000, 69.840000
-9.280000,-164.320000, 73.090000
-11.780000,-158.460000, 72.930000
-17.330000,-154.480000, 68.790000
-22.580000,-151.790000, 62.900000
-23.680000,-150.820000, 57.840000
-21.600000,-149.180000, 54.100000
-17.620000,-146.730000, 52.010000
-12.210000,-144.370000, 50.280000
-8.270000,-142.730000, 48.120000
-9.440000,-142.060000, 46.410000
-15.410000,-141.450000, 46.110000
-24.160000,-140.700000, 49.310000
-31.430000,-138.630000, 54.540000
-33.820000,-135.610000, 59.220000
-30.830000,-130.310000, 63.800000
-22.120000,-121.330000, 66.880000
-11.740000,-110.840000, 67.810000
-0.110000,-100.510000, 64.710000
 9.940000,-91.740000, 57.310000
 12.700000,-83.670000, 46.000000
 7.080000,-77.800000, 34.580000
-3.130000,-74.340000, 25.510000
-15.140000,-73.930000, 18.940000
-25.620000,-74.480000, 14.290000
-33.160000,-76.200000, 11.970000
-36.160000,-78.380000, 13.350000
-33.370000,-79.870000, 18.890000
-23.710000,-80.750000, 27.200000
-10.870000,-80.120000, 35.000000
-0.090000,-77.320000, 40.090000
 4.330000,-72.540000, 42.250000
 1.320000,-68.840000, 43.250000
-7.140000,-66.770000, 42.270000
-17.100000,-64.380000, 38.740000
-26.110000,-62.510000, 33.660000
-30.470000,-60.400000, 28.020000
-28.220000,-57.810000, 22.630000
-21.670000,-53.960000, 18.550000
-14.090000,-48.320000, 15.520000
-9.920000,-41.700000, 13.720000
-9.900000,-34.760000, 12.910000
-13.510000,-28.060000, 12.150000
-18.220000,-22.360000, 11.330000
-19.920000,-17.850000, 9.900000
-17.420000,-16.210000, 8.120000
-11.220000,-16.390000, 6.080000
-5.100000,-18.640000, 4.160000
 0.610000,-21.900000, 2.990000
 5.300000,-25.330000, 3.610000
 7.380000,-28.920000, 6.190000
 5.670000,-31.520000, 10.180000
 0.560000,-32.280000, 14.250000
-6.580000,-32.290000, 17.340000
-12.350000,-31.410000, 19.290000
-16.400000,-29.870000, 20.870000
-17.740000,-28.520000, 21.140000
-15.610000,-28.310000, 19.510000
-9.870000,-29.670000, 16.470000
-0.940000,-31.300000, 13.060000
 8.800000,-33.310000, 9.760000
 15.740000,-35.630000, 7.690000
 19.340000,-38.930000, 6.660000
 19.740000,-42.240000, 8.170000
 17.480000,-45.700000, 10.540000
 13.130000,-48.970000, 12.710000
 7.410000,-53.160000, 13.350000
 1.710000,-58.590000, 12.940000
-1.660000,-65.090000, 12.060000
-2.430000,-71.290000, 11.140000
-0.960000,-78.100000, 10.160000
 2.830000,-84.160000, 10.250000
 7.640000,-89.130000, 12.150000
 12.280000,-92.930000, 15.920000
 15.730000,-94.730000, 20.430000
 16.950000,-95.090000, 24.800000
 15.560000,-94.220000, 28.840000
 13.140000,-91.690000, 32.610000
 9.190000,-87.420000, 35.690000
 3.880000,-83.070000, 37.790000
-1.510000,-79.270000, 40.790000
-7.610000,-75.980000, 44.400000
-12.990000,-73.500000, 49.030000
-16.160000,-71.240000, 53.280000
-16.670000,-69.380000, 56.930000
-15.790000,-67.640000, 60.320000
-13.720000,-65.470000, 62.830000
-12.530000,-64.190000, 64.470000
-12.130000,-61.740000, 64.540000
-12.410000,-59.860000, 63.870000
-12.140000,-57.980000, 62.410000
-12.080000,-57.070000, 60.030000
-13.510000,-57.770000, 57.970000
-17.190000,-60.420000, 56.790000
-23.820000,-64.110000, 56.070000
-30.380000,-66.980000, 53.800000
-33.940000,-69.680000, 49.980000
-37.120000,-70.950000, 45.090000
-38.300000,-72.290000, 38.340000
-35.250000,-74.820000, 31.160000
-31.580000,-77.930000, 29.040000
-26.390000,-78.530000, 30.390000
-20.380000,-75.540000, 31.960000
-16.160000,-70.790000, 32.290000
-16.600000,-66.820000, 31.030000
-18.580000,-65.760000, 28.320000
-18.810000,-69.010000, 26.800000
-14.480000,-77.870000, 30.900000
-5.390000,-89.620000, 41.170000
 2.160000,-102.730000, 54.900000
-0.090000,-114.540000, 68.840000
-11.400000,-124.640000, 79.490000
-28.080000,-131.380000, 84.390000
-41.740000,-136.540000, 84.730000
-47.930000,-140.380000, 82.280000
-46.730000,-144.090000, 76.710000
-40.140000,-150.190000, 67.480000
-29.120000,-157.470000, 56.670000
-17.300000,-163.790000, 48.380000
-6.130000,-168.660000, 45.470000
 4.920000,-169.630000, 49.450000
 8.660000,-170.510000, 55.930000
 4.590000,-171.930000, 64.610000
-5.370000,-175.640000, 73.250000
-18.180000,-181.070000, 79.030000
-28.620000,-186.800000, 81.610000
-34.410000,-192.450000, 82.750000
-37.380000,-197.960000, 81.480000
-37.590000,-203.880000, 77.300000
-37.190000,-208.920000, 72.250000
-39.200000,-214.720000, 67.610000
-45.440000,-220.650000, 62.340000
-53.890000,-226.080000, 59.680000
-53.250000,-231.540000, 63.870000
-44.000000,-235.410000, 77.160000
-23.700000,-237.900000, 94.760000
 8.090000,-236.500000, 106.830000
 42.350000,-230.950000, 113.630000
 68.600000,-222.310000, 115.750000
 78.960000,-212.990000, 115.480000
 72.930000,-203.250000, 111.870000
 53.610000,-193.450000, 103.150000
 26.370000,-184.090000, 91.330000
-4.120000,-173.350000, 76.880000
-31.860000,-164.250000, 67.540000
-57.520000,-158.410000, 63.390000
-76.280000,-157.720000, 64.540000
-81.660000,-161.160000, 70.870000
-69.030000,-165.440000, 80.740000
-39.410000,-169.410000, 90.570000
-5.300000,-170.710000, 98.770000
 19.640000,-169.240000, 104.760000
 35.080000,-166.110000, 105.690000
 38.810000,-162.490000, 102.810000
 28.240000,-158.160000, 97.400000
 3.800000,-152.080000, 93.400000
-27.910000,-144.330000, 91.800000
-55.930000,-135.950000, 90.010000
-69.940000,-128.410000, 88.620000
-71.670000,-124.030000, 87.210000
-63.800000,-122.450000, 84.540000
-50.740000,-124.170000, 79.380000
-39.380000,-127.190000, 73.220000
-30.140000,-130.090000, 67.270000
-20.560000,-134.160000, 55.750000
-14.450000,-140.110000, 40.950000
-19.810000,-143.350000, 29.880000
-32.320000,-150.400000, 28.420000
-47.120000,-159.250000, 39.290000
-53.500000,-161.960000, 54.650000
-51.960000,-157.470000, 68.910000
-45.070000,-148.160000, 74.110000
-37.340000,-139.020000, 68.930000
-29.220000,-134.350000, 62.410000
-15.440000,-134.060000, 61.290000
-4.000000,-136.090000, 65.180000
-2.730000,-140.670000, 66.770000
-11.670000,-147.840000, 65.220000
-24.620000,-153.950000, 64.820000
-34.670000,-157.590000, 65.950000
-38.220000,-160.900000, 66.330000
-30.800000,-163.510000, 66.790000
-15.880000,-163.300000, 70.210000
-1.960000,-163.020000, 75.220000
 2.800000,-166.550000, 77.710000
 1.590000,-172.150000, 75.820000
-2.290000,-177.950000, 71.960000
-6.720000,-181.730000, 69.200000
-9.280000,-183.280000, 70.190000
-8.480000,-182.030000, 73.810000
-5.970000,-178.180000, 78.250000
-6.130000,-172.350000, 82.130000
-10.930000,-166.290000, 82.740000
-18.770000,-163.160000, 78.830000
-28.150000,-163.100000, 72.420000
-33.540000,-164.480000, 65.120000
-31.970000,-165.150000, 59.760000
-25.770000,-165.620000, 57.590000
-19.670000,-164.620000, 56.840000
-15.870000,-161.450000, 57.340000
-11.480000,-158.680000, 61.460000
-6.510000,-155.520000, 67.990000
-2.220000,-150.330000, 75.650000
-0.840000,-141.360000, 82.650000
 2.230000,-129.000000, 85.130000
 7.620000,-115.610000, 81.190000
 13.430000,-101.380000, 69.640000
 14.580000,-87.080000, 54.450000
 9.540000,-74.690000, 39.480000
-0.930000,-66.340000, 28.020000
-13.400000,-63.360000, 19.350000
-23.640000,-63.360000, 13.290000
-30.370000,-64.110000, 11.850000
-34.070000,-64.220000, 16.400000
-32.890000,-64.040000, 25.100000
-24.310000,-63.620000, 32.940000
-11.820000,-62.870000, 36.740000
-0.260000,-61.580000, 37.290000
 8.160000,-60.200000, 33.020000
 11.650000,-58.480000, 25.150000
 5.110000,-54.610000, 17.710000
-10.470000,-48.740000, 13.830000
-28.830000,-40.720000, 14.170000
-41.390000,-31.960000, 15.530000
-44.930000,-24.310000, 16.470000
-39.630000,-19.940000, 16.150000
-26.350000,-19.700000, 13.830000
-9.790000,-21.360000, 10.360000
 4.750000,-23.890000, 6.540000
 14.080000,-26.460000, 3.510000
 15.480000,-28.180000, 1.660000
 8.880000,-29.990000, 1.250000
-1.730000,-31.020000, 3.280000
-9.870000,-31.340000, 8.600000
-12.450000,-30.350000, 15.090000
-12.000000,-27.330000, 19.990000
-11.190000,-23.640000, 22.340000
-10.290000,-20.190000, 22.120000
-8.910000,-17.040000, 20.640000
-8.100000,-14.640000, 17.470000
-8.610000,-12.940000, 13.570000
-10.710000,-11.430000, 10.030000
-14.150000,-11.250000, 7.100000
-16.500000,-13.250000, 4.770000
-15.780000,-16.980000, 2.830000
-11.500000,-21.840000, 2.330000
-3.440000,-26.650000, 2.420000
 6.220000,-30.540000, 3.610000
 13.650000,-34.430000, 5.290000
 16.030000,-39.290000, 6.090000
 13.980000,-45.460000, 6.810000
 9.740000,-51.830000, 9.180000
 5.590000,-56.450000, 14.410000
 3.620000,-57.490000, 21.750000
 3.670000,-56.070000, 29.420000
 5.310000,-53.020000, 36.220000
 6.720000,-49.060000, 41.660000
 5.870000,-46.200000, 45.880000
 1.360000,-45.820000, 47.770000
-6.160000,-46.320000, 47.170000
-14.080000,-48.000000, 45.490000
-20.680000,-51.220000, 44.250000
-23.320000,-55.000000, 43.920000
-22.160000,-58.660000, 44.640000
-19.380000,-61.430000, 45.590000
-17.870000,-64.870000, 45.100000
-21.610000,-70.490000, 41.820000
-28.900000,-75.620000, 35.090000
-37.360000,-84.570000, 28.600000
-45.470000,-96.930000, 27.830000
-52.020000,-107.610000, 32.760000
-54.290000,-116.510000, 39.960000
-43.380000,-120.180000, 44.880000
-25.300000,-118.180000, 46.840000
-7.640000,-113.760000, 45.960000
 5.470000,-110.160000, 44.850000
 12.940000,-109.930000, 45.040000
 13.800000,-114.250000, 48.540000
 8.640000,-122.700000, 57.830000
-3.050000,-131.880000, 69.060000
-19.530000,-140.640000, 77.120000
-37.560000,-148.670000, 78.450000
-51.050000,-154.390000, 74.380000
-53.570000,-156.640000, 69.900000
-46.210000,-158.430000, 66.600000
-33.360000,-161.590000, 63.640000
-20.530000,-165.870000, 60.190000
-10.400000,-170.350000, 56.480000
-1.190000,-173.690000, 55.260000
 6.760000,-174.880000, 59.920000
 7.670000,-174.550000, 66.400000
 1.540000,-175.570000, 71.480000
-9.220000,-178.540000, 74.890000
-20.900000,-182.900000, 77.730000
-34.290000,-188.770000, 79.900000
-45.530000,-193.580000, 80.640000
-49.340000,-197.130000, 80.770000
-46.960000,-200.470000, 79.460000
-41.670000,-202.290000, 76.350000
-34.720000,-204.810000, 72.670000
