0.000533
0.002511
0.009715
0.015005
0.014494
0.014972
0.014845
0.014875
0.014744
0.014746
0.014975
0.014906
0.014754
0.015216
0.016777
0.012529
0.015804
0.014235
0.014375
0.016797
0.014639
0.013193
0.015174
0.014505
0.014853
0.014796
0.014778
0.014830
0.014932
0.015931
0.013887
0.023589
0.006846
0.013901
0.014872
0.014699
0.016126
0.013710
0.014895
0.015964
0.013772
0.015381
0.017839
0.011290
0.014732
0.015847
0.014070
0.014694
0.014868
0.014697
0.014974
0.014849
0.017972
0.011634
0.014841
0.024860
0.009206
0.010585
0.021380
0.008025
0.015116
0.030165
0.003592
0.013701
0.011668
0.015060
0.014895
0.014789
0.017015
0.012630
0.024105
0.005615
0.026649
0.002954
0.014927
0.014771
0.014871
0.014706
0.014960
0.014885
0.014844
0.014748
0.014744
0.014798
0.014941
0.015178
0.014636
0.015652
0.014382
0.014364
0.015155
0.014984
0.015313
0.013954
0.015266
0.014433
0.014817
0.015081
0.014559
0.014825
0.014748
0.015029
0.015343
0.014315
0.014855
0.014850
0.014812
0.014824
0.014731
0.014887
0.014900
0.015047
0.014731
0.014687
0.014959
0.014831
0.014887
0.014842
0.014668
0.014885
0.014870
0.024224
0.005456
0.014776
0.014888
0.014828
0.014754
0.014999
0.014661
0.014942
0.014828
0.014845
0.017893
0.011841
0.014812
0.014827
0.014813
0.014679
0.015440
0.015704
0.027828
0.005793
0.010677
0.028658
0.006031
0.009565
0.014794
0.014477
0.014466
0.014841
0.015153
0.014426
0.014909
0.014898
0.026921
0.004578
0.012742
0.016181
0.013632
0.014924
0.014834
0.015363
0.014284
0.014844
0.014747
0.020878
0.008837
0.022295
0.007496
0.014720
0.015002
0.014777
0.014909
0.014718
0.029547
0.003532
0.027133
0.002893
0.017114
0.010120
0.014887
0.013826
0.016953
0.013088
0.014278
0.015585
0.017095
0.012898
0.015917
0.016441
0.011106
0.014749
0.017122
0.013132
0.014231
0.014934
0.015006
0.014627
0.019893
0.009794
0.015294
0.017142
0.012417
0.015361
0.013976
0.014746
0.015409
0.014362
0.016366
0.013231
0.016396
0.013951
0.014183
0.016397
0.013363
0.014870
0.014877
0.014924
0.014596
0.014766
0.014904
0.015174
0.015603
0.013767
0.015292
0.014544
0.014791
0.015085
0.014354
0.015846
0.013887
0.014700
0.014999
0.014909
0.014860
0.015430
0.014143
0.016093
0.013649
0.027936
0.002862
0.062440
0.006114
0.000101
0.000064
0.004419
0.014467
0.015021
0.025490
0.005397
0.013561
0.014852
0.014829
0.014812
0.014790
0.014940
0.014739
0.014819
0.014850
0.014805
0.014728
0.015180
0.014428
0.014888
0.014906
0.014854
0.015134
0.014493
0.016021
0.013592
0.015418
0.014313
0.014763
0.014690
0.015742
0.014065
0.014922
0.016766
0.014649
0.013072
0.014700
0.038515
0.002923
0.003079
0.015519
0.014251
0.014747
0.014870
0.014762
0.014824
0.015087
0.014576
0.014909
0.016151
0.013482
0.015264
0.014271
0.014769
0.014894
0.014742
0.014784
0.015074
0.014693
0.015026
0.014570
0.014943
0.014922
0.014844
0.014764
0.014841
0.014872
0.014827
0.014827
0.014838
0.016022
0.013604
0.015051
0.014526
0.014747
0.015315
0.014485
0.014831
0.014801
0.014859
0.014809
0.014636
0.014920
0.014819
0.014953
0.014672
0.014915
0.015112
0.014533
0.014971
0.014663
0.014780
0.015009
0.014833
0.014719
0.014740
0.014938
0.016236
0.014934
0.014337
0.013598
0.015194
0.017565
0.011929
0.016372
0.013325
0.014716
0.014911
0.014820
0.016465
0.058238
0.006159
0.000233
0.000114
0.007913
0.014659
0.014933
0.014745
0.014971
0.014488
0.015013
0.015462
0.014179
0.014587
0.015107
0.015020
0.014658
0.014820
0.027056
0.002584
0.016042
0.013583
0.014929
0.014701
0.014901
0.014833
0.014736
0.014792
0.014854
0.015308
0.014317
0.014938
0.014844
0.014853
0.014832
0.014760
0.014713
0.014903
0.016618
0.013272
0.014778
0.017543
0.012070
0.014858
0.014751
0.015621
0.013918
0.015030
0.018112
0.011533
0.014761
0.014901
0.016565
0.012982
0.014847
0.014748
0.030932
0.002870
0.010868
0.014899
0.014809
0.014789
0.014806
0.014903
0.014962
0.014984
0.014529
0.014935
0.015978
0.013874
0.014636
0.014861
0.014818
0.014797
0.015069
0.016390
0.012967
0.014889
0.015211
0.014388
0.014785
0.014906
0.014779
0.014996
0.015488
0.014005
0.015435
0.014253
0.014910
0.014830
0.014705
0.014791
0.015040
0.015972
0.013630
0.014865
0.019772
0.009873
0.014876
0.014690
0.014752
0.014987
0.014980
0.014965
0.015944
0.013488
0.014742
0.014865
0.014705
0.014850
0.014914
0.014903
0.014844
0.014846
0.014824
0.014831
0.015099
0.017402
0.018531
0.008269
0.015551
0.014549
0.014997
0.017144
0.012000
0.014819
0.014867
0.014615
0.014844
0.014943
0.027415
0.003686
0.015890
0.012924
0.017636
0.011390
0.014954
0.017385
0.017843
0.009453
0.023150
0.006440
0.014852
0.014958
0.018577
0.011037
0.015817
0.019873
0.008957
0.023827
0.005588
0.014996
0.014908
0.014726
0.014873
0.014679
0.015157
0.014693
0.014815
0.014941
0.014941
0.014997
0.016007
0.014716
0.013332
0.015155
0.014882
0.014655
0.014978
0.014749
0.014927
0.014805
0.014804
0.014819
0.027618
0.003979
0.013012
0.014854
0.014834
0.019060
0.010797
0.014558
0.014918
0.014956
0.014937
0.014673
0.014889
0.015357
0.014158
0.014753
0.014942
0.014841
0.015074
0.014784
0.014880
0.014802
0.015033
0.014764
0.014726
0.014746
0.016589
0.013063
0.015426
0.016546
0.025553
0.003072
0.015917
0.012557
0.014852
0.014748
0.014828
0.015200
0.014639
0.022823
0.006840
0.014626
0.015004
0.014942
0.028637
0.003179
0.012706
0.017711
0.012546
0.014273
0.014633
0.014905
0.014961
0.014729
0.015267
0.019693
0.009672
0.014887
0.014828
0.014667
0.015049
0.014589
0.014791
0.014863
0.015001
0.014885
0.014865
0.014809
0.015946
0.045723
0.003089
0.000239
0.009168
0.014870
0.014725
0.020486
0.008979
0.015082
0.015071
0.014364
0.015036
0.014757
0.023445
0.008589
0.012501
0.015966
0.013720
0.023850
0.005748
0.014813
0.014794
0.015881
0.013758
0.014861
0.014894
0.014839
0.014866
0.014600
0.017459
0.012287
0.014704
0.017669
0.012190
0.015571
0.015283
0.014685
0.014522
0.014406
0.015821
0.013496
0.014909
0.016479
0.013670
0.014111
0.014962
0.014835
0.014806
0.014813
0.014686
0.015055
0.014749
0.014887
0.016029
0.013595
0.015285
0.014358
0.014766
0.014874
0.014870
0.014842
0.015439
0.019158
0.009834
0.015219
0.014278
0.014902
0.017731
0.012056
0.014845
0.014840
0.027516
0.003022
0.027107
0.003848
0.012469
0.014845
0.015067
0.014804
0.015301
0.014312
0.015011
0.014614
0.014768
0.015135
0.014430
0.014990
0.014751
0.014831
0.015334
0.014327
0.014822
0.015274
0.014649
0.014460
0.015044
0.014783
0.017541
0.012252
0.014696
0.014730
0.014868
0.014678
0.015641
0.014709
0.016557
0.012849
0.014375
0.017252
0.012564
0.015022
0.014557
0.015381
0.015832
0.020464
0.008544
0.022489
0.006381
0.014827
0.014824
0.014764
0.014807
0.014925
0.014822
0.014738
0.015569
0.014222
0.014707
0.014926
0.014683
0.027940
0.002818
0.029251
0.002976
0.011189
0.014929
0.014775
0.014744
0.014764
0.014873
0.014945
0.014758
0.014881
0.014890
0.014805
0.014771
0.014818
0.015426
0.014191
0.015317
0.014193
0.014808
0.016628
0.014827
0.017751
0.010269
0.014781
0.015010
0.015404
0.014227
0.014818
0.014813
0.014776
0.014956
0.018999
0.014105
0.011086
0.016675
0.013014
0.014789
0.015020
0.026181
0.003494
0.014817
0.017074
0.012466
0.015659
0.014181
0.014829
0.014854
0.014854
0.015296
0.014314
0.015140
0.017472
0.014215
0.012505
0.027520
0.003362
0.027899
0.003413
0.012319
0.014600
0.021969
0.007768
0.023767
0.005787
0.014907
0.014776
0.014816
0.015123
0.015141
0.014161
0.014845
0.014960
0.015181
0.014504
0.020734
0.008805
0.014860
0.015005
0.015186
0.028286
0.002831
0.012976
0.020328
0.010849
0.016981
0.011117
0.042194
0.003859
0.000242
0.013105
0.015210
0.015178
0.014101
0.014943
0.014682
0.014794
0.014990
0.014745
0.014813
0.015067
0.014642
0.014844
0.014828
0.015602
0.013989
0.014987
0.015944
0.013813
0.014690
0.014994
0.014638
0.015139
0.014767
0.014713
0.014578
0.015401
0.015277
0.014550
0.015888
0.013261
0.017197
0.012508
0.015993
0.013494
0.015864
0.014349
0.016276
0.013438
0.014454
0.014654
0.014765
0.015128
0.015951
0.014187
0.014323
0.014912
0.015324
0.014262
0.014864
0.015332
0.014310
0.014850
0.016614
0.013217
0.014697
0.014880
0.015056
0.014643
0.014761
0.015549
0.015429
0.015458
0.012979
0.018532
0.017131
0.008693
0.016316
0.017485
0.011145
0.015857
0.013600
0.014633
0.015064
0.014745
0.014951
0.014766
0.017137
0.013440
0.021481
0.007952
0.014051
0.014994
0.015149
0.014607
0.015671
0.014304
0.014437
0.014707
0.015014
0.014704
0.016253
0.013667
0.014760
0.014909
0.014739
0.014847
0.015257
0.014505
0.014780
0.017958
0.012269
0.015818
0.014232
0.014054
0.014756
0.014819
0.017791
0.014103
0.012710
0.016158
0.016013
0.012455
0.019346
0.015694
0.011504
0.012673
0.014846
0.014910
0.014762
0.014923
0.014702
0.017308
0.012474
0.019717
0.010367
0.015595
0.013680
0.014910
0.014738
0.018679
0.011924
0.016101
0.012697
0.014845
0.014832
0.014685
0.015054
0.014724
0.014952
0.014779
0.019246
0.011189
0.013971
0.015059
0.016297
0.013377
0.014829
0.014853
0.014848
0.014869
0.014875
0.014650
0.014891
0.017524
0.012412
0.015777
0.013683
0.015011
0.014788
0.014706
0.018622
0.011080
0.014675
0.015021
0.014846
0.015166
0.015399
0.013838
0.016743
0.013659
0.021138
0.094871
0.014320
0.000239
0.000118
0.000108
0.000104
0.000104
0.004101
0.012426
0.104061
0.006366
0.000236
0.000139
0.000108
0.000104
0.000104
0.007432
0.014917
0.103730
0.005241
0.000242
0.000120
0.000109
0.000105
0.000106
0.010298
0.021155
0.102086
0.009664
0.000240
0.000119
0.000109
0.000106
0.000104
0.000107
0.013875
0.016340
0.097781
0.000241
0.000116
0.000109
0.000104
0.000106
0.005023
0.021734
0.006559
0.101079
0.000239
0.000119
0.000109
0.000106
0.000105
0.007171
0.009359
0.015151
0.014636
0.022293
0.007312
0.014802
0.020823
0.009961
0.013632
0.015285
0.015214
0.014524
0.014558
0.018073
0.012415
0.013930
0.021199
0.009243
0.019183
0.012156
0.013336
0.013747
0.014840
0.016258
0.015463
0.012987
0.014524
0.014652
0.015476
0.016691
0.013491
0.015267
0.016031
0.012165
0.015716
0.017156
0.013745
0.012619
0.014857
0.014808
0.014883
0.014868
0.014759
0.016628
0.015029
0.013084
0.016332
0.014070
0.015079
0.013601
0.015999
0.013610
0.020479
0.009512
0.014446
0.015009
0.015743
0.016900
0.011831
0.014708
0.014867
0.014834
0.017888
0.013995
0.012632
0.015938
0.013745
0.014762
0.017443
0.013059
0.014575
0.014329
0.014641
0.014929
0.018297
0.011417
0.016265
0.013410
0.014834
0.014920
0.014684
0.014709
0.014903
0.018209
0.011861
0.014553
0.015424
0.027817
0.002964
0.013080
0.015333
0.014298
0.014754
0.015272
0.014808
0.015196
0.014896
0.014065
0.015102
0.014525
0.014878
0.016297
0.013470
0.015382
0.014240
0.014850
0.014749
0.018545
0.011112
0.014881
0.014857
0.015611
0.014108
0.014865
0.014686
0.014840
0.015604
0.014041
0.014981
0.016055
0.013692
0.014832
0.015299
0.014861
0.014501
0.015298
0.014028
0.056862
0.006892
0.000242
0.000129
0.010777
0.019006
0.010656
0.014125
0.014842
0.014901
0.014626
0.015035
0.022873
0.006791
0.022070
0.033891
0.003352
0.003929
0.010817
0.015294
0.014533
0.015214
0.015857
0.013923
0.014841
0.014323
0.014639
0.015642
0.015908
0.015675
0.012278
0.016351
0.013350
0.014751
0.014876
0.016473
0.015109
0.012758
0.015961
0.015515
0.013174
0.015799
0.013805
0.015528
0.016475
0.014170
0.015453
0.012407
0.017016
0.013266
0.014666
0.018416
0.010979
0.016363
0.013267
0.014870
0.017495
0.012138
0.015019
0.014677
0.017122
0.015651
0.016930
0.010317
0.016194
0.012667
0.016108
0.014212
0.014684
0.018104
0.011437
0.014667
0.016551
0.013957
0.013882
0.015069
0.040125
0.003865
0.003096
0.015577
0.017652
0.008614
0.015799
0.014994
0.016019
0.012625
0.016715
0.013138
0.018446
0.012204
0.013888
0.014549
0.014855
0.014912
0.015640
0.014172
0.015683
0.013863
0.016130
0.013720
0.019673
0.012680
0.011981
0.017533
0.012225
0.014784
0.014765
0.016059
0.013538
0.014899
0.017155
0.012611
0.014756
0.014933
0.054860
0.006219
0.000243
0.000123
0.013159
0.014352
0.014798
0.014953
0.016683
0.013312
0.014824
0.015445
0.013849
0.015408
0.015037
0.018091
0.013863
0.012567
0.014207
0.014777
0.014843
0.015329
0.014359
0.014878
0.014665
0.015020
0.014811
0.014898
0.018001
0.011720
0.014985
0.014515
0.015054
0.016776
0.015713
0.012511
0.014869
0.014316
0.014959
0.014748
0.015252
0.014871
0.015163
0.014160
0.015485
0.017918
0.011447
0.014448
0.014856
0.014890
0.014852
0.014751
0.014915
0.015130
0.014819
0.017413
0.011884
0.015084
0.014539
0.016509
0.013227
0.014830
0.016024
0.014783
0.014786
0.013842
0.015007
0.014639
0.015104
0.016958
0.012522
0.014714
0.014800
0.015083
0.014770
0.015659
0.016807
0.012496
0.017310
0.013110
0.014182
0.015031
0.014358
0.014781
0.014719
0.018000
0.016033
0.010577
0.015066
0.015381
0.014086
0.014426
0.015354
0.015469
0.013676
0.015610
0.014261
0.014992
0.015616
0.013673
0.018814
0.011512
0.016822
0.012427
0.014763
0.016108
0.013399
0.015031
0.014835
0.014700
0.014897
0.014777
0.014846
0.014811
0.015688
0.014429
0.015593
0.013949
0.015843
0.013928
0.014731
0.017666
0.011671
0.016005
0.017633
0.011789
0.013942
0.015282
0.016175
0.012962
0.014824
0.023499
0.006311
0.014879
0.015027
0.014562
0.014627
0.014949
0.015040
0.015427
0.013917
0.014932
0.014814
0.014835
0.014876
0.014833
0.014747
0.018823
0.011198
0.014407
0.020114
0.009529
0.022011
0.007809
0.014821
0.017078
0.013133
0.027470
0.003502
0.020914
0.021970
0.003199
0.011288
0.020009
0.009730
0.024224
0.005396
0.014661
0.014928
0.015099
0.014542
0.014919
0.014833
0.014855
0.014710
0.014828
0.014745
0.014897
0.014853
0.014889
0.016249
0.025784
0.002638
0.014537
0.014929
0.014639
0.014947
0.014790
0.014840
0.014892
0.015185
0.026600
0.002580
0.014893
0.014620
0.029410
0.003038
0.044588
0.016153
0.000259
0.002810
0.007665
0.015072
0.014781
0.015420
0.013897
0.014830
0.015932
0.013727
0.015211
0.014631
0.014837
0.014748
0.032016
0.003042
0.009378
0.014997
0.014835
0.014741
0.014803
0.014885
0.014645
0.015094
0.014736
0.015593
0.014231
0.015146
0.014587
0.014639
0.014805
0.014816
0.015045
0.014743
0.014583
0.015005
0.014722
0.014914
0.014878
0.015516
0.013983
0.014946
0.015276
0.014255
0.019098
0.010976
0.014576
0.014773
0.014868
0.014801
0.014861
0.015616
0.013953
0.014989
0.015076
0.014569
0.014740
0.014828
0.014856
0.014787
0.016002
0.014404
0.014159
0.015007
0.021299
0.011160
0.012318
0.014347
0.014768
0.014747
0.014876
0.014906
0.014917
0.014753
0.015206
0.014485
0.014839
0.017367
0.012787
0.014379
0.017525
0.012057
0.015324
0.015210
0.014777
0.015105
0.016409
0.012319
0.014840
0.014784
0.014842
0.014907
0.014743
0.014865
0.030797
0.000249
0.013578
0.014716
0.014915
0.014769
0.014831
0.021293
0.008307
0.025280
0.004325
0.014868
0.014839
0.014945
0.016627
0.013068
0.014807
0.014845
0.020837
0.008642
0.024218
0.007999
0.012390
0.014859
0.014897
0.015232
0.014369
0.015235
0.015113
0.014112
0.015248
0.014471
0.014906
0.014790
0.014860
0.014770
0.014907
0.014613
0.015070
0.014716
0.015646
0.019260
0.009582
0.023205
0.006519
0.014720
0.014812
0.014958
0.014815
0.027379
0.003034
0.028206
0.003021
0.012562
0.016917
0.012740
0.016018
0.013684
0.015200
0.014986
0.014381
0.014796
0.014818
0.028758
0.003033
0.029494
0.003022
0.009857
0.014763
0.014816
0.015092
0.014608
0.015010
0.015961
0.013780
0.014678
0.015010
0.014994
0.014702
0.014780
0.014827
0.014839
0.014838
0.014893
0.014829
0.014838
0.014953
0.014810
0.014775
0.014851
0.015538
0.014004
0.015024
0.014939
0.014830
0.014857
0.014773
0.015008
0.014571
0.014839
0.014848
0.014911
0.014934
0.014651
0.014944
0.014818
0.014860
0.014740
0.015021
0.015612
0.013875
0.014993
0.014693
0.014818
0.015126
0.014569
0.014855
0.014917
0.014861
0.014853
0.014752
0.017012
0.012556
0.014967
0.014768
0.014924
0.014804
0.014785
0.015476
0.014189
0.014868
0.014707
0.015067
0.015513
0.014075
0.015299
0.014414
0.015041
0.015213
0.014136
0.014983
0.014925
0.014810
0.015402
0.014218
0.014856
0.014779
0.015394
0.014580
0.014629
0.017230
0.012507
0.014748
0.014929
0.014788
0.015252
0.014489
0.014752
0.015033
0.015123
0.014480
0.014800
0.014732
0.014776
0.014996
0.014888
0.014766
0.015379
0.014377
0.014798
0.014996
0.014652
0.014852
0.014852
0.016727
0.012953
0.014958
0.030705
0.003280
0.010895
0.024997
0.004205
0.016749
0.019553
0.008248
0.014951
0.014766
0.014929
0.014757
0.014849
0.016861
0.028034
0.003873
0.010661
0.027712
0.003044
0.013756
0.016522
0.013088
0.014818
0.014834
0.014867
0.015502
0.014185
0.015794
0.013846
0.021570
0.007945
0.024732
0.005124
0.016048
0.013987
0.014696
0.014444
0.015028
0.015780
0.013803
0.014876
0.014852
0.030882
0.003351
0.010234
0.019104
0.010627
0.014681
0.014925
0.014993
0.014616
0.014716
0.015013
0.014733
0.014765
0.015323
0.014435
0.014927
0.014813
0.014643
0.015134
0.014671
0.015884
0.013782
0.015081
0.014572
0.014778
0.014771
0.014862
0.014846
0.014879
0.014761
0.019615
0.010466
0.014463
0.014814
0.014795
0.028192
0.003633
0.027570
0.002979
0.011775
0.018505
0.011230
0.015111
0.014503
0.015979
0.013575
0.014944
0.016880
0.014695
0.012927
0.015009
0.015489
0.013874
0.014818
0.016074
0.021365
0.007044
0.014946
0.014743
0.015039
0.014677
0.025419
0.004083
0.014921
0.021899
0.007748
0.015938
0.013969
0.014981
0.014499
0.014874
0.020259
0.009186
0.015032
0.014731
0.014832
0.346174
0.000250
0.000128
0.000118
0.000115
0.000117
0.000114
0.000112
0.000112
0.000111
0.000112
0.000111
0.000110
0.000110
0.000112
0.000943
0.000185
0.000142
0.000121
0.000114
0.000113
0.000113
0.000114
0.006183
0.014713
0.014818
0.014849
0.015147
0.017213
0.012994
0.014016
0.014785
0.014824
0.014919
0.014949
0.015300
0.014416
0.014655
0.015073
0.015668
0.015791
0.016744
0.010855
0.014731
0.015628
0.013911
0.032238
0.003198
0.027207
0.003007
0.008578
0.027681
0.002976
0.021848
0.006703
0.026430
0.003368
0.014895
0.014773
0.014811
0.014906
0.014774
0.014823
0.016947
0.012809
0.014794
0.015905
0.019703
0.030219
0.004608
0.006542
0.011931
0.014710
0.015028
0.014856
0.015759
0.019730
0.011954
0.011868
0.016747
0.022228
0.005370
0.015013
0.016024
0.013617
0.015375
0.017051
0.014041
0.012864
0.017052
0.013292
0.017298
0.014448
0.014138
0.012691
0.014780
0.027423
0.003212
0.013787
0.015361
0.014467
0.015446
0.014315
0.015180
0.015452
0.014222
0.015619
0.013578
0.015355
0.014393
0.015110
0.014467
0.016147
0.015540
0.020050
0.011835
0.042906
0.005250
0.000263
0.006843
0.014885
0.022620
0.006837
0.015081
0.014720
0.014757
0.014845
0.015014
0.014855
0.014668
0.014746
0.014910
0.014645
0.015293
0.014497
0.014830
0.016319
0.018932
0.012440
0.012730
0.028923
0.002610
0.017442
0.026435
0.023427
0.006157
0.008771
0.009911
0.008798
0.014684
0.015089
0.015162
0.014343
0.015274
0.014358
0.014936
0.014860
0.014846
0.014756
0.014734
0.014895
0.014890
0.014766
0.014723
0.015032
0.014823
0.014769
0.014815
0.014815
0.014943
0.014840
0.014768
0.014692
0.015027
0.014762
0.014844
0.015959
0.013662
0.015195
0.014409
0.014993
0.016159
0.013541
0.014913
0.020003
0.009957
0.014930
0.014385
0.016526
0.012938
0.014845
0.015021
0.015144
0.014522
0.014805
0.014856
0.020953
0.008703
0.015531
0.014243
0.014932
0.014765
0.014772
0.033524
0.003696
0.007315
0.022748
0.007085
0.014713
0.014887
0.015519
0.015902
0.012971
0.014912
0.014885
0.014872
0.014715
0.016190
0.013583
0.015071
0.014574
0.015101
0.014579
0.014770
0.014966
0.014733
0.014750
0.014878
0.014963
0.056060
0.006223
0.000255
0.000130
0.011768
0.014635
0.014705
0.014850
0.014912
0.014783
0.014839
0.014714
0.015028
0.014833
0.017279
0.012336
0.014912
0.014869
0.015110
0.014487
0.028929
0.003006
0.013175
0.014222
0.014807
0.016924
0.028415
0.003420
0.010660
0.019369
0.010550
0.024101
0.005815
0.014364
0.015814
0.013903
0.014754
0.014935
0.015042
0.014447
0.033713
0.003407
0.007516
0.014811
0.030118
0.003235
0.011657
0.014397
0.030312
0.002652
0.028053
0.002593
0.010576
0.014975
0.014810
0.015039
0.014603
0.014875
0.014839
0.014840
0.014823
0.015273
0.014495
0.015095
0.014485
0.014832
0.014868
0.014895
0.014841
0.014745
0.014899
0.014870
0.014779
0.014905
0.014761
0.015181
0.014448
0.014981
0.014814
0.027909
0.002582
0.027287
0.003034
0.013165
0.014980
0.015512
0.014256
0.015360
0.014226
0.019682
0.010270
0.022757
0.006572
0.014928
0.016946
0.012796
0.015630
0.020522
0.013161
0.010408
0.014438
0.015285
0.022080
0.007014
0.015090
0.014742
0.014781
0.014715
0.015225
0.014597
0.015231
0.015359
0.058408
0.005686
0.000265
0.000147
0.008713
0.014959
0.015820
0.013737
0.014820
0.015931
0.013725
0.014843
0.014829
0.014750
0.014987
0.014823
0.014837
0.014738
0.015421
0.014311
0.014806
0.014883
0.014843
0.014585
0.015028
0.014897
0.014709
0.014820
0.015478
0.014254
0.014741
0.014850
0.014888
0.015028
0.014536
0.014893
0.014847
0.014821
0.014837
0.014742
0.014729
0.014971
0.014887
0.014777
0.014926
0.015254
0.014437
0.014757
0.015497
0.014141
0.014765
0.018614
0.015042
0.010923
0.015020
0.014790
0.014740
0.014707
0.015849
0.013890
0.014746
0.015709
0.013896
0.014846
0.015927
0.013865
0.014734
0.014826
0.014913
0.014802
0.014731
0.014894
0.014862
0.014829
0.016617
0.012972
0.015404
0.014261
0.014889
0.015317
0.014248
0.015735
0.013838
0.014903
0.014816
0.014760
0.016063
0.013674
0.014819
0.014822
0.014802
0.015418
0.014323
0.014814
0.014747
0.015158
0.015448
0.013988
0.014742
0.014849
0.014911
0.014703
0.014836
0.015108
0.014584
0.014869
0.014604
0.014993
0.018211
0.011356
0.014932
0.014781
0.015202
0.014395
0.015019
0.016353
0.013197
0.014847
0.014835
0.014890
0.018590
0.011011
0.023623
0.006283
0.015192
0.014220
0.014833
0.016708
0.013173
0.014675
0.014770
0.014685
0.015496
0.015114
0.014824
0.013884
0.015101
0.015103
0.014441
0.014838
0.014697
0.015125
0.014742
0.015502
0.014085
0.015660
0.014093
0.014870
0.016120
0.013441
0.014832
0.014836
0.014788
0.014861
0.014692
0.014937
0.014936
0.014659
0.015082
0.014746
0.014821
0.015007
0.014612
0.014734
0.014899
0.016625
0.014670
0.013260
0.014857
0.014693
0.014994
0.014677
0.014881
0.014942
0.014699
0.014854
0.014873
0.014969
0.014701
0.014891
0.014766
0.014966
0.014809
0.014749
0.014816
0.014854
0.021196
0.008534
0.014793
0.014811
0.015453
0.014227
0.014954
0.014821
0.014741
0.014966
0.017988
0.011572
0.014804
0.014774
0.014986
0.014827
0.014730
0.014828
0.015041
0.014688
0.014816
0.015106
0.014394
0.014915
0.014940
0.015134
0.014504
0.014826
0.015830
0.013763
0.014824
0.014804
0.014912
0.014690
0.014766
0.015025
0.014774
0.014928
0.014874
0.014795
0.014775
0.014978
0.014727
0.023101
0.012543
0.008812
0.015008
0.014647
0.015042
0.014728
0.014920
0.014876
0.014738
0.014840
0.014704
0.014799
0.014924
0.014874
0.014853
0.014769
0.015003
0.014845
0.015169
0.014326
0.015563
0.014460
0.014582
0.014915
0.014745
0.014821
0.014852
0.014766
0.014666
0.015072
0.017484
0.012093
0.014880
0.014888
0.014814
0.014835
0.014787
0.014917
0.014812
0.017407
0.012003
0.014906
0.015790
0.014125
0.014783
0.022371
0.007389
0.014762
0.014820
0.015913
0.013754
0.015114
0.014609
0.016040
0.013588
0.015046
0.014721
0.014775
0.014736
0.015198
0.014607
0.026719
0.003122
0.014948
0.014546
0.014947
0.014790
0.014590
0.015064
0.014887
0.014831
0.014834
0.015672
0.013974
0.014829
0.014907
0.014762
0.015496
0.014136
0.015222
0.014555
0.014787
0.020444
0.009593
0.014538
0.014589
0.015030
0.014812
0.015181
0.014588
0.014739
0.014874
0.014712
0.015088
0.014717
0.015028
0.014655
0.014863
0.014864
0.014868
0.014694
0.014728
0.016047
0.013750
0.015085
0.014659
0.014824
0.015127
0.016208
0.013262
0.014888
0.016136
0.013497
0.014751
0.015851
0.014075
0.014729
0.014679
0.014952
0.015893
0.013504
0.014913
0.015102
0.014714
0.014743
0.014985
0.015420
0.017672
0.011852
0.014218
0.014966
0.016175
0.013505
0.014669
0.015027
0.016012
0.014263
0.014241
0.015074
0.014723
0.014746
0.014811
0.014782
0.016037
0.013724
0.014873
0.014846
0.014915
0.015394
0.014864
0.014211
0.014944
0.014658
0.015129
0.014643
0.014853
0.014683
0.015098
0.014868
0.014693
0.015424
0.014410
0.014756
0.014908
0.014787
0.014708
0.015082
0.014759
0.014853
0.014874
0.014842
0.014784
0.014799
0.014825
0.014735
0.015052
0.015558
0.014088
0.014806
0.015686
0.015537
0.014033
0.014052
0.014964
0.014807
0.014704
0.014869
0.015004
0.014529
0.016153
0.013745
0.014726
0.014850
0.015127
0.014835
0.014468
0.014840
0.014818
0.015781
0.013936
0.014790
0.015374
0.014364
0.014733
0.014767
0.014830
0.015119
0.014672
0.016955
0.012645
0.014793
0.014847
0.015416
0.014186
0.014718
0.015030
0.014846
0.014846
0.014759
0.014889
0.014578
0.015056
0.014792
0.014820
0.014896
0.014779
0.014885
0.014858
0.014760
0.014924
0.015582
0.014377
0.014298
0.015040
0.014834
0.014971
0.014601
0.014738
0.014965
0.014899
0.014738
0.014677
0.015062
0.014785
0.016957
0.012639
0.014864
0.014634
0.015110
0.017016
0.012458
0.015007
0.015049
0.015505
0.013844
0.014752
0.015728
0.014069
0.014703
0.014809
0.014920
0.014763
0.014944
0.014719
0.014861
0.014735
0.014897
0.014831
0.014702
0.015013
0.014838
0.015338
0.014223
0.014827
0.015086
0.014544
0.014979
0.014764
0.014866
0.015885
0.013756
0.014770
0.014805
0.016926
0.015565
0.012023
0.014821
0.014659
0.015473
0.014299
0.014815
0.014849
0.014741
0.015017
0.015785
0.014914
0.013663
0.015348
0.016078
0.014044
0.013910
0.015924
0.013752
0.014821
0.014824
0.015462
0.014186
0.014905
0.014736
0.014846
0.014782
0.014850
0.014844
0.014667
0.015233
0.014635
0.014877
0.014731
0.014822
0.014691
0.014910
0.014865
0.016406
0.013267
0.014788
0.015080
0.014635
0.014853
0.014789
0.015864
0.013979
0.014755
0.014922
0.014739
0.014844
0.014828
0.014707
0.015985
0.013741
0.014805
0.014937
0.014633
0.014990
0.014839
0.014765
0.015046
0.014578
0.014878
0.014655
0.014818
0.014963
0.014906
0.014891
0.015733
0.013937
0.014754
0.014917
0.014743
0.014834
0.014734
0.015009
0.014807
0.014823
0.015336
0.014307
0.014803
0.014804
0.014830
0.015057
0.014722
0.015982
0.013663
0.014818
0.014788
0.014986
0.014687
0.016869
0.012740
0.015095
0.014721
0.015504
0.014143
0.014867
0.014858
0.014780
0.015328
0.014328
0.015361
0.014397
0.014831
0.014765
0.014821
0.015003
0.014630
0.014788
0.014893
0.014884
0.014835
0.014823
0.014812
0.014797
0.016474
0.013192
0.014826
0.015246
0.014554
0.014723
0.014850
0.014806
0.014841
0.015559
0.014088
0.014878
0.014753
0.014964
0.014662
0.015323
0.014407
0.014924
0.015350
0.014243
0.015156
0.014546
0.014791
0.014943
0.014859
0.014753
0.014793
0.014700
0.015537
0.014265
0.014722
0.015035
0.014917
0.014732
0.014749
0.014815
0.022223
0.007559
0.015332
0.014289
0.014788
0.015011
0.014731
0.014770
0.015035
0.014624
0.014861
0.016315
0.013330
0.014862
0.016874
0.012860
0.014843
0.014753
0.014851
0.014925
0.014745
0.014818
0.018073
0.011652
0.015352
0.014360
0.016701
0.015848
0.011869
0.015299
0.014256
0.014876
0.015060
0.015352
0.014267
0.014775
0.014897
0.015154
0.014382
0.014894
0.014871
0.014908
0.014796
0.014726
0.017509
0.012903
0.013999
0.020280
0.009444
0.014856
0.014955
0.017581
0.012635
0.014340
0.014992
0.014994
0.014480
0.014831
0.015089
0.014599
0.014861
0.015615
0.014011
0.014852
0.016758
0.014150
0.013583
0.014865
0.015178
0.014555
0.015073
0.014619
0.014779
0.014706
0.014952
0.014837
0.014832
0.014862
0.014816
0.014902
0.015882
0.013839
0.014563
0.014990
0.014814
0.014869
0.014908
0.014827
0.014867
0.014822
0.014849
0.014736
0.015231
0.014589
0.014736
0.014855
0.014919
0.014741
0.015849
0.013892
0.014847
0.014907
0.016200
0.015452
0.012816
0.014944
0.014903
0.014596
0.015005
0.016108
0.014036
0.014267
0.014816
0.015157
0.014497
0.014962
0.014788
0.014848
0.014656
0.015099
0.014879
0.014725
0.014722
0.015052
0.014848
0.014864
0.015108
0.014537
0.014796
0.014859
0.014838
0.014870
0.016057
0.013953
0.014578
0.015017
0.014572
0.015069
0.014614
0.015133
0.014585
0.014848
0.014942
0.014920
0.014594
0.014936
0.014710
0.015003
0.015687
0.013960
0.062058
0.008695
0.000292
0.000145
0.006029
0.011692
0.014830
0.014872
0.014764
0.014995
0.014840
0.015212
0.015044
0.014681
0.017166
0.012168
0.014795
0.015215
0.014555
0.014848
0.014730
0.016593
0.013734
0.014250
0.014882
0.014786
0.014881
0.014874
0.014838
0.014904
0.014769
0.014752
0.014962
0.014755
0.014791
0.014908
0.014827
0.014974
0.014795
0.015414
0.014069
0.015033
0.015952
0.013525
0.015121
0.014558
0.014800
0.014844
0.015964
0.013648
0.014801
0.015014
0.014625
0.014839
0.014841
0.014878
0.015280
0.014547
0.015068
0.014348
0.014797
0.014866
0.014835
0.014926
0.014872
0.014797
0.014801
0.017437
0.012559
0.014411
0.015601
0.014062
0.014706
0.014890
0.014858
0.015188
0.014497
0.016251
0.015326
0.012955
0.014681
0.015236
0.014535
0.018196
0.011566
0.014806
0.014739
0.016936
0.012707
0.014854
0.017343
0.012226
0.014962
0.015670
0.015543
0.013168
0.015127
0.015260
0.014040
0.014748
0.015095
0.014686
0.014746
0.016010
0.013832
0.014646
0.015952
0.013767
0.014771
0.014940
0.014918
0.014877
0.014783
0.014761
0.055881
0.006054
0.000231
0.000113
0.011820
0.014856
0.014853
0.015923
0.013667
0.015305
0.014332
0.014781
0.014749
0.014986
0.014734
0.014857
0.014817
0.014824
0.014735
0.015903
0.013907
0.014876
0.014823
0.014835
0.014827
0.014839
0.014739
0.014805
0.014941
0.014769
0.014807
0.015247
0.014473
0.014839
0.014862
0.014765
0.015078
0.014745
0.015070
0.014395
0.015351
0.014318
0.014910
0.014832
0.014857
0.014715
0.014853
0.014800
0.015430
0.015835
0.013307
0.014826
0.017153
0.012413
0.014758
0.014980
0.014930
0.014765
0.014766
0.015576
0.014545
0.014409
0.014773
0.014819
0.014864
0.015183
0.014444
0.014926
0.014795
0.015033
0.014644
0.014753
0.014809
0.014885
0.014814
0.014835
0.014720
0.015286
0.014531
0.014828
0.014835
0.014782
0.014807
0.014820
0.016227
0.013442
0.015139
0.014620
0.014797
0.015196
0.018877
0.011030
0.014701
0.014225
0.014789
0.014985
0.016987
0.012714
0.014913
0.014666
0.014854
0.015341
0.014332
0.014909
0.014821
0.014821
0.015305
0.014242
0.014820
0.014834
0.015104
0.014688
0.014691
0.014958
0.014850
0.014935
0.014662
0.014899
0.016143
0.013475
0.014840
0.016950
0.012805
0.014956
0.014768
0.014680
0.014914
0.014616
0.015602
0.014223
0.014756
0.014982
0.014839
0.014719
0.014823
0.015342
0.014207
0.014982
0.014815
0.014845
0.014859
0.014693
0.016156
0.013607
0.014937
0.014959
0.014573
0.014967
0.014679
0.014926
0.014886
0.014598
0.015069
0.014810
0.015706
0.013966
0.014847
0.014768
0.015230
0.014517
0.014844
0.014818
0.014760
0.014776
0.014900
0.014843
0.015225
0.014518
0.014814
0.014849
0.014870
0.014749
0.014798
0.014917
0.014658
0.014941
0.015316
0.014424
0.014843
0.014825
0.014756
0.015012
0.014707
0.020499
0.009008
0.015057
0.014901
0.015222
0.027563
0.002898
0.016233
0.012176
0.014894
0.014675
0.015331
0.014529
0.014820
0.017985
0.011634
0.014869
0.015144
0.014532
0.014710
0.014774
0.015055
0.014992
0.014615
0.015088
0.014628
0.015060
0.014619
0.014820
0.014947
0.014776
0.014846
0.014971
0.014641
0.015194
0.014423
0.014935
0.014871
0.014754
0.014998
0.014762
0.014915
0.014749
0.014844
0.014950
0.014756
0.014874
0.014673
0.015030
0.014852
0.014829
0.014853
0.014761
0.014802
0.014916
0.015440
0.015347
0.013838
0.015260
0.014463
0.014720
0.014797
0.014834
0.014918
0.014716
0.014763
0.014999
0.014867
0.014856
0.014758
0.015046
0.014682
0.015675
0.014123
0.014560
0.015054
0.017351
0.012588
0.014543
0.014907
0.015564
0.014036
0.015085
0.016899
0.012571
0.014870
0.015458
0.014198
0.015341
0.015408
0.013690
0.015261
0.014930
0.014441
0.014823
0.014787
0.014841
0.014846
0.014719
0.014938
0.014916
0.015205
0.014305
0.015174
0.014571
0.014758
0.015350
0.015995
0.015401
0.012761
0.014823
0.015154
0.014707
0.014777
0.015432
0.014476
0.014715
0.014511
0.014995
0.016427
0.013350
0.015220
0.014530
0.014954
0.014593
0.014937
0.014748
0.014844
0.014758
0.014866
0.014861
0.014940
0.014824
0.014764
0.014793
0.015454
0.014257
0.014675
0.014862
0.015033
0.014663
0.015300
0.017871
0.012686
0.013738
0.017098
0.012392
0.014764
0.015024
0.016525
0.013095
0.014755
0.015897
0.013866
0.015493
0.014186
0.014834
0.014835
0.015103
0.014682
0.014848
0.015622
0.014378
0.014255
0.015015
0.014707
0.014964
0.014796
0.014965
0.015063
0.014561
0.014821
0.014880
0.014879
0.014794
0.014888
0.015179
0.014475
0.015451
0.014175
0.014812
0.014726
0.014998
0.014809
0.014955
0.014809
0.014813
0.014873
0.016097
0.013487
0.014720
0.014955
0.014823
0.014792
0.014969
0.014907
0.014745
0.014827
0.014751
0.014719
0.015315
0.014446
0.014722
0.015039
0.014817
0.014896
0.014604
0.019424
0.010220
0.015423
0.014408
0.014784
0.014771
0.015301
0.014477
0.014791
0.015020
0.015395
0.014060
0.014728
0.014814
0.017676
0.012101
0.014824
0.016316
0.013879
0.014132
0.017224
0.014860
0.013571
0.013722
0.014919
0.015176
0.014410
0.015180
0.014429
0.014883
0.016070
0.013694
0.016126
0.013313
0.015014
0.014853
0.014670
0.014818
0.014862
0.015079
0.014373
0.014882
0.014960
0.014840
0.015851
0.013711
0.016458
0.013240
0.015153
0.014416
0.015085
0.014649
0.014859
0.014828
0.014743
0.014755
0.014938
0.014839
0.015493
0.014292
0.015374
0.014281
0.014753
0.015880
0.013811
0.014844
0.014763
0.014793
0.015177
0.014630
0.014804
0.017868
0.011789
0.015087
0.014513
0.015096
0.014531
0.016286
0.014234
0.014075
0.015879
0.014204
0.014288
0.017145
0.012550
0.015503
0.014209
0.015549
0.014047
0.014902
0.016101
0.013504
0.014826
0.014797
0.015075
0.014585
0.014906
0.016354
0.013343
0.014890
0.015176
0.019529
0.009811
0.014697
0.016310
0.013381
0.015249
0.014447
0.014755
0.014843
0.014727
0.014931
0.014903
0.014807
0.014802
0.014913
0.014739
0.014784
0.014889
0.014731
0.014892
0.016679
0.012976
0.014916
0.014816
0.014746
0.014841
0.014928
0.014642
0.014938
0.014714
0.015335
0.014590
0.014960
0.014593
0.014746
0.014812
0.014701
0.014840
0.014868
0.014777
0.014876
0.016770
0.013371
0.014321
0.014830
0.014797
0.015024
0.014829
0.015176
0.014425
0.014946
0.014822
0.014762
0.014905
0.015162
0.014673
0.014597
0.014852
0.018345
0.011609
0.014623
0.015817
0.013932
0.014946
0.014584
0.014781
0.014903
0.014808
0.014798
0.014894
0.014703
0.015815
0.013882
0.015013
0.015154
0.014690
0.014552
0.014798
0.014917
0.014825
0.014762
0.014729
0.014996
0.015062
0.014596
0.014937
0.014641
0.015033
0.014974
0.014626
0.014896
0.014806
0.014792
0.014930
0.014764
0.015640
0.014068
0.014844
0.014782
0.014833
0.014828
0.014882
0.014685
0.015014
0.016673
0.013043
0.014795
0.014715
0.014836
0.014837
0.014853
0.014897
0.014908
0.014713
0.014880
0.014779
0.014709
0.014965
0.014838
0.015491
0.014055
0.015034
0.014711
0.014941
0.014881
0.014646
0.014904
0.016782
0.012766
0.014977
0.014888
0.015174
0.014494
0.015118
0.014809
0.014468
0.015248
0.014446
0.014709
0.014910
0.014824
0.015326
0.014212
0.014970
0.014860
0.014687
0.015092
0.014594
0.015081
0.014705
0.014899
0.014859
0.014842
0.016111
0.013498
0.016804
0.012666
0.014920
0.015085
0.014745
0.014845
0.014798
0.015009
0.014592
0.015906
0.014590
0.014180
0.014556
0.015144
0.014825
0.014764
0.014833
0.017874
0.013167
0.013724
0.027460
0.003186
0.013656
0.014872
0.014831
0.014750
0.014953
0.014737
0.014855
0.016031
0.013695
0.014731
0.014973
0.014838
0.014777
0.015520
0.014142
0.014906
0.018533
0.011006
0.015014
0.018370
0.012075
0.016667
0.012377
0.019011
0.010501
0.014925
0.016288
0.013375
0.014838
0.015389
0.014175
0.014839
0.014823
0.014907
0.014734
0.016247
0.015326
0.013185
0.014711
0.014846
0.014825
0.015885
0.013858
0.014702
0.015004
0.014823
0.014822
0.014849
0.014832
0.015090
0.014446
0.016263
0.014684
0.013979
0.014692
0.014878
0.014637
0.014899
0.015897
0.013757
0.015930
0.013731
0.016026
0.013824
0.014704
0.016003
0.013705
0.014773
0.014819
0.014802
0.014992
0.014822
0.017315
0.012338
0.014890
0.014806
0.014804
0.014785
0.014915
0.014791
0.014896
0.014889
0.014732
0.014934
0.015180
0.016710
0.013697
0.013927
0.017906
0.011961
0.014453
0.014746
0.015041
0.014874
0.015078
0.015117
0.014297
0.014766
0.015658
0.014161
0.014708
0.014826
0.014918
0.014808
0.015297
0.014289
0.015367
0.014349
0.014837
0.014943
0.014842
0.014653
0.014938
0.016519
0.013027
0.015002
0.014683
0.016265
0.013725
0.014651
0.014926
0.014840
0.014730
0.014724
0.015465
0.015417
0.013729
0.014912
0.014838
0.014930
0.014728
0.014589
0.014829
0.015291
0.014493
0.014967
0.014654
0.015541
0.014216
0.014836
0.014803
0.014771
0.014823
0.014786
0.014949
0.015120
0.014550
0.015383
0.014167
0.067283
0.006526
0.000295
0.000153
0.005261
0.012322
0.012075
0.014788
0.017491
0.012134
0.014890
0.014810
0.016813
0.012923
0.015290
0.016029
0.013261
0.014642
0.015231
0.015615
0.013562
0.014760
0.017523
0.012813
0.014473
0.016568
0.012951
0.014773
0.014826
0.021802
0.007719
0.014811
0.015032
0.016097
0.017729
0.012401
0.013116
0.014752
0.014683
0.014992
0.016705
0.012998
0.014822
0.014628
0.014986
0.014804
0.015720
0.013961
0.015478
0.014393
0.015121
0.015622
0.013844
0.031072
0.003024
0.010050
0.015514
0.014893
0.015705
0.013297
0.014779
0.015176
0.014529
0.021155
0.009295
0.013903
0.014920
0.014766
0.022371
0.007338
0.014844
0.016521
0.015211
0.012913
0.014617
0.014709
0.014996
0.015201
0.014542
0.015415
0.016639
0.012734
0.014625
0.014487
0.018774
0.011188
0.014735
0.014821
0.014836
0.014854
0.015106
0.015090
0.014159
0.014758
0.014896
0.014874
0.014871
0.015824
0.013922
0.042451
0.006264
0.000313
0.011108
0.013968
0.014869
0.014833
0.014828
0.014948
0.014686
0.014821
0.014644
0.014986
0.061279
0.012610
0.000286
0.000150
0.002721
0.011927
0.014846
0.014810
0.014836
0.014941
0.014881
0.014759
0.014822
0.014782
0.014882
0.014710
0.014824
0.014898
0.014836
0.014985
0.014676
0.014819
0.014853
0.014882
0.014726
0.014999
0.014727
0.014750
0.015007
0.014884
0.014688
0.014978
0.014685
0.026945
0.003011
0.018519
0.013416
0.015976
0.013362
0.012602
0.015245
0.014781
0.014407
0.015680
0.013980
0.014980
0.014725
0.014907
0.017116
0.012591
0.014860
0.014791
0.014642
0.015168
0.014744
0.014810
0.015023
0.014640
0.014858
0.014813
0.018691
0.010779
0.014832
0.014920
0.014975
0.015417
0.014016
0.014941
0.014941
0.015062
0.014553
0.014751
0.015687
0.014035
0.014868
0.015048
0.014583
0.014952
0.014714
0.016284
0.013454
0.015065
0.014649
0.014919
0.014729
0.014663
0.015022
0.014734
0.014701
0.015850
0.016234
0.012425
0.016088
0.013874
0.017564
0.011933
0.014920
0.015113
0.014491
0.014714
0.017499
0.012842
0.014349
0.014868
0.014805
0.014814
0.015093
0.014490
0.016386
0.013362
0.015155
0.014510
0.014848
0.015739
0.013958
0.014705
0.014762
0.014803
0.015218
0.014440
0.017024
0.012881
0.014872
0.014762
0.016667
0.013977
0.013825
0.014899
0.014849
0.014724
0.015073
0.014635
0.015421
0.014279
0.014642
0.015051
0.014786
0.016331
0.013416
0.014836
0.014809
0.014833
0.014816
0.014841
0.015452
0.014228
0.014894
0.014955
0.014817
0.014980
0.014504
0.014839
0.014876
0.014790
0.014761
0.015038
0.014842
0.014837
0.014777
0.014841
0.014879
0.014895
0.015148
0.014987
0.014406
0.014852
0.015244
0.014438
0.014820
0.014649
0.014960
0.021957
0.007591
0.025435
0.004372
0.014926
0.021481
0.011625
0.011318
0.014868
0.016512
0.013076
0.016432
0.017029
0.011186
0.014847
0.016442
0.013236
0.014850
0.014686
0.014919
0.014980
0.014798
0.015138
0.014631
0.014873
0.014710
0.014794
0.014845
0.014712
0.014879
0.014856
0.016403
0.013890
0.014197
0.015898
0.014496
0.014368
0.014644
0.014883
0.014875
0.014792
0.014775
0.014906
0.015888
0.013685
0.015135
0.014555
0.014924
0.015323
0.014247
0.014923
0.014724
0.014890
0.015202
