0.002285
0.002696
0.000225
0.000110
0.006057
0.016058
0.013315
0.014631
0.015817
0.014043
0.014885
0.014826
0.017585
0.012614
0.014532
0.014522
0.019832
0.009863
0.014896
0.014782
0.014956
0.014747
0.014912
0.028259
0.002632
0.013500
0.020734
0.009035
0.017894
0.011976
0.016582
0.012881
0.014847
0.014832
0.014784
0.014980
0.014759
0.014897
0.014873
0.014951
0.014539
0.015102
0.014842
0.014762
0.014967
0.014811
0.014888
0.014897
0.014810
0.014757
0.015233
0.014443
0.014876
0.016738
0.013072
0.015178
0.014222
0.014952
0.014855
0.014914
0.014763
0.014888
0.014848
0.014753
0.014843
0.014852
0.014950
0.018443
0.011148
0.017869
0.011848
0.014866
0.015268
0.018792
0.010281
0.017348
0.012482
0.015131
0.014472
0.017303
0.014687
0.012553
0.014825
0.015776
0.013763
0.017056
0.013545
0.013984
0.015238
0.016587
0.012825
0.015093
0.015479
0.013766
0.014918
0.014769
0.014974
0.014844
0.014988
0.014865
0.019304
0.010263
0.016355
0.018082
0.009956
0.014851
0.014982
0.014841
0.014651
0.020592
0.014004
0.010213
0.014821
0.015210
0.014454
0.015978
0.013698
0.015259
0.014371
0.014856
0.014949
0.014818
0.015709
0.014310
0.014482
0.018920
0.011977
0.016292
0.012728
0.016219
0.012758
0.014963
0.017936
0.011733
0.014736
0.014916
0.014939
0.014743
0.026908
0.003616
0.013936
0.014972
0.015212
0.014311
0.015212
0.014546
0.015843
0.013765
0.014884
0.015012
0.014678
0.014842
0.014742
0.016356
0.016819
0.011709
0.014495
0.015031
0.015711
0.013887
0.014797
0.019865
0.009665
0.014824
0.014885
0.015920
0.013707
0.015771
0.014161
0.014637
0.015131
0.014663
0.028577
0.002744
0.017821
0.010235
0.018767
0.010761
0.015043
0.014691
0.024284
0.005540
0.016236
0.013416
0.015694
0.014110
0.014692
0.015675
0.014507
0.014421
0.015856
0.013623
0.014995
0.014844
0.014637
0.017598
0.012049
0.015877
0.013819
0.014827
0.014836
0.014822
0.014923
0.014866
0.014782
0.014911
0.014777
0.015201
0.015021
0.046106
0.008773
0.000230
0.009875
0.008550
0.014808
0.017433
0.012145
0.014955
0.038316
0.006891
0.000228
0.017023
0.030551
0.004237
0.006523
0.015406
0.014563
0.015087
0.014508
0.014411
0.019471
0.012779
0.012395
0.014814
0.014895
0.020469
0.009092
0.016316
0.013492
0.018848
0.010714
0.014927
0.014920
0.014522
0.015035
0.017650
0.011895
0.015117
0.014588
0.014649
0.014771
0.016093
0.013659
0.015401
0.014342
0.037842
0.004357
0.003744
0.018736
0.009623
0.014767
0.014660
0.016823
0.022936
0.006253
0.014969
0.013363
0.015653
0.014320
0.014416
0.021362
0.008780
0.016222
0.012935
0.014724
0.018047
0.015229
0.013018
0.013144
0.015137
0.016791
0.017376
0.010128
0.018534
0.011386
0.015675
0.014006
0.015309
0.014053
0.015813
0.013809
0.014762
0.014702
0.016529
0.013357
0.016291
0.013305
0.017372
0.012350
0.018683
0.010946
0.014725
0.015028
0.017833
0.011572
0.014984
0.015947
0.016393
0.013984
0.012840
0.016242
0.014093
0.015472
0.019875
0.012600
0.011876
0.013847
0.014780
0.014748
0.014822
0.014918
0.015294
0.014328
0.030515
0.003678
0.010646
0.014918
0.015039
0.017456
0.011610
0.015878
0.014854
0.013846
0.014690
0.014888
0.015760
0.013800
0.016980
0.012571
0.063023
0.006633
0.000232
0.000136
0.004446
0.014650
0.014816
0.014883
0.018406
0.011325
0.020233
0.009350
0.017741
0.012319
0.014498
0.027115
0.002867
0.025607
0.003897
0.014598
0.014886
0.014761
0.014987
0.014793
0.014792
0.014776
0.014946
0.014783
0.014757
0.014970
0.015041
0.014365
0.015453
0.014531
0.014640
0.014922
0.018943
0.010979
0.014582
0.014801
0.014791
0.014922
0.017177
0.013153
0.014017
0.014944
0.014846
0.014818
0.014844
0.014779
0.017373
0.012408
0.016105
0.020808
0.008155
0.015588
0.013515
0.014681
0.016443
0.015617
0.012587
0.016012
0.013484
0.014999
0.014852
0.014817
0.062342
0.006099
0.000243
0.000118
0.005409
0.014600
0.015024
0.015051
0.014449
0.014903
0.014930
0.014724
0.014929
0.014574
0.018404
0.020266
0.006429
0.014578
0.014597
0.014778
0.014896
0.014843
0.015122
0.022072
0.007465
0.014712
0.014788
0.016645
0.013116
0.014661
0.014758
0.028532
0.003531
0.027043
0.003498
0.011719
0.014868
0.014720
0.015218
0.028892
0.002950
0.012463
0.017750
0.011806
0.014964
0.014822
0.015723
0.015590
0.013454
0.058714
0.006208
0.000233
0.000118
0.008798
0.014773
0.014727
0.015882
0.017107
0.014752
0.011692
0.015025
0.014768
0.015129
0.014529
0.014716
0.015012
0.019396
0.010684
0.014355
0.014723
0.014990
0.014890
0.014772
0.014858
0.014739
0.015169
0.025012
0.004309
0.026646
0.003165
0.014893
0.015148
0.014439
0.018426
0.011867
0.014364
0.014831
0.014702
0.014963
0.014862
0.014803
0.016227
0.013535
0.014770
0.014910
0.014759
0.014670
0.015214
0.014837
0.014501
0.014958
0.014992
0.014753
0.015062
0.028413
0.003407
0.012526
0.014626
0.022044
0.010194
0.013814
0.013334
0.014832
0.014953
0.016097
0.017299
0.011033
0.015328
0.016389
0.012891
0.015638
0.016278
0.015835
0.011504
0.015076
0.017887
0.011833
0.015725
0.013821
0.016386
0.013650
0.015987
0.013429
0.014776
0.014973
0.015221
0.014380
0.015211
0.014521
0.015408
0.015178
0.017337
0.011292
0.014979
0.017152
0.012471
0.014694
0.019649
0.010241
0.015131
0.015275
0.015773
0.013437
0.014486
0.014930
0.014775
0.014864
0.015552
0.014031
0.029202
0.001933
0.014347
0.013844
0.014663
0.016764
0.014761
0.015172
0.014522
0.013379
0.014317
0.020370
0.009460
0.014774
0.015811
0.013821
0.014791
0.015583
0.027798
0.005966
0.011708
0.013236
0.014783
0.015277
0.014303
0.015887
0.015259
0.018615
0.009533
0.015005
0.026125
0.004368
0.014234
0.014448
0.015593
0.014895
0.014938
0.013910
0.017952
0.013891
0.013685
0.013766
0.015488
0.014266
0.014804
0.015635
0.027382
0.002781
0.013453
0.014815
0.014835
0.014655
0.015010
0.015111
0.014683
0.014725
0.014893
0.015321
0.014275
0.022426
0.007432
0.022594
0.006709
0.014928
0.014927
0.015726
0.016872
0.011768
0.015020
0.014502
0.016098
0.013841
0.015914
0.013571
0.014906
0.016866
0.012697
0.014791
0.016227
0.013417
0.015026
0.014751
0.014817
0.014855
0.017896
0.011724
0.014947
0.014441
0.014961
0.015643
0.017435
0.012010
0.016510
0.014970
0.014400
0.013023
0.018673
0.010888
0.015947
0.013857
0.014639
0.017200
0.012527
0.014876
0.014764
0.014800
0.014874
0.015310
0.017060
0.012004
0.015319
0.016369
0.012770
0.014862
0.014853
0.014769
0.015725
0.013920
0.015989
0.013670
0.014847
0.015241
0.014450
0.014815
0.014884
0.015066
0.014547
0.014810
0.015105
0.014624
0.015167
0.014438
0.014964
0.014756
0.014824
0.014778
0.014844
0.014776
0.014870
0.015055
0.015191
0.014262
0.014824
0.014982
0.014677
0.014874
0.014662
0.015033
0.014826
0.014757
0.014837
0.014844
0.016780
0.012893
0.015839
0.014168
0.014510
0.014574
0.014987
0.015181
0.014589
0.014849
0.015907
0.013690
0.014843
0.014926
0.014795
0.014807
0.014840
0.015205
0.015219
0.014426
0.014490
0.014683
0.015394
0.014431
0.014805
0.014770
0.015070
0.014672
0.014844
0.014751
0.014765
0.015076
0.014668
0.014826
0.014748
0.015102
0.014698
0.014819
0.015083
0.014566
0.014983
0.014791
0.014777
0.014677
0.015399
0.014489
0.015443
0.014126
0.029754
0.003379
0.027363
0.003008
0.010529
0.015083
0.014791
0.015030
0.014602
0.014806
0.015415
0.014345
0.014757
0.014794
0.014943
0.014692
0.015006
0.014732
0.014814
0.014926
0.014747
0.014825
0.014973
0.014732
0.014835
0.015242
0.014403
0.015101
0.014714
0.015150
0.015006
0.014301
0.036266
0.002882
0.005095
0.014921
0.014860
0.015533
0.014076
0.018165
0.011579
0.014770
0.014852
0.014835
0.014945
0.014908
0.016105
0.023259
0.005180
0.027241
0.002905
0.014264
0.014928
0.019193
0.010671
0.014520
0.014967
0.020954
0.008653
0.014886
0.014948
0.014875
0.014770
0.014818
0.014701
0.015691
0.014118
0.015137
0.014463
0.015092
0.014726
0.016000
0.013500
0.035132
0.003353
0.008280
0.012732
0.014711
0.015064
0.014802
0.015026
0.025788
0.003970
0.014522
0.018619
0.010986
0.014861
0.014928
0.014847
0.015584
0.022129
0.006855
0.015331
0.014282
0.015506
0.014718
0.015441
0.023751
0.009779
0.011473
0.013172
0.020725
0.009394
0.014438
0.017483
0.012449
0.016595
0.012929
0.017925
0.013908
0.012648
0.014731
0.017584
0.012092
0.014913
0.015877
0.014599
0.013971
0.027704
0.003343
0.018054
0.010268
0.015353
0.014343
0.014857
0.021140
0.009462
0.013683
0.014886
0.015041
0.014773
0.014991
0.014629
0.015368
0.015110
0.016606
0.012278
0.015310
0.014467
0.014785
0.014978
0.018200
0.013438
0.015212
0.015424
0.011910
0.023190
0.007217
0.015422
0.013709
0.014790
0.014714
0.020708
0.008804
0.015278
0.014697
0.014756
0.015241
0.014224
0.019637
0.010029
0.023583
0.006408
0.031979
0.003068
0.009184
0.017925
0.011740
0.025760
0.005762
0.017476
0.010341
0.015258
0.020079
0.018150
0.008415
0.012332
0.021761
0.009117
0.013571
0.015220
0.014307
0.016038
0.013709
0.016612
0.013178
0.014939
0.014998
0.014376
0.014838
0.031408
0.019338
0.004930
0.004639
0.013747
0.020721
0.009004
0.015559
0.016176
0.013067
0.017306
0.012350
0.014686
0.014839
0.014557
0.015267
0.014496
0.014801
0.017067
0.014006
0.014101
0.015098
0.013818
0.016196
0.013786
0.014628
0.014717
0.014831
0.014840
0.017198
0.012516
0.014754
0.015447
0.014284
0.015446
0.025355
0.003640
0.016762
0.012904
0.014772
0.015278
0.014363
0.016576
0.013123
0.017821
0.012968
0.017303
0.011425
0.014585
0.015781
0.013855
0.014822
0.015015
0.015778
0.013747
0.014832
0.023468
0.006232
0.014784
0.021191
0.010279
0.013267
0.015106
0.018017
0.011172
0.014719
0.020148
0.009780
0.014549
0.020730
0.010680
0.013479
0.014436
0.014675
0.014873
0.015989
0.014281
0.014227
0.019744
0.010032
0.017266
0.016980
0.013911
0.010990
0.014955
0.014797
0.015231
0.014510
0.016729
0.014758
0.013779
0.014289
0.014421
0.016274
0.025387
0.007294
0.011885
0.013580
0.014659
0.015252
0.015181
0.035216
0.002971
0.005763
0.014610
0.014671
0.015020
0.037724
0.000242
0.008708
0.017391
0.009981
0.014819
0.014752
0.014888
0.015911
0.013895
0.016218
0.013523
0.015032
0.014467
0.015011
0.019459
0.010029
0.014897
0.016462
0.013096
0.014954
0.014722
0.016444
0.013158
0.014854
0.017045
0.012715
0.015043
0.014598
0.014740
0.014907
0.014918
0.014823
0.014787
0.014868
0.014743
0.016273
0.013930
0.018969
0.010150
0.021230
0.010288
0.013173
0.014544
0.014875
0.039401
0.003992
0.005774
0.013237
0.011815
0.015135
0.016813
0.013572
0.013870
0.014826
0.016095
0.013550
0.017777
0.012008
0.014736
0.014960
0.014957
0.014610
0.018864
0.010884
0.015174
0.014631
0.014614
0.015061
0.014642
0.015057
0.014541
0.014905
0.014868
0.014834
0.018950
0.010591
0.014862
0.015298
0.014479
0.016560
0.013013
0.014870
0.015932
0.013722
0.014768
0.015169
0.014556
0.014798
0.014990
0.014842
0.014827
0.014797
0.014796
0.014702
0.015120
0.014683
0.014833
0.014742
0.015987
0.018375
0.010511
0.014567
0.015175
0.014421
0.014890
0.014807
0.014864
0.014836
0.014791
0.014783
0.017360
0.013221
0.013907
0.019377
0.011232
0.017793
0.010951
0.014656
0.016598
0.013176
0.015200
0.017294
0.012421
0.014402
0.014829
0.015017
0.014754
0.014926
0.014778
0.014815
0.014838
0.015188
0.014473
0.015081
0.014670
0.014856
0.014814
0.014874
0.014584
0.015192
0.014648
0.014745
0.015570
0.014192
0.014919
0.014848
0.014743
0.015181
0.014618
0.014976
0.014554
0.017184
0.012727
0.015529
0.014010
0.020448
0.009423
0.014861
0.015762
0.014089
0.014340
0.015332
0.022218
0.009741
0.012414
0.014605
0.014842
0.014897
0.015055
0.018499
0.013548
0.013708
0.014467
0.013871
0.014778
0.015062
0.016068
0.013492
0.018211
0.011428
0.014773
0.014855
0.014826
0.014842
0.030126
0.003048
0.011332
0.015291
0.014479
0.014758
0.016991
0.013355
0.014259
0.014729
0.014790
0.015027
0.014829
0.015370
0.014401
0.018416
0.011303
0.014742
0.014828
0.015381
0.014318
0.014995
0.014849
0.015798
0.058004
0.007926
0.000246
0.000126
0.006908
0.015537
0.020978
0.007681
0.015079
0.029890
0.002995
0.011726
0.015299
0.015659
0.013570
0.014705
0.015032
0.014616
0.014930
0.016676
0.014347
0.013769
0.017149
0.015939
0.016446
0.009360
0.015345
0.016187
0.013233
0.015630
0.027552
0.002910
0.017463
0.010460
0.017768
0.012864
0.013961
0.017213
0.017562
0.009692
0.015129
0.014526
0.015191
0.014511
0.015696
0.014974
0.014072
0.016329
0.013092
0.016031
0.016533
0.013244
0.015170
0.013262
0.014960
0.014759
0.014749
0.014821
0.014692
0.015568
0.014233
0.014865
0.014777
0.014966
0.015174
0.014331
0.014815
0.014814
0.014729
0.015450
0.017826
0.011496
0.015558
0.014023
0.015262
0.014288
0.014834
0.015829
0.013842
0.014838
0.014875
0.014836
0.016825
0.012627
0.015075
0.014741
0.024702
0.004973
0.025699
0.004425
0.014587
0.014656
0.014823
0.014767
0.014853
0.014825
0.014850
0.014779
0.014694
0.014958
0.028014
0.002854
0.013600
0.014841
0.014778
0.024147
0.006921
0.023671
0.004517
0.014954
0.014824
0.014638
0.014919
0.065870
0.007537
0.000245
0.000128
0.002970
0.012333
0.015061
0.014720
0.014617
0.014861
0.014815
0.014972
0.014662
0.014929
0.015643
0.014034
0.017238
0.012328
0.016349
0.013594
0.014564
0.014639
0.015058
0.055527
0.006196
0.000247
0.000132
0.012102
0.014650
0.014847
0.025313
0.004310
0.026452
0.005247
0.012814
0.015173
0.014563
0.014768
0.014938
0.014605
0.015034
0.014824
0.015754
0.013822
0.014812
0.015398
0.014260
0.014885
0.014686
0.014973
0.014906
0.014788
0.014829
0.014805
0.014817
0.019660
0.010010
0.014675
0.015039
0.014790
0.015597
0.014061
0.016292
0.013357
0.014568
0.015072
0.014795
0.015093
0.014665
0.028243
0.002849
0.023679
0.004388
0.014929
0.014693
0.014883
0.014937
0.014805
0.015281
0.014270
0.014796
0.015770
0.014503
0.014215
0.016039
0.013742
0.015035
0.017073
0.014464
0.013642
0.013977
0.016421
0.015866
0.012762
0.014631
0.018765
0.010635
0.015270
0.014230
0.014963
0.023089
0.006392
0.014825
0.014906
0.014815
0.015228
0.014393
0.014884
0.015278
0.014335
0.014797
0.026822
0.003159
0.026540
0.003584
0.014174
0.014803
0.014773
0.015366
0.015884
0.013582
0.015907
0.019776
0.008590
0.014830
0.014804
0.015758
0.016202
0.016822
0.010722
0.014728
0.017059
0.012602
0.015293
0.014342
0.014812
0.023570
0.021253
0.003037
0.011653
0.014833
0.014769
0.014822
0.014784
0.014808
0.016372
0.013267
0.015299
0.029464
0.002946
0.011737
0.014774
0.017503
0.012141
0.014861
0.014803
0.014730
0.015045
0.017639
0.011853
0.017053
0.014862
0.012675
0.015117
0.014605
0.015026
0.014469
0.015437
0.014374
0.016292
0.015925
0.012219
0.015568
0.014673
0.014372
0.014866
0.045974
0.008019
0.000258
0.006522
0.013700
0.014317
0.014847
0.014821
0.014797
0.014732
0.027395
0.003449
0.014263
0.014329
0.016376
0.019889
0.008681
0.014379
0.015037
0.014822
0.020302
0.009876
0.022921
0.006049
0.018990
0.011781
0.014222
0.015849
0.013482
0.014925
0.014621
0.016199
0.013513
0.014932
0.020116
0.009874
0.017153
0.012310
0.015590
0.014036
0.016658
0.024904
0.005983
0.011805
0.014666
0.015015
0.014851
0.014833
0.014601
0.014960
0.014887
0.027634
0.003106
0.026782
0.003030
0.013750
0.014859
0.020087
0.009454
0.017189
0.012562
0.015619
0.013960
0.017587
0.014374
0.014804
0.014340
0.013492
0.014524
0.014578
0.016324
0.019609
0.008812
0.014853
0.014830
0.014846
0.014779
0.015540
0.014183
0.014843
0.014805
0.014819
0.014978
0.015848
0.014755
0.013807
0.014899
0.015731
0.019806
0.008974
0.016423
0.013842
0.016026
0.017164
0.010885
0.014900
0.014481
0.014947
0.038503
0.000251
0.009444
0.012031
0.014056
0.015570
0.013901
0.014863
0.015172
0.032930
0.005302
0.006152
0.014804
0.014824
0.014876
0.017649
0.013738
0.013237
0.014661
0.014794
0.015386
0.014349
0.015182
0.014533
0.016473
0.027949
0.004227
0.010728
0.026481
0.003214
0.014746
0.014948
0.014708
0.015000
0.014691
0.014861
0.014803
0.014799
0.015019
0.014846
0.027775
0.003212
0.013620
0.014699
0.018142
0.011522
0.015282
0.016909
0.012825
0.022552
0.006589
0.023869
0.005803
0.014858
0.014865
0.014644
0.014998
0.014813
0.014960
0.014705
0.014729
0.014823
0.014875
0.015268
0.016969
0.013364
0.013675
0.015577
0.014175
0.033878
0.006157
0.006220
0.012957
0.014865
0.014805
0.014894
0.014817
0.015810
0.014124
0.020406
0.009013
0.014945
0.014686
0.018563
0.012246
0.013418
0.015676
0.014810
0.014024
0.014909
0.015186
0.015679
0.016592
0.019100
0.010096
0.012622
0.014427
0.018793
0.011577
0.014638
0.014339
0.014756
0.014975
0.014948
0.014610
0.014805
0.016318
0.013291
0.014834
0.022138
0.007890
0.019865
0.010360
0.014069
0.026645
0.004775
0.012921
0.014984
0.014689
0.014812
0.014885
0.014868
0.016051
0.033999
0.002726
0.009237
0.012229
0.014830
0.014889
0.014795
0.015994
0.015092
0.013283
0.014856
0.014708
0.014922
0.017991
0.011779
0.015171
0.014469
0.017150
0.012408
0.014847
0.020009
0.009613
0.015854
0.029335
0.003046
0.011641
0.014329
0.014805
0.015077
0.014406
0.022488
0.011559
0.010841
0.014734
0.014969
0.014526
0.014871
0.022162
0.007496
0.014850
0.026636
0.003763
0.014949
0.015773
0.013057
0.014825
0.014867
0.014701
0.020148
0.010741
0.015128
0.013403
0.014792
0.015850
0.013818
0.016895
0.012688
0.014876
0.016700
0.015188
0.012642
0.015561
0.013850
0.015064
0.014799
0.014777
0.026432
0.005604
0.012571
0.015102
0.014578
0.014820
0.014818
0.014765
0.014825
0.017153
0.013227
0.014072
0.015050
0.014730
0.014859
0.014761
0.014772
0.015324
0.015057
0.014614
0.014289
0.014949
0.016415
0.013144
0.015769
0.014134
0.014589
0.015209
0.015056
0.014268
0.014888
0.014857
0.014795
0.015310
0.019008
0.010516
0.016999
0.012257
0.015341
0.014509
0.014800
0.014775
0.014906
0.014642
0.014953
0.014746
0.014791
0.014883
0.015540
0.014281
0.019934
0.022329
0.002972
0.020301
0.021518
0.003013
0.013634
0.014952
0.014714
0.014847
0.014834
0.014842
0.016575
0.013371
0.024729
0.004734
0.017147
0.013525
0.013802
0.014691
0.014902
0.014809
0.014837
0.014939
0.014737
0.014944
0.015180
0.014931
0.014281
0.015983
0.013657
0.014662
0.015833
0.013915
0.014983
0.017060
0.012550
0.014852
0.018338
0.011795
0.014247
0.015959
0.014295
0.014429
0.015697
0.017967
0.012869
0.012792
0.015222
0.015366
0.013838
0.014826
0.014886
0.015471
0.027408
0.002983
0.020993
0.007111
0.015020
0.014931
0.014665
0.014869
0.014714
0.014806
0.015029
0.014966
0.015498
0.013990
0.014895
0.014618
0.015451
0.014463
0.014824
0.014879
0.014866
0.015136
0.014642
0.042736
0.003089
0.000268
0.012946
0.014819
0.044230
0.002947
0.000106
0.012331
0.014523
0.015198
0.014506
0.033512
0.003258
0.007711
0.014839
0.015145
0.014516
0.044520
0.015536
0.000296
0.003924
0.010036
0.014855
0.014817
0.015106
0.014584
0.014943
0.014760
0.014752
0.014827
0.042989
0.002888
0.000117
0.014360
0.014013
0.014745
0.014835
0.017386
0.012298
0.014798
0.014832
0.014970
0.014867
0.015164
0.015125
0.014153
0.014783
0.014884
0.021496
0.020536
0.002825
0.016009
0.013373
0.014759
0.014967
0.014815
0.014803
0.014866
0.014831
0.015000
0.014883
0.014663
0.014879
0.014788
0.014948
0.045695
0.002892
0.000154
0.010541
0.014832
0.014806
0.014892
0.014872
0.041285
0.000195
0.003001
0.014763
0.014854
0.014876
0.014873
0.014848
0.014848
0.015506
0.014238
0.015907
0.013766
0.019186
0.010470
0.014958
0.014671
0.014835
0.014869
0.014801
0.014879
0.042394
0.000214
0.003244
0.015087
0.013535
0.014827
0.014550
0.044774
0.000238
0.003217
0.011189
0.014791
0.015478
0.014253
0.034057
0.003087
0.007355
0.015027
0.014765
0.016185
0.013620
0.038224
0.006269
0.005471
0.009239
0.014810
0.014859
0.014791
0.035204
0.004277
0.005101
0.014936
0.016481
0.013264
0.014368
0.042424
0.014077
0.000264
0.005016
0.012515
0.014644
0.015040
0.014842
0.015737
0.013987
0.014774
0.014842
0.014854
0.014800
0.014719
0.014829
0.014819
0.014814
0.014696
0.015048
0.014847
0.014865
0.014539
0.015349
0.015376
0.014262
0.014549
0.014887
0.014815
0.014762
0.015129
0.014599
0.014765
0.014794
0.014713
0.015877
0.015863
0.012945
0.014707
0.025768
0.003886
0.014853
0.040113
0.002988
0.003007
0.013265
0.014847
0.014856
0.014792
0.014745
0.014827
0.014795
0.015297
0.014375
0.016781
0.012949
0.041648
0.005451
0.000259
0.013442
0.013478
0.016007
0.013320
0.042085
0.003071
0.000258
0.014127
0.014728
0.014779
0.015251
0.014421
0.014810
0.014913
0.014797
0.017323
0.012346
0.014822
0.014821
0.014904
0.014696
0.014803
0.014930
0.014785
0.014791
0.020287
0.010265
0.015153
0.016267
0.012203
0.016088
0.015594
0.012923
0.042330
0.002672
0.000261
0.014022
0.014809
0.056969
0.000260
0.000136
0.002278
0.014464
0.015066
0.040880
0.002590
0.002621
0.013049
0.014722
0.014921
0.014789
0.014667
0.015019
0.015274
0.014176
0.015005
0.014775
0.014826
0.014968
0.014818
0.020016
0.009696
0.014761
0.017296
0.012270
0.014705
0.014950
0.014918
0.015279
0.018201
0.011946
0.013879
0.015177
0.014405
0.016340
0.013352
0.014882
0.014835
0.014737
0.023100
0.006634
0.024551
0.005039
0.014840
0.014878
0.014927
0.015468
0.014659
0.014387
0.014839
0.014805
0.014701
0.014783
0.014961
0.014738
0.014965
0.014817
0.014754
0.014934
0.015237
0.014676
0.014890
0.014526
0.014724
0.014968
0.014767
0.015801
0.013947
0.014707
0.014910
0.014841
0.015552
0.014014
0.014950
0.014865
0.014832
0.014899
0.014828
0.014749
0.014816
0.014923
0.014698
0.014942
0.014954
0.014755
0.014835
0.015022
0.014601
0.019205
0.035338
0.000277
0.004643
0.014680
0.014917
0.014799
0.014752
0.015270
0.014409
0.015442
0.019053
0.011844
0.013023
0.014925
0.014816
0.014840
0.014800
0.016040
0.013623
0.014940
0.014819
0.014822
0.063738
0.006511
0.000269
0.000139
0.003513
0.014654
0.014957
0.015929
0.013779
0.014946
0.014645
0.017051
0.012819
0.014620
0.014847
0.014799
0.015087
0.014666
0.014834
0.014808
0.014832
0.014897
0.014627
0.014887
0.014682
0.015036
0.014858
0.014804
0.016107
0.013605
0.014748
0.014849
0.014702
0.015258
0.014480
0.014789
0.014778
0.014953
0.014917
0.014794
0.015424
0.014310
0.015272
0.014398
0.014881
0.014801
0.014892
0.014746
0.014928
0.014768
0.018747
0.010926
0.015303
0.014901
0.014454
0.014651
0.014945
0.014871
0.014750
0.014999
0.016490
0.013040
0.014894
0.014879
0.018151
0.012381
0.013927
0.015498
0.014087
0.014866
0.014780
0.015181
0.014643
0.015253
0.014402
0.015181
0.014418
0.014863
0.014711
0.014933
0.014974
0.014811
0.014789
0.016069
0.013685
0.015160
0.015105
0.014212
0.014862
0.014887
0.014845
0.014874
0.024748
0.005425
0.014303
0.015261
0.014411
0.015187
0.014468
0.016296
0.013467
0.014755
0.016541
0.013200
0.015234
0.018310
0.010994
0.015108
0.014532
0.017453
0.012374
0.014765
0.014824
0.017435
0.012208
0.014855
0.019048
0.010671
0.015348
0.014131
0.016168
0.013730
0.014956
0.014634
0.014912
0.014623
0.024164
0.005727
0.024509
0.005169
0.014813
0.014814
0.018143
0.012119
0.015092
0.030062
0.003174
0.010633
0.014732
0.014852
0.015354
0.014223
0.015151
0.014389
0.014793
0.014960
0.014811
0.015006
0.014808
0.014752
0.014867
0.015444
0.014122
0.015990
0.013879
0.014786
0.014950
0.014773
0.015300
0.014315
0.015559
0.013968
0.015076
0.015004
0.014670
0.014827
0.015491
0.014107
0.014848
0.014699
0.014841
0.014807
0.015998
0.013904
0.014762
0.014893
0.014735
0.014844
0.015857
0.013666
0.014931
0.014941
0.014818
0.014771
0.014876
0.014810
0.014778
0.015173
0.014464
0.015292
0.014322
0.015379
0.014355
0.014800
0.014850
0.017080
0.012530
0.014802
0.015819
0.020404
0.008347
0.014978
0.015550
0.015141
0.013579
0.015022
0.014636
0.014813
0.015330
0.014392
0.014756
0.015570
0.014110
0.014809
0.014837
0.014856
0.015465
0.014029
0.015511
0.014342
0.014812
0.014846
0.014736
0.014859
0.014852
0.014883
0.015211
0.014398
0.014840
0.014726
0.014902
0.014776
0.014795
0.014857
0.014836
0.015159
0.029993
0.003035
0.011177
0.014750
0.014780
0.015220
0.014542
0.014679
0.014823
0.015025
0.015133
0.014421
0.015123
0.014498
0.014863
0.014838
0.015284
0.014385
0.030807
0.003095
0.020731
0.004682
0.015615
0.013946
0.023820
0.006781
0.013916
0.014792
0.014878
0.014808
0.014872
0.015240
0.014151
0.014998
0.014744
0.019389
0.010415
0.020058
0.009400
0.014885
0.014720
0.014910
0.017707
0.012422
0.016095
0.013045
0.014805
0.015479
0.014404
0.014841
0.014806
0.014729
0.014868
0.015229
0.014629
0.014742
0.015853
0.014437
0.029533
0.003133
0.027670
0.002982
0.010895
0.014187
0.014821
0.014829
0.014947
0.014692
0.014786
0.014723
0.014855
0.014976
0.014822
0.019076
0.010591
0.014724
0.019351
0.010306
0.014845
0.014695
0.014974
0.015593
0.014130
0.014805
0.014860
0.014703
0.014809
0.014743
0.014976
0.015102
0.041478
0.003064
0.000269
0.014352
0.015150
0.014459
0.014788
0.014713
0.014989
0.014898
0.014732
0.014876
0.014803
0.014768
0.014839
0.024577
0.005444
0.014393
0.014973
0.014811
0.014833
0.014864
0.014713
0.014839
0.014706
0.014888
0.014942
0.014787
0.017712
0.012051
0.014978
0.014722
0.014787
0.014799
0.014805
0.014947
0.014740
0.014912
0.014820
0.014838
0.014784
0.014839
0.014813
0.014867
0.014806
0.014923
0.014625
0.014793
0.014996
0.014989
0.014540
0.015070
0.016246
0.013775
0.014925
0.014365
0.014827
0.014790
0.014918
0.014864
0.014694
0.014899
0.021423
0.008236
0.026800
0.003001
0.027957
0.002886
0.013337
0.014935
0.014858
0.015089
0.014569
0.015088
0.014666
0.014725
0.014928
0.014750
0.014706
0.014962
0.014662
0.015052
0.014827
0.015258
0.022565
0.006803
0.014656
0.014759
0.015281
0.014508
0.016539
0.013179
0.014793
0.014856
0.014761
0.014877
0.014814
0.015374
0.014557
0.014616
0.014853
0.015162
0.014519
0.014719
0.014847
0.014818
0.015507
0.013993
0.015107
0.014862
0.015114
0.014648
0.015003
0.015711
0.013637
0.028738
0.004303
0.028069
0.003113
0.009984
0.014855
0.014747
0.015374
0.014313
0.014872
0.014853
0.015309
0.014404
0.014914
0.014716
0.014938
0.014848
0.014878
0.014699
0.018089
0.011561
0.017147
0.012630
0.015254
0.014902
0.014449
0.014797
0.017369
0.012341
0.014827
0.014895
0.014790
0.014833
0.022260
0.008522
0.022866
0.005613
0.014864
0.014906
0.014855
0.015090
0.014579
0.014854
0.014871
0.016934
0.012653
0.014811
0.014859
0.022244
0.007467
0.023279
0.008440
0.012813
0.014726
0.014877
0.014879
0.014900
0.014822
0.015314
0.014373
0.015233
0.014439
0.015155
0.014430
0.014833
0.014961
0.014750
0.014913
0.014836
0.014875
0.014708
0.014976
0.014774
0.014856
0.014868
0.016734
0.012977
0.014900
0.014764
0.017634
0.012054
0.014780
0.014775
0.014780
0.015883
0.013995
0.015329
0.014330
0.014780
0.015165
0.015781
0.013409
0.015068
0.014827
0.014826
0.014744
0.014905
0.021356
0.008269
0.014896
0.014836
0.014690
0.015049
0.014952
0.014584
0.014960
0.014775
0.014686
0.014794
0.015481
0.014559
0.014659
0.014842
0.015540
0.026851
0.003471
0.027938
0.003286
0.011954
0.014713
0.016978
0.012840
0.014845
0.014854
0.014840
0.014850
0.014730
0.014877
0.014782
0.014972
0.014835
0.014769
0.014949
0.014574
0.015514
0.014294
0.014804
0.014723
0.015137
0.015267
0.014299
0.014736
0.014876
0.014929
0.022468
0.007081
0.023620
0.006955
0.013981
0.014824
0.017025
0.013906
0.014527
0.097315
0.000276
0.000144
0.000131
0.000127
0.000129
0.007427
0.012926
0.014669
0.099381
0.007928
0.000275
0.000141
0.000133
0.000129
0.000130
0.010990
0.013788
0.097611
0.008575
0.000272
0.000142
0.000131
0.000129
0.000129
0.011428
0.016500
0.097056
0.010905
0.000280
0.000237
0.000165
0.000136
0.000131
0.008485
0.014525
0.100158
0.003786
0.000350
0.000143
0.000132
0.000131
0.001940
0.011856
0.015637
0.099891
0.006470
0.000270
0.000142
0.000132
0.000128
0.000129
0.011503
0.015339
0.013602
0.014697
0.014795
0.014795
0.014948
0.015521
0.014154
0.014864
0.014685
0.014822
0.015020
0.014546
0.017216
0.012618
0.014818
0.014868
0.014715
0.014862
0.014782
0.014843
0.014708
0.015269
0.015005
0.014367
0.015265
0.014393
0.014768
0.014839
0.014806
0.014694
0.014906
0.014955
0.014767
0.014894
0.014859
0.014827
0.014760
0.014796
0.014866
0.014859
0.014866
0.014888
0.014810
0.014916
0.022812
0.006680
0.015627
0.014027
0.019567
0.010190
0.020903
0.012102
0.011419
0.014885
0.014857
0.014729
0.014818
0.014790
0.018908
0.010858
0.014801
0.014688
0.014733
0.015069
0.014639
0.014973
0.014817
0.014907
0.015125
0.014443
0.016287
0.013389
0.014893
0.014757
0.014783
0.014961
0.014810
0.014936
0.014749
0.014859
0.014793
0.014788
0.014772
0.014875
0.014686
0.015040
0.014911
0.014774
0.017083
0.012579
0.014821
0.014752
0.014838
0.014734
0.015016
0.015305
0.028060
0.005153
0.026686
0.002949
0.010794
0.014822
0.014697
0.014945
0.017447
0.012314
0.014868
0.014748
0.014840
0.014820
0.014837
0.015749
0.013880
0.015329
0.014447
0.014814
0.014841
0.014861
0.014625
0.014900
0.017828
0.011784
0.014955
0.014779
0.015319
0.015495
0.013781
0.014752
0.014788
0.014812
0.018932
0.011112
0.016248
0.014026
0.015401
0.014191
0.021446
0.007362
0.015145
0.014499
0.022681
0.008520
0.013702
0.014400
0.015113
0.014587
0.015301
0.014313
0.014888
0.015076
0.014521
0.014922
0.017223
0.012574
0.015140
0.016716
0.012939
0.016889
0.012439
0.019328
0.013894
0.011086
0.014995
0.014831
0.014821
0.022603
0.006946
0.015040
0.016926
0.064809
0.006098
0.000271
0.000146
0.003966
0.011443
0.014824
0.014997
0.014679
0.014924
0.015200
0.015200
0.014140
0.014766
0.014846
0.014731
0.014858
0.016009
0.013812
0.014743
0.014938
0.014747
0.016055
0.013579
0.014750
0.015044
0.014790
0.014783
0.014812
0.014677
0.015031
0.014930
0.014748
0.014700
0.015204
0.014568
0.015654
0.014126
0.015066
0.014806
0.014632
0.014951
0.014506
0.015653
0.014292
0.014891
0.014731
0.014823
0.014827
0.014818
0.014835
0.016266
0.013297
0.014932
0.014864
0.014855
0.014820
0.014841
0.014778
0.014822
0.014755
0.015010
0.014732
0.014931
0.014774
0.014960
0.014813
0.014842
0.014818
0.014782
0.014886
0.014794
0.014829
0.015037
0.014766
0.015020
0.014711
0.014738
0.014642
0.017569
0.012328
0.014800
0.017168
0.012865
0.014511
0.014858
0.014777
0.014823
0.014914
0.014879
0.014790
0.014747
0.014980
0.014753
0.015021
0.014638
0.017167
0.012641
0.014803
0.014939
0.014775
0.014767
0.014906
0.015469
0.014157
0.014852
0.014889
0.014861
0.014808
0.014835
0.014833
0.014827
0.014867
0.014769
0.059358
0.007777
0.000275
0.000148
0.007795
0.013690
0.015205
0.014564
0.014782
0.014907
0.014682
0.015069
0.014789
0.014919
0.015266
0.014323
0.031200
0.002147
0.011564
0.027377
0.003216
0.013582
0.014780
0.014854
0.014913
0.014839
0.015232
0.014381
0.015209
0.014527
0.014880
0.014743
0.015071
0.014627
0.016900
0.012751
0.014878
0.014809
0.014879
0.014875
0.014755
0.014848
0.014704
0.014939
0.014827
0.014974
0.014716
0.014886
0.014837
0.014858
0.014618
0.016682
0.015264
0.012635
0.014730
0.014848
0.014839
0.015614
0.014497
0.015714
0.013426
0.015008
0.014628
0.014815
0.016738
0.013738
0.014413
0.014399
0.014870
0.014829
0.015307
0.014349
0.015009
0.014622
0.014973
0.014699
0.016772
0.012840
0.014862
0.015008
0.016277
0.013252
0.015148
0.014700
0.015022
0.014408
0.015342
0.014534
0.014886
0.015026
0.014531
0.014866
0.014772
0.014967
0.014823
0.014814
0.014652
0.015005
0.016816
0.012765
0.014902
0.018536
0.011233
0.014868
0.014674
0.015054
0.019931
0.009442
0.016552
0.013653
0.016066
0.013642
0.014179
0.015390
0.014338
0.016878
0.012787
0.016745
0.012749
0.014867
0.020590
0.009263
0.014707
0.015021
0.014709
0.014878
0.014775
0.018660
0.010788
0.015046
0.015127
0.014593
0.015049
0.014629
0.014798
0.014740
0.015617
0.013823
0.025806
0.005465
0.013657
0.015486
0.013877
0.014937
0.014694
0.014788
0.014787
0.014973
0.014784
0.014831
0.014747
0.015086
0.015317
0.014125
0.014822
0.014688
0.015289
0.014618
0.044354
0.025005
0.000302
0.000151
0.004408
0.014678
0.014805
0.014922
0.014832
0.014778
0.014879
0.014814
0.014833
0.014796
0.014838
0.014785
0.014961
0.014771
0.015262
0.014536
0.014895
0.014560
0.014908
0.014968
0.014603
0.014669
0.015015
0.014872
0.014728
0.015071
0.015031
0.014435
0.015225
0.014521
0.014721
0.014849
0.014947
0.015093
0.016987
0.012396
0.014818
0.014877
0.014732
0.014915
0.015401
0.015031
0.014014
0.014819
0.014832
0.014951
0.014582
0.015087
0.014710
0.014792
0.014855
0.014821
0.014849
0.014767
0.015972
0.013724
0.030624
0.003040
0.011642
0.027468
0.002966
0.013518
0.014396
0.020677
0.013276
0.010672
0.016965
0.012684
0.015171
0.014631
0.014654
0.014948
0.015034
0.014810
0.014742
0.014946
0.014787
0.014844
0.014809
0.014697
0.014913
0.014851
0.014667
0.015170
0.016477
0.013166
0.014930
0.014652
0.014704
0.014954
0.015615
0.013925
0.014817
0.014891
0.014963
0.014629
0.015041
0.014667
0.014927
0.014789
0.014813
0.014788
0.014905
0.014851
0.014851
0.014849
0.014828
0.014838
0.027560
0.002991
0.022845
0.005767
0.014998
0.014915
0.014723
0.015265
0.014824
0.014387
0.014906
0.014796
0.030513
0.003596
0.010468
0.027979
0.003365
0.013174
0.014813
0.014785
0.014821
0.014721
0.015050
0.014872
0.014785
0.014668
0.015495
0.014415
0.014723
0.015245
0.014267
0.024165
0.005598
0.014849
0.014896
0.014675
0.014998
0.014815
0.014796
0.014833
0.014987
0.014819
0.014707
0.014932
0.014832
0.014826
0.024336
0.005263
0.015652
0.013891
0.015098
0.016650
0.012863
0.015300
0.026380
0.002826
0.014833
0.014885
0.015312
0.015420
0.025488
0.003989
0.014085
0.014835
0.014793
0.015027
0.014766
0.014749
0.015633
0.014106
0.014824
0.016565
0.022575
0.005315
0.015184
0.014440
0.014950
0.014785
0.016374
0.013397
0.014929
0.014796
0.015143
0.016209
0.013439
0.014381
0.015247
0.014718
0.026530
0.003154
0.014589
0.014907
0.014795
0.015246
0.014790
0.014547
0.015282
0.029699
0.002959
0.011376
0.022953
0.006675
0.014925
0.014796
0.014926
0.014879
0.016385
0.013041
0.015015
0.014798
0.014834
0.014696
0.014902
0.014885
0.014971
0.014786
0.027002
0.002958
0.029377
0.005921
0.030308
0.003810
0.004376
0.014989
0.014909
0.014831
0.014857
0.014843
0.014842
0.014771
0.015416
0.014412
0.014738
0.017412
0.012305
0.014794
0.014949
0.014697
0.014847
0.032852
0.005288
0.006438
0.020763
0.009437
0.014338
0.014847
0.014822
0.015125
0.014481
0.015679
0.014087
0.014857
0.014855
0.019290
0.012335
0.012817
0.014879
0.014736
0.014777
0.015304
0.014577
0.015293
0.014389
0.014895
0.015754
0.014138
0.014488
0.014915
0.015908
0.013799
0.022248
0.007445
0.014799
0.014869
0.014646
0.014923
0.016351
0.014174
0.014307
0.015590
0.013911
0.014783
0.015660
0.015026
0.013827
0.021160
0.010844
0.015222
0.014572
0.012522
0.014754
0.014894
0.016976
0.012616
0.023208
0.014080
0.007215
0.027319
0.003580
0.013935
0.014590
0.014791
0.018132
0.011485
0.014899
0.014842
0.022230
0.007342
0.024327
0.007273
0.012844
0.014902
0.015236
0.014511
0.015633
0.013991
0.016386
0.013663
0.014346
0.014836
0.028120
0.002982
0.027878
0.003422
0.011828
0.016026
0.013609
0.014642
0.015022
0.014813
0.014950
0.014944
0.014740
0.014854
0.014676
0.014850
0.014824
0.014870
0.014698
0.014854
0.014829
0.014898
0.021395
0.008662
0.014247
0.014975
0.014792
0.015557
0.014107
0.018340
0.011180
0.014996
0.014911
0.014806
0.014831
0.014816
0.025270
0.019423
0.003032
0.014367
0.012232
0.014477
0.014931
0.014863
0.014765
0.015103
0.015932
0.013351
0.015087
0.014814
0.015314
0.014226
0.014912
0.014889
0.014684
0.014989
0.014528
0.014944
0.027712
0.003150
0.013748
0.016195
0.022079
0.012572
0.008268
0.016242
0.014290
0.014413
0.016306
0.013794
0.014075
0.015123
0.015066
0.014223
0.040538
0.003032
0.002993
0.015794
0.011654
0.014996
0.014667
0.014907
0.015676
0.013840
0.015063
0.019880
0.010485
0.015748
0.019459
0.015100
0.039066
0.004401
0.000289
0.009758
0.015307
0.015586
0.022937
0.006272
0.014635
0.014117
0.014184
0.014802
0.019245
0.010503
0.020993
0.014717
0.030762
0.003746
0.003848
0.014852
0.020979
0.012295
0.011243
0.014839
0.014817
0.014666
0.016304
0.016257
0.012890
0.015153
0.013632
0.014768
0.014872
0.014949
0.014967
0.014980
0.015579
0.030031
0.000370
0.013493
0.014404
0.015489
0.016380
0.013018
0.015784
0.014372
0.013867
0.015875
0.027447
0.002983
0.013123
0.014840
0.016855
0.012825
0.014967
0.014575
0.014844
0.015016
0.017248
0.012508
0.014734
0.014793
0.016402
0.021271
0.007706
0.017859
0.011127
0.014602
0.014914
0.014828
0.014853
0.014799
0.017765
0.011776
0.015828
0.014359
0.014440
0.014862
0.015001
0.015832
0.013670
0.014747
0.014699
0.014934
0.015940
0.017823
0.010848
0.022599
0.006978
0.014839
0.014900
0.014774
0.015400
0.014186
0.015035
0.014914
0.014696
0.014919
0.014854
0.014757
0.017259
0.012804
0.014382
0.014996
0.015402
0.014212
0.014846
0.014803
0.014910
0.014956
0.015745
0.013767
0.014856
0.014660
0.014906
0.019909
0.009789
0.015278
0.014319
0.015366
0.014786
0.014770
0.014601
0.014758
0.014853
0.014839
0.015800
0.013804
0.014847
0.014825
0.014935
0.014766
0.019081
0.010576
0.015037
0.016109
0.013331
0.014815
0.014877
0.014877
0.014832
0.014847
0.014736
0.014891
0.014622
0.014989
0.015162
0.014490
0.015231
0.014836
0.014716
0.014616
0.014763
0.014911
0.014819
0.014826
0.014665
0.014921
0.015230
0.014573
0.015056
0.014673
0.014680
0.014851
0.014745
0.014789
0.015083
0.014805
0.014907
0.014660
0.015187
0.014531
0.015098
0.014598
0.015301
0.014440
0.014849
0.014847
0.014922
0.014807
0.014844
0.014736
0.018447
0.011177
0.014876
0.014892
0.014749
0.015258
0.014412
0.016291
0.014605
0.013439
0.014903
0.014927
0.014924
0.014766
0.016742
0.013097
0.014787
0.015060
0.014553
0.014839
0.014683
0.015163
0.014736
0.014868
0.015049
0.014672
0.017898
0.011564
0.015076
0.020386
0.009268
0.015192
0.014578
0.015027
0.014622
0.014736
0.014912
0.017599
0.012006
0.014722
0.015034
0.015321
0.014294
0.014911
0.014752
0.015192
0.014498
0.014758
0.015037
0.014797
0.014872
0.014831
0.014782
0.014916
0.062327
0.006333
0.000289
0.000155
0.005196
0.014785
0.015912
0.015672
0.019095
0.008654
0.014747
0.015449
0.014330
0.014858
0.014829
0.017801
0.011868
0.014836
0.016233
0.013383
0.014818
0.014695
0.015797
0.014098
0.014739
0.014867
0.015766
0.013955
0.016407
0.013171
0.015163
0.014687
0.014918
0.014763
0.015665
0.015036
0.014052
0.014558
0.015175
0.014553
0.014868
0.014619
0.015748
0.013997
0.014987
0.014935
0.014663
0.014813
0.014761
0.015143
0.014686
0.014881
0.014769
0.014968
0.015916
0.013626
0.015245
0.014440
0.014927
0.014846
0.015064
0.014505
0.014786
0.014847
0.015721
0.013989
0.015274
0.014428
0.015312
0.014354
0.014891
0.014894
0.014709
0.014840
0.014803
0.014726
0.015069
0.014819
0.014811
0.014728
0.014945
0.015141
0.014414
0.014679
0.017865
0.012191
0.014637
0.017431
0.012125
0.014952
0.019383
0.011128
0.020335
0.008389
0.028261
0.003015
0.013209
0.030599
0.000320
0.013574
0.017211
0.012360
0.014824
0.014895
0.014878
0.014801
0.014762
0.016675
0.013341
0.014502
0.014858
0.014639
0.015762
0.063326
0.007168
0.000291
0.000158
0.004093
0.024449
0.003850
0.014412
0.014852
0.014989
0.014871
0.014747
0.014901
0.014882
0.014891
0.014640
0.017320
0.012204
0.015016
0.014816
0.014729
0.014895
0.014827
0.014794
0.015115
0.014556
0.014644
0.015081
0.014768
0.014761
0.017644
0.012109
0.014747
0.015728
0.013922
0.014766
0.015046
0.016086
0.013576
0.015303
0.014310
0.014641
0.014813
0.016036
0.013652
0.014771
0.014843
0.015305
0.014340
0.014909
0.014826
0.014772
0.014945
0.014755
0.016956
0.012869
0.017958
0.012107
0.014269
0.014880
0.014906
0.014581
0.014950
0.014887
0.015106
0.014594
0.014862
0.014788
0.014788
0.014712
0.016165
0.013616
0.015128
0.014636
0.014757
0.014921
0.016352
0.013264
0.014853
0.014812
0.014810
0.015792
0.014037
0.014646
0.014934
0.014945
0.015155
0.014332
0.015185
0.014424
0.014919
0.014861
0.014562
0.018063
0.011809
0.014742
0.014899
0.014773
0.014897
0.014762
0.014908
0.014753
0.014898
0.014820
0.014849
0.015050
0.015011
0.014365
0.014824
0.014895
0.014773
0.025343
0.004333
0.015990
0.013702
0.015310
0.014338
0.014893
0.014750
0.014922
0.016113
0.013508
0.023494
0.008913
0.012158
0.014714
0.014859
0.015565
0.014158
0.014834
0.015001
0.021639
0.007643
0.015002
0.015054
0.014578
0.015043
0.014717
0.014874
0.014721
0.014860
0.014807
0.033786
0.002639
0.008472
0.014486
0.015197
0.014499
0.014786
0.014778
0.014804
0.014766
0.014945
0.014779
0.014962
0.014829
0.018310
0.011379
0.014778
0.014818
0.014834
0.014772
0.014892
0.014911
0.014685
0.014904
0.014914
0.014761
0.015668
0.014421
0.014280
0.015340
0.014501
0.015913
0.013843
0.014486
0.014877
0.014774
0.014918
0.014933
0.014755
0.015065
0.014673
0.015456
0.014353
0.014763
0.014884
0.014721
0.014735
0.015027
0.014837
0.014819
0.016968
0.012646
0.014881
0.014769
0.014838
0.014683
0.015028
0.015081
0.014794
0.014709
0.015047
0.014506
0.015035
0.014709
0.014985
0.014746
0.014782
0.014743
0.014733
0.015047
0.015177
0.014394
0.014903
0.014699
0.014995
0.014817
0.015208
0.014478
0.014823
0.014770
0.014879
0.014797
0.014819
0.014831
0.014966
0.015131
0.014511
0.014894
0.020639
0.008986
0.014630
0.014987
0.014677
0.014938
0.015012
0.014727
0.014924
0.014774
0.024345
0.021399
0.003055
0.010429
0.014816
0.014757
0.015305
0.014501
0.015151
0.014533
0.014821
0.016388
0.013219
0.014851
0.014828
0.015274
0.014612
0.014948
0.014715
0.014836
0.014878
0.016517
0.014058
0.014037
0.014721
0.014684
0.026209
0.008122
0.010657
0.015296
0.013959
0.014887
0.014984
0.015866
0.016770
0.011875
0.019900
0.022604
0.002709
0.014988
0.013964
0.023760
0.005908
0.014906
0.014898
0.014808
0.014840
0.014823
0.018262
0.014597
0.014602
0.023831
0.003432
0.014926
0.014716
0.015896
0.013705
0.018151
0.011115
0.014930
0.014877
0.015703
0.013928
0.014783
0.014833
0.014850
0.014733
0.015565
0.014107
0.014926
0.018350
0.011281
0.015229
0.014496
0.014946
0.014830
0.014830
0.015286
0.014428
0.019439
0.010390
0.015380
0.014127
0.031191
0.003086
0.010187
0.017373
0.012349
0.014980
0.027954
0.006837
0.009710
0.027322
0.003018
0.014471
0.014448
0.016404
0.013599
0.014597
0.014824
0.030862
0.002605
0.010977
0.014801
0.015023
0.014793
0.014662
0.014968
0.019447
0.011100
0.017433
0.011346
0.015168
0.014527
0.016069
0.014702
0.016782
0.013537
0.013170
0.014862
0.014721
0.014973
0.014817
0.016068
0.013669
0.014854
0.015397
0.014253
0.015380
0.014170
0.014911
0.014829
0.014946
0.024749
0.023968
0.003121
0.028543
0.000307
0.008332
0.014685
0.018170
0.011529
0.015412
0.014954
0.014214
0.020215
0.009355
0.017965
0.011660
